1024 180
6 35
6 6 6 6 6 6 6 6 6 6 6 6 6 6 6 6 6 6 6 6 6 6 6 6 6 6 6 6 6 6 6 6 6 6 6 6 6 6 6 6 6 6 6 6 6 6 6 6 6 6 6 6 6 6 6 6 6 6 6 6 6 6 6 6 6 6 6 6 6 6 6 6 6 6 6 6 6 6 6 6 6 6 6 6 6 6 6 6 6 6 6 6 6 6 6 6 6 6 6 6 6 6 6 6 6 6 6 6 6 6 6 6 6 6 6 6 6 6 6 6 6 6 6 6 6 6 6 6 6 6 6 6 6 6 6 6 6 6 6 6 6 6 6 6 6 6 6 6 6 6 6 6 6 6 6 6 6 6 6 6 6 6 6 6 6 6 6 6 6 6 6 6 6 6 6 6 6 6 6 6 6 6 6 6 6 6 6 6 6 6 6 6 6 6 6 6 6 6 6 6 6 6 6 6 6 6 6 6 6 6 6 6 6 6 6 6 6 6 6 6 6 6 6 6 6 6 6 6 6 6 6 6 6 6 6 6 6 6 6 6 6 6 6 6 6 6 6 6 6 6 6 6 6 6 6 6 6 6 6 6 6 6 6 6 6 6 6 6 6 6 6 6 6 6 6 6 6 6 6 6 6 6 6 6 6 6 6 6 6 6 6 6 6 6 6 6 6 6 6 6 6 6 6 6 6 6 6 6 6 6 6 6 6 6 6 6 6 6 6 6 6 6 6 6 6 6 6 6 6 6 6 6 6 6 6 6 6 6 6 6 6 6 6 6 6 6 6 6 6 6 6 6 6 6 6 6 6 6 6 6 6 6 6 6 6 6 6 6 6 6 6 6 6 6 6 6 6 6 6 6 6 6 6 6 6 6 6 6 6 6 6 6 6 6 6 6 6 6 6 6 6 6 6 6 6 6 6 6 6 6 6 6 6 6 6 6 6 6 6 6 6 6 6 6 6 6 6 6 6 6 6 6 6 6 6 6 6 6 6 6 6 6 6 6 6 6 6 6 6 6 6 6 6 6 6 6 6 6 6 6 6 6 6 6 6 6 6 6 6 6 6 6 6 6 6 6 6 6 6 6 6 6 6 6 6 6 6 6 6 6 6 6 6 6 6 6 6 6 6 6 6 6 6 6 6 6 6 6 6 6 6 6 6 6 6 6 6 6 6 6 6 6 6 6 6 6 6 6 6 6 6 6 6 6 6 6 6 6 6 6 6 6 6 6 6 6 6 6 6 6 6 6 6 6 6 6 6 6 6 6 6 6 6 6 6 6 6 6 6 6 6 6 6 6 6 6 6 6 6 6 6 6 6 6 6 6 6 6 6 6 6 6 6 6 6 6 6 6 6 6 6 6 6 6 6 6 6 6 6 6 6 6 6 6 6 6 6 6 6 6 6 6 6 6 6 6 6 6 6 6 6 6 6 6 6 6 6 6 6 6 6 6 6 6 6 6 6 6 6 6 6 6 6 6 6 6 6 6 6 6 6 6 6 6 6 6 6 6 6 6 6 6 6 6 6 6 6 6 6 6 6 6 6 6 6 6 6 6 6 6 6 6 6 6 6 6 6 6 6 6 6 6 6 6 6 6 6 6 6 6 6 6 6 6 6 6 6 6 6 6 6 6 6 6 6 6 6 6 6 6 6 6 6 6 6 6 6 6 6 6 6 6 6 6 6 6 6 6 6 6 6 6 6 6 6 6 6 6 6 6 6 6 6 6 6 6 6 6 6 6 6 6 6 6 6 6 6 6 6 6 6 6 6 6 6 6 6 6 6 6 6 6 6 6 6 6 6 6 6 6 6 6 6 6 6 6 6 6 6 6 6 6 6 6 6 6 6 6 6 6 6 6 6 6 6 6 6 6 6 6 6 6 6 6 6 6 6 6 6 6 6 6 6 6 6 6 6 6 6 6 6 6 6 6 6 6 6 6 6 6 6 6 6 6 6 6 6 6 6 6 6 6 6 6 6 6 6 6 6 6 6 6 6 6 6 6 6 6 6 6 6 6 6 6 6 6 6 6 6 6 6 6 6 6 6 6 6 6 6 6 6 6 6 6 6 6 6 6 6 6 6 6 6 6 6 6 6 6 6 6 6 6 6 6 6 6 6 6 6 6 6 6 6 6 6 6 6 6 6 6 6 6 6 6 6 6 6 6 6 6 6 6 6 6 6 6 6 6 6 6 6 6 6 6 6 6 6 6 6 6 6 6 6 6 6 6 6 6 6 6 6 6 6 6 6 6 6 6 6 6 6 6 6 6 6 6 6 6 6 6 6 6 6 6 6 6 6 6 6 6 6 6 6 6
35 34 34 34 34 34 34 34 34 34 34 34 34 34 34 34 34 35 34 34 35 34 34 35 34 34 34 34 34 34 34 34 35 34 34 34 34 34 34 35 34 34 34 35 34 34 34 34 34 34 34 34 34 34 34 34 34 35 34 34 34 34 34 34 34 34 35 34 34 34 34 34 34 34 34 34 34 34 35 34 34 35 34 34 34 34 34 34 34 34 34 34 34 34 34 34 34 34 34 34 34 34 34 34 34 34 35 34 34 34 34 34 34 34 34 34 34 34 34 34 34 34 34 34 34 34 34 34 34 34 34 34 34 35 35 35 35 34 34 34 34 34 34 35 34 34 34 35 34 34 34 34 34 34 34 34 35 35 34 34 35 35 34 34 34 34 35 34 34 34 34 34 34 35 34 34 34 34 34 34
1 69 102 121 140 176
2 16 48 61 116 178
3 21 30 32 44 47
4 7 12 41 43 127
5 82 99 120 153 174
6 27 79 92 101 137
8 13 63 77 135 159
9 20 50 52 86 124
10 58 74 96 126 142
11 37 136 143 171 177
14 17 64 71 85 170
15 31 113 145 149 150
18 51 75 88 144 169
19 46 93 117 154 160
22 55 56 95 105 128
23 78 91 156 162 179
24 62 107 123 139 180
25 29 80 108 109 146
26 68 72 106 119 152
28 33 38 40 132 141
34 42 49 65 67 158
35 39 89 98 115 129
36 155 163 166 172 173
45 73 76 94 138 167
53 59 60 104 112 122
54 97 110 114 125 161
57 66 83 84 100 148
70 103 131 151 164 168
81 87 90 130 134 147
111 118 133 157 165 175
1 8 19 22 138 173
2 17 21 37 41 83
3 38 72 80 122 165
4 101 126 149 166 180
5 18 52 74 89 161
6 29 49 70 81 179
7 40 45 125 163 164
9 15 47 62 95 134
10 32 61 67 69 175
11 23 24 75 157 160
12 53 99 102 130 144
13 39 100 113 140 146
14 33 90 96 106 117
16 28 77 79 104 114
20 78 121 128 141 171
25 55 94 135 142 177
26 98 103 107 147 178
27 66 76 82 111 156
30 46 73 92 110 115
31 109 116 154 155 174
34 36 64 105 119 169
35 85 88 133 168 172
42 48 84 93 112 124
43 44 68 91 129 159
50 51 71 108 118 167
54 56 87 127 137 148
57 58 63 120 123 132
59 139 143 145 151 158
60 97 136 162 170 176
65 86 131 150 152 153
1 71 91 92 116 139
2 18 56 73 152 179
3 5 14 22 79 143
4 29 93 95 120 170
6 44 75 100 128 178
7 8 119 124 145 157
9 11 27 102 132 168
10 24 53 68 148 164
12 31 33 55 103 118
13 61 78 90 151 166
15 35 41 58 114 138
16 86 129 165 173 177
17 40 52 109 159 175
19 21 101 141 144 158
20 83 98 126 169 174
23 39 50 59 125 142
25 36 48 123 150 156
26 66 67 97 135 172
28 76 85 87 113 160
30 36 70 104 127 171
32 54 99 108 117 180
34 94 130 133 154 161
37 65 107 110 122 140
38 69 89 137 155 167
42 43 82 88 147 176
45 47 49 57 60 106
46 51 121 134 153 163
62 72 77 84 115 162
46 63 64 80 149 178
74 105 111 131 136 146
11 81 112 126 159 167
70 96 97 113 144 165
1 33 60 72 120 125
2 29 34 59 117 172
3 7 66 81 116 153
4 15 100 107 161 175
5 48 68 118 132 140
6 37 99 124 149 162
8 27 32 65 96 134
9 12 54 64 88 142
10 29 76 86 101 169
13 16 24 38 82 98
14 49 102 115 150 157
17 26 55 92 104 174
18 79 103 156 170 173
19 35 62 78 127 146
20 22 91 123 130 151
21 39 45 69 75 119
23 67 80 83 93 138
25 41 56 85 106 121
28 30 163 177 179 180
31 57 78 110 143 147
40 53 84 105 135 145
42 52 73 137 154 166
43 74 108 122 155 160
44 89 90 111 114 171
47 50 109 128 129 151
4 51 58 77 133 152
61 63 72 94 136 139
15 42 71 87 141 164
68 95 112 131 158 176
48 51 117 136 148 168
1 9 40 118 126 131
2 35 144 164 174 175
3 19 34 90 145 152
5 73 87 88 128 135
6 85 86 89 119 125
7 11 123 133 169 178
8 43 46 105 106 161
10 17 27 81 99 143
12 25 49 59 76 96
13 33 44 54 84 147
14 75 94 111 120 127
16 60 108 149 153 158
18 62 67 82 116 166
20 23 32 56 114 170
21 93 103 148 157 172
22 64 69 113 122 139
24 63 97 100 109 134
26 45 74 102 124 179
28 65 98 101 154 159
30 37 58 91 168 176
31 47 70 77 132 137
36 50 95 121 147 160
38 41 107 115 130 173
39 52 110 156 165 180
53 71 79 138 146 177
55 61 129 140 150 162
57 80 101 112 142 155
65 66 104 141 163 167
13 83 86 103 139 171
33 87 92 112 133 146
1 18 85 148 159 178
2 74 82 125 134 141
3 4 46 56 104 157
5 23 27 54 116 122
6 60 118 152 171 173
7 16 84 130 138 140
8 24 29 142 149 174
9 31 51 61 119 161
10 25 43 79 115 145
11 12 32 106 113 131
14 42 55 109 163 168
15 96 129 156 158 169
17 62 66 124 132 154
19 44 50 58 88 137
20 30 49 94 97 155
21 68 71 123 126 127
22 36 47 51 92 179
26 34 41 63 111 170
28 81 83 150 151 176
35 70 95 102 122 180
37 52 53 69 76 80
38 59 64 114 120 166
39 90 136 153 172 175
40 57 77 89 93 165
45 48 72 98 99 128
33 67 100 110 144 167
73 75 123 143 162 164
27 78 105 107 108 177
91 102 135 137 160 164
7 70 79 109 117 121
1 15 101 132 174 177
2 68 145 146 162 165
3 64 75 82 108 135
4 32 52 62 97 153
5 41 93 125 131 144
6 63 67 74 113 127
8 18 21 81 115 180
9 19 87 104 129 149
10 23 34 110 124 163
11 47 119 130 170 175
12 16 22 89 121 148
13 49 58 85 99 154
14 36 44 53 133 167
17 42 72 86 107 155
20 39 66 88 103 160
24 26 40 50 61 117
25 28 31 73 112 178
29 45 46 55 139 173
30 35 56 65 136 151
37 95 126 138 141 172
38 48 57 105 158 159
43 71 77 98 134 142
54 120 128 150 168 179
59 78 92 111 152 176
60 83 90 91 140 157
69 94 96 100 114 143
76 84 131 161 166 171
80 106 116 118 147 156
30 109 111 153 167 169
1 75 105 154 163 171
2 47 63 84 114 180
3 20 36 129 132 176
4 48 53 119 143 155
5 16 67 92 147 168
6 12 46 62 112 156
7 21 76 106 122 135
8 10 107 113 137 152
9 23 55 77 158 175
11 15 28 50 165 166
13 42 60 116 148 150
14 69 70 72 83 130
17 18 128 133 162 177
19 54 91 115 124 169
22 38 43 78 96 164
24 35 71 73 80 145
25 34 66 134 138 174
26 27 88 89 136 149
29 39 44 64 102 118
31 108 121 139 142 157
32 33 57 74 95 104
37 87 94 117 123 179
40 56 59 99 173 178
41 100 120 141 151 160
45 52 68 85 90 103
49 51 82 86 110 159
58 81 98 144 161 170
38 61 93 97 101 146
20 65 79 125 127 172
27 115 126 140 163 175
1 59 63 106 128 144
2 19 26 95 118 143
3 8 16 99 131 155
4 13 21 136 142 160
5 36 55 102 146 159
6 7 31 35 52 167
9 113 135 141 147 179
10 14 41 54 140 165
11 51 94 109 150 172
12 71 81 122 133 173
15 37 61 66 74 137
17 22 68 88 111 134
18 30 43 53 83 101
23 100 108 112 132 166
24 70 76 91 119 154
25 50 72 75 103 176
28 42 64 89 117 174
29 33 85 114 124 151
32 34 46 78 123 168
39 47 97 116 121 149
40 73 107 127 153 157
44 48 65 164 169 180
45 80 82 84 104 126
49 79 105 130 152 178
56 90 92 93 156 177
57 69 87 138 145 171
58 67 125 139 148 162
60 75 77 96 110 141
44 62 86 158 168 170
8 98 102 104 120 162
7 53 63 92 129 161
1 3 58 84 117 134
2 72 79 89 91 166
4 36 74 90 148 174
5 19 40 96 121 180
6 34 71 114 129 155
9 16 43 70 73 150
10 26 35 82 87 109
11 29 98 105 122 127
12 28 51 69 146 158
13 62 68 125 149 175
14 15 20 112 144 154
17 77 101 119 131 172
18 49 78 120 139 140
21 42 46 118 145 179
22 24 116 136 165 167
23 47 64 99 111 164
25 37 45 54 81 157
27 38 39 55 123 171
30 50 107 138 143 170
31 88 106 130 153 177
32 59 83 94 115 137
33 48 52 108 126 176
41 57 103 124 152 161
56 80 86 133 160 163
60 67 76 128 142 159
61 65 95 132 135 156
66 85 93 147 169 173
8 36 82 97 151 178
3 31 37 48 100 101
25 35 53 110 113 170
1 43 162 166 168 169
2 27 112 113 130 157
4 23 57 140 151 167
5 6 38 58 94 145
7 73 147 155 158 177
9 32 85 128 138 165
10 15 75 102 133 153
11 79 90 110 118 149
12 29 60 126 137 143
13 55 121 122 132 164
14 21 63 86 95 98
16 69 127 141 159 180
17 96 115 160 176 178
18 50 64 131 134 175
19 45 83 108 114 156
20 34 47 54 89 146
22 62 74 117 144 152
24 41 52 67 88 171
26 33 51 70 93 139
28 80 97 99 123 129
30 39 40 87 150 161
42 77 92 106 120 136
44 61 81 105 142 148
46 59 71 100 103 119
49 68 84 107 116 163
56 72 78 109 124 135
65 97 111 173 174 179
51 66 91 95 107 125
76 100 104 105 172 176
10 37 92 103 135 154
1 2 14 45 50 123
3 49 146 160 171 174
4 19 60 66 73 99
5 15 30 98 117 119
6 16 20 40 111 139
7 38 62 65 128 143
8 17 56 112 118 141
9 41 48 78 81 94
11 46 61 76 88 152
12 26 108 115 138 164
13 43 47 72 131 156
18 31 39 93 122 168
21 77 121 150 169 177
22 33 82 129 145 175
23 69 85 101 120 134
24 54 102 106 126 155
25 71 74 84 153 154
27 104 109 147 161 165
28 36 52 57 91 96
29 53 67 87 157 178
32 55 80 110 127 151
34 58 113 136 159 166
35 64 125 130 137 179
42 59 70 90 133 170
44 116 132 144 162 172
63 68 83 89 142 173
75 79 86 148 167 180
31 72 82 114 158 163
3 77 111 124 140 147
1 55 65 70 149 157
2 40 108 128 140 154
4 24 37 105 113 173
5 81 95 114 127 178
6 15 39 53 120 176
7 22 50 94 98 171
8 49 71 143 165 168
9 10 30 38 66 106
11 44 57 59 121 174
12 35 63 90 116 169
13 18 46 107 129 172
14 27 29 91 97 141
16 36 78 122 142 144
17 20 51 84 149 164
19 33 47 155 161 162
21 110 117 138 153 166
23 43 60 92 130 180
25 67 68 101 104 160
26 54 62 131 133 145
28 61 100 124 125 126
32 79 87 93 132 159
34 48 56 75 76 115
41 42 69 74 123 135
45 86 88 96 109 112
52 102 119 148 151 163
58 80 103 167 175 179
10 64 73 83 129 136
42 85 139 146 152 156
89 99 118 134 170 177
1 5 97 137 150 158
2 30 99 133 142 158
3 6 9 45 148 170
4 54 76 109 132 178
7 68 113 114 115 168
8 11 64 95 101 116
12 34 61 73 98 180
13 23 127 143 161 169
14 28 46 58 60 131
15 93 121 136 152 155
16 39 51 62 80 105
17 29 135 138 150 163
18 35 57 72 92 141
19 70 71 75 89 147
20 21 25 27 90 167
22 37 63 102 112 125
24 56 77 130 146 176
26 36 43 128 137 175
31 69 81 86 117 162
32 41 49 118 164 172
33 50 83 111 154 177
38 53 134 149 151 179
40 47 65 85 123 166
44 74 87 106 110 139
48 59 66 79 157 171
52 94 140 144 160 173
55 84 88 119 120 156
67 78 103 126 145 153
60 79 82 107 124 165
6 13 91 104 108 134
73 96 122 151 159 174
1 7 78 87 100 170
2 11 25 120 148 155
3 68 98 109 110 130
4 31 45 135 144 171
5 21 26 49 56 113
8 88 90 94 121 146
9 17 82 103 122 136
10 18 44 63 108 150
12 66 105 114 165 179
14 142 145 161 164 176
15 29 36 69 115 131
16 50 91 93 106 174
19 27 52 61 84 128
20 80 85 92 140 153
22 65 119 126 177 178
23 33 37 62 71 159
24 32 58 64 72 112
28 35 43 48 55 111
30 57 76 137 149 173
34 86 97 104 156 175
38 47 75 125 152 168
39 83 117 127 132 158
40 41 101 147 162 167
42 51 129 138 157 180
46 89 116 133 141 143
53 54 77 100 139 154
59 67 95 123 161 163
70 118 124 148 160 166
70 74 92 99 169 172
81 96 102 107 145 154
1 51 130 141 142 156
2 49 55 62 100 169
3 11 54 103 138 162
4 40 71 86 176 179
5 46 77 126 164 171
6 21 43 84 132 165
7 27 47 58 93 110
8 20 28 59 68 75
9 14 34 39 57 99
10 104 118 119 123 144
12 52 79 83 135 155
13 64 87 96 153 173
15 33 45 56 91 143
16 31 32 63 76 124
17 48 95 106 129 137
18 24 60 65 114 121
19 41 133 134 136 150
22 25 26 30 140 166
23 35 81 131 139 177
29 74 94 107 159 168
36 37 67 98 108 111
38 112 127 147 163 174
42 101 105 115 125 151
44 66 78 117 131 149
50 82 144 146 157 179
53 72 73 90 97 160
61 80 89 102 158 172
69 77 88 116 125 170
85 132 142 171 175 180
61 91 109 113 120 138
122 134 143 166 167 178
24 94 128 152 163 170
1 37 89 109 127 164
2 58 92 97 119 122
3 18 71 112 137 151
4 38 102 116 117 177
5 31 43 59 85 107
6 68 76 133 147 180
7 60 86 146 154 172
8 39 41 108 148 169
9 26 42 53 162 173
10 12 72 161 168 178
11 45 67 70 141 176
13 17 34 35 69 165
14 52 82 101 113 121
15 22 23 48 49 135
16 46 54 57 75 175
19 74 80 98 100 157
20 87 115 118 120 158
21 36 65 88 99 139
25 62 114 126 130 136
27 30 69 124 129 174
28 39 84 95 152 167
29 32 35 40 51 160
17 33 63 73 78 79
44 56 96 103 123 140
6 47 83 105 141 153
50 55 66 145 155 180
64 90 104 107 128 132
81 93 111 119 135 149
104 106 111 143 150 159
43 66 102 110 123 136
20 37 38 44 77 156
1 30 52 64 146 147
2 4 80 88 124 150
3 50 60 113 163 169
5 103 105 110 112 129
7 24 42 96 108 175
8 45 53 93 158 166
9 18 33 58 59 109
10 65 117 120 130 171
11 31 41 62 91 99
12 87 140 152 172 174
13 14 48 89 92 162
15 27 106 142 170 178
16 49 74 101 133 156
19 55 57 86 116 126
21 22 28 29 133 155
23 40 46 68 79 97
25 57 61 127 131 179
26 85 91 100 122 177
26 32 75 81 84 121
34 77 83 95 144 149
36 59 73 126 134 168
47 94 101 148 165 176
51 54 67 72 151 173
56 63 82 154 164 167
70 115 153 156 159 161
71 78 125 150 160 180
76 98 114 123 141 145
2 75 90 137 138 139
15 34 81 92 118 128
20 95 109 157 166 177
1 6 23 36 61 107
2 3 33 76 127 136
4 22 27 42 83 159
5 35 44 124 173 176
7 30 48 54 80 90
8 9 60 74 164 177
10 11 13 71 93 128
12 24 48 85 104 110
14 62 108 137 174 178
16 18 47 102 113 143
17 19 39 43 65 94
21 66 89 112 120 175
25 65 69 105 144 168
28 41 53 70 116 142
29 78 88 154 158 165
31 38 67 131 140 169
32 68 139 155 178 179
37 50 97 132 148 152
40 55 82 115 170 172
45 51 63 87 122 162
15 46 84 99 146 151
49 52 75 114 117 142
37 56 79 134 139 161
58 100 118 129 135 153
64 92 121 127 145 167
72 96 105 138 147 149
73 106 125 133 171 176
33 35 86 134 135 157
41 98 132 143 146 163
8 42 103 111 128 130
44 79 99 119 160 179
1 24 31 111 151 172
3 23 52 63 115 141
4 10 47 122 138 158
5 84 101 108 123 170
6 32 136 157 161 174
7 36 83 85 112 162
9 46 83 96 120 167
11 20 53 82 117 137
2 12 107 109 149 160
13 40 70 110 120 152
14 43 51 56 81 100
16 21 55 64 97 154
15 17 59 80 130 148
18 29 61 147 153 164
19 28 82 106 140 168
22 54 73 93 118 163
18 25 77 86 87 91
26 37 57 90 144 150
16 27 72 95 145 169
30 89 113 126 128 156
34 68 74 93 150 171
38 45 111 121 129 178
39 49 73 104 131 173
50 57 67 114 119 164
25 58 116 124 158 180
60 71 94 102 166 175
62 76 81 103 155 165
33 66 69 98 152 166
3 24 39 78 133 159
49 88 122 123 148 175
26 46 125 132 155 169
1 10 62 88 98 167
4 8 30 34 72 85
2 5 64 66 70 177
6 18 54 55 96 130
7 39 56 61 71 144
9 44 76 125 146 153
11 17 140 158 161 179
12 27 36 45 120 154
13 74 109 119 176 180
14 47 80 135 139 169
19 67 102 105 170 174
20 63 69 71 99 107
21 24 87 124 143 156
22 114 131 137 147 157
23 38 84 86 118 136
28 47 90 108 127 173
29 43 103 104 113 116
29 31 42 56 58 68
32 89 101 122 145 163
14 35 59 149 155 159
40 69 92 95 142 151
41 77 97 112 168 180
27 48 60 64 138 160
50 53 65 74 78 115
5 37 51 106 115 165
21 52 60 70 129 134
4 9 63 75 91 172
79 80 94 141 162 174
10 100 121 131 159 162
72 110 126 148 154 179
6 73 95 117 146 175
56 62 101 102 129 171
1 4 26 28 94 110
3 12 42 97 167 177
7 25 33 46 137 165
8 15 54 70 78 86
11 19 48 77 151 153
13 32 66 126 133 144
16 41 68 96 128 157
17 50 76 110 116 168
20 57 81 108 136 163
22 35 99 103 132 150
23 29 82 96 119 171
30 55 67 112 134 152
22 31 34 84 127 160
9 36 93 100 130 145
38 51 83 113 124 175
31 40 44 49 98 138
43 112 117 135 140 170
45 97 107 118 142 169
52 92 123 125 157 158
53 58 61 62 75 106
59 88 93 102 108 141
23 41 65 87 89 176
24 47 55 69 79 147
50 73 85 141 149 161
32 77 90 105 109 143
48 74 91 121 173 175
21 58 104 140 164 178
10 56 57 111 125 166
114 128 139 149 167 172
2 9 98 121 151 156
1 16 35 42 66 119
3 13 27 41 51 59
5 63 65 138 155 175
6 24 103 115 144 177
7 34 88 91 131 132
8 61 79 122 154 176
11 33 36 49 80 180
12 75 92 124 159 170
14 107 134 148 156 171
15 26 105 116 123 160
17 45 89 100 152 180
18 38 90 99 126 135
19 25 97 139 159 164
20 43 64 76 93 143
24 28 34 137 153 162
30 71 82 95 130 162
28 37 86 120 145 147
39 79 85 96 111 163
8 12 40 67 91 136
42 44 45 127 134 165
36 39 46 72 81 101
47 52 66 118 150 178
33 53 64 81 156 172
31 54 83 104 166 170
60 69 84 109 133 179
37 60 68 78 167 174
6 22 87 142 154 168
2 67 86 94 106 132
88 113 117 118 151 161
27 114 135 146 148 173
8 23 25 117 129 133
1 46 49 90 95 124
3 83 106 107 164 179
4 35 79 112 123 128
5 11 72 100 111 142
2 7 15 44 51 126
3 10 70 85 94 105
13 37 75 118 130 155
14 18 37 40 119 158
16 83 110 134 160 172
4 17 49 61 87 108
19 120 131 163 165 178
20 26 48 58 73 165
21 40 80 137 168 171
29 50 99 136 140 156
12 30 84 139 141 175
5 32 71 149 152 169
38 49 54 63 153 176
34 43 62 120 157 173
52 78 104 136 138 169
27 34 53 103 121 125
51 55 78 99 101 114
57 65 68 73 82 102
7 59 82 89 105 150
12 14 74 129 147 166
22 39 76 77 107 174
9 68 92 108 143 144
51 85 98 116 137 176
28 44 67 109 115 122
19 72 113 123 172 177
10 49 91 127 149 170
30 41 45 61 145 159
16 26 120 126 146 161
1 11 21 38 73 74
4 6 25 64 78 163
13 29 52 65 106 145
15 25 122 147 171 172
17 32 70 125 167 173
18 76 97 117 157 163
20 110 135 162 175 178
23 53 95 150 165 174
31 46 53 128 136 180
20 33 102 131 138 142
35 36 77 84 93 143
36 40 42 54 94 113
43 89 124 139 144 153
1 47 48 67 96 133
50 101 127 130 139 150
52 55 59 87 98 131
56 83 90 116 119 154
57 62 103 111 160 177
58 66 86 115 121 143
60 100 127 155 156 168
63 88 104 112 148 158
69 78 82 132 161 173
71 75 109 140 148 152
42 80 91 114 141 144
4 59 81 129 146 164
44 92 107 151 166 179
2 71 96 101 135 161
3 35 67 118 121 154
5 8 69 137 156 160
6 17 28 33 102 169
7 9 29 103 166 176
10 16 19 59 132 179
11 26 39 114 134 154
9 13 80 111 115 117
14 24 30 118 122 125
15 55 72 76 108 159
18 123 124 142 146 167
21 50 92 100 102 173
22 41 46 66 109 158
23 90 94 98 164 168
27 67 77 85 117 155
31 105 126 129 152 170
32 39 48 86 130 166
38 95 108 110 119 133
24 43 86 90 141 178
43 45 58 63 151 177
47 56 62 88 145 174
54 60 61 111 123 157
51 57 64 75 79 113
65 72 84 93 116 129
68 87 99 105 121 166
23 58 70 128 146 155
56 64 74 147 158 162
81 89 97 106 138 153
93 94 104 149 151 180
61 99 112 140 165 171
1 25 82 83 143 152
2 32 36 38 60 103
3 73 120 142 169 172
5 13 33 55 157 167
6 37 50 80 150 159
7 10 20 134 173 180
8 48 62 83 87 163
11 16 17 85 115 135
12 34 114 119 128 153
14 28 41 126 132 160
12 15 18 19 68 176
15 21 57 109 137 162
2 22 52 75 130 170
26 31 64 65 81 148
27 54 92 100 139 179
29 46 66 71 90 147
30 53 60 144 177 178
35 40 45 84 101 140
19 42 63 81 110 171
41 44 80 95 113 154
47 98 106 112 136 174
44 69 104 131 161 177
63 70 76 125 140 145
30 74 77 79 116 120
33 88 101 107 141 149
89 91 96 104 133 168
97 122 124 127 133 138
27 36 50 86 111 164
1 49 77 108 139 161
3 69 91 98 126 150
4 7 11 14 84 162
5 28 45 78 130 172
6 72 88 140 143 163
8 58 85 147 150 171
9 21 114 116 152 159
10 51 60 89 125 175
13 54 65 94 124 178
16 107 117 127 167 176
17 55 75 145 156 166
18 45 53 132 136 158
20 46 73 122 123 150
22 61 106 141 146 169
23 28 74 93 103 149
24 26 62 99 138 168
25 38 42 52 100 105
19 29 38 40 92 148
31 71 96 97 115 128
32 37 43 48 134 146
34 44 70 82 112 131
35 47 68 109 110 120
39 66 68 135 151 170
56 121 129 142 153 165
57 118 119 156 157 176
59 102 113 162 174 180
76 79 129 144 155 179
87 95 97 103 137 164
6 10 14 16 42 160
1 53 54 56 78 175
2 4 29 110 131 173
3 15 43 74 89 125
5 12 77 80 102 134
7 19 32 55 61 142
8 11 17 73 109 144
9 24 25 89 153 169
13 20 31 46 167 179
18 48 49 70 163 174
21 35 52 59 91 147
22 58 67 108 155 172
23 69 72 104 121 137
26 71 76 83 113 126
27 62 75 94 119 122
16 30 88 100 154 164
33 57 128 152 158 160
34 37 47 96 116 135
36 93 141 157 170 171
39 92 114 132 138 178
40 66 112 133 143 149
41 50 105 106 107 115
51 90 123 130 151 155
63 85 87 118 124 174
64 65 123 159 165 180
13 79 81 86 136 168
82 84 101 133 139 161
95 96 98 99 127 148
111 112 116 117 145 177
1 41 47 79 118 153
2 10 39 98 147 162
3 35 87 90 114 175
4 15 18 98 125 165
5 62 76 95 104 179
6 27 56 69 70 172
7 29 49 106 136 141
8 63 64 66 127 140
9 40 56 84 97 99
11 14 34 60 139 147
1 12 20 33 138 145
17 38 46 91 142 177
21 22 53 107 111 157
23 80 102 109 128 146
24 51 74 132 134 167
25 86 93 99 161 176
26 42 81 158 167 171
28 54 105 156 163 164
30 75 78 93 108 122
31 92 94 131 134 170
32 58 82 100 143 166
36 135 152 154 160 165
37 45 61 88 178 180
27 43 57 117 126 133
44 52 71 72 120 121
46 48 50 55 69 173
59 68 84 110 144 169
45 65 77 83 85 113
67 73 129 130 143 151
73 91 101 103 119 124
115 137 148 149 159 168
2 36 42 50 78 102
3 8 17 25 103 137
4 5 75 110 141 154
6 30 59 129 135 168
7 24 72 74 118 164
9 49 58 69 112 128
10 44 48 64 124 139
11 35 97 108 120 138
12 37 39 70 82 166
13 22 87 101 125 153
14 61 68 77 80 105
15 41 60 85 100 116
16 47 65 109 113 170
18 28 32 121 130 171
19 20 62 95 119 179
21 34 40 55 148 176
14 23 31 66 90 142
26 52 77 88 96 127
29 33 54 79 136 159
38 71 104 115 132 169
43 52 54 67 131 172
51 103 122 143 144 174
53 63 94 126 147 158
57 86 140 146 161 178
76 92 151 156 160 162
81 106 107 152 175 177
83 118 123 146 163 180
78 84 89 149 150 157
84 87 111 114 155 173
45 47 103 117 145 159
1 39 72 112 137 179
2 31 145 159 170 176
3 13 28 96 119 139
4 50 56 68 70 142
5 29 53 58 71 109
6 89 90 122 131 155
7 26 46 67 149 156
8 36 89 110 124 132
9 42 79 133 140 154
10 55 62 98 130 141
11 18 22 104 128 138
12 17 44 48 93 152
15 20 49 82 90 180
16 21 37 57 163 173
19 24 126 135 151 166
19 23 30 51 86 111
25 33 66 92 98 175
27 80 85 162 166 168
32 88 97 129 164 174
34 87 102 113 134 167
35 59 100 117 125 157
38 81 101 144 158 160
40 64 75 115 136 177
41 55 71 94 117 178
33 43 65 99 163 172
60 76 88 95 115 165
61 83 121 133 148 161
60 63 74 93 105 108
13 73 107 114 116 153
47 53 91 120 150 171
106 123 127 149 154 169
1 22 27 68 124 174
2 39 53 57 153 168
3 40 62 83 120 164
4 38 61 67 116 137
5 7 17 57 58 139
6 8 31 41 82 169
9 16 22 72 104 180
10 28 79 135 157 176
11 34 69 118 145 173
12 36 42 111 141 162
8 14 29 130 172 179
15 77 109 113 152 167
18 63 66 73 80 86
20 32 35 51 60 161
21 94 108 125 132 160
23 70 144 147 148 150
24 49 66 76 95 129
25 44 126 134 141 151
26 78 81 92 112 127
30 33 54 121 123 177
37 45 56 74 128 131
43 75 100 143 158 174
46 50 85 102 127 165
48 97 102 138 147 156
52 99 114 119 122 152
59 101 140 146 170 175
64 91 105 136 155 171
65 103 106 110 142 178
80 96 99 107 125 136
1 13 47 63 76 111
2 24 29 37 69 163
3 61 86 92 100 149
4 72 87 115 120 134
5 44 50 64 90 162
6 93 98 109 164 173
7 46 118 135 159 160
9 10 12 67 107 155
11 38 58 78 83 167
14 67 124 126 171 177
15 16 39 52 55 154
17 36 43 68 153 157
18 35 94 95 158 161
19 31 74 79 82 175
20 41 104 140 144 172
21 51 96 116 123 170
18 23 26 54 146 168
25 32 73 107 119 162
24 27 33 48 129 150
28 97 114 128 148 179
30 105 110 130 132 157
34 79 106 108 113 151
40 56 117 122 139 156
42 70 75 88 142 143
45 59 62 137 166 180
49 133 134 137 144 145
65 84 89 91 112 161
71 101 121 131 174 178
77 82 85 138 148 165
40 58 81 158 169 176
1 21 44 135 136 167
1 31 61 93 123 153 183 212 242 273 303 333 362 391 422 452 484 515 545 576 607 639 669 700 732 745 788 816 845 873 883 934 965 994 1024
2 32 62 94 124 154 184 213 243 274 304 333 363 392 423 453 485 516 542 546 584 609 668 696 704 758 789 800 846 874 904 935 966 995 0
3 33 63 95 125 155 185 214 244 273 301 334 361 393 424 454 486 517 546 577 604 640 670 701 705 759 790 817 847 875 905 936 967 996 0
4 34 64 96 118 155 186 215 245 275 305 335 364 394 425 455 487 516 547 578 608 633 639 702 709 733 756 818 846 876 906 937 968 997 0
5 35 63 97 126 156 187 216 246 276 306 336 365 391 426 456 488 518 548 579 609 631 671 703 715 760 791 819 848 877 906 938 969 998 0
6 36 65 98 127 157 188 217 247 277 306 337 366 393 420 457 489 508 545 580 610 637 672 695 733 761 792 820 844 878 907 939 970 999 0
4 37 66 95 128 158 182 218 247 272 307 338 367 395 422 458 490 519 549 581 611 641 673 704 722 762 793 818 849 879 908 940 969 1000 0
7 31 66 99 129 159 189 219 244 271 300 339 368 396 427 459 491 520 550 574 608 642 674 687 699 760 794 821 850 880 905 941 970 975 0
8 38 67 100 123 160 190 220 248 278 308 340 369 393 428 460 492 521 550 582 612 633 652 668 725 762 765 822 851 881 909 942 971 1001 0
9 39 68 101 130 161 191 219 249 279 309 332 369 388 429 461 493 522 551 578 607 635 666 705 729 763 793 823 844 874 910 943 972 1001 0
10 40 67 91 128 162 192 221 250 280 310 341 370 396 423 454 494 523 551 583 613 643 675 703 732 764 795 818 850 882 911 944 973 1002 0
4 41 69 100 131 162 193 217 251 281 311 342 371 397 430 462 493 524 552 584 614 640 676 687 714 723 796 798 848 883 912 945 974 1001 0
7 42 70 102 132 151 194 222 245 282 312 343 372 398 420 463 495 525 551 585 615 644 670 706 734 765 791 824 852 869 913 936 962 994 0
11 43 63 103 133 163 195 223 249 283 313 333 373 399 431 460 496 525 553 586 616 626 677 707 723 766 797 818 844 882 914 920 975 1003 0
12 38 71 96 120 164 183 221 252 283 309 336 366 400 432 464 497 526 543 565 588 642 678 704 735 767 798 799 847 876 915 946 976 1004 0
2 44 72 102 134 158 193 216 244 278 314 337 374 401 433 465 498 527 554 587 594 645 669 708 731 763 795 825 844 859 916 947 971 1004 0
11 32 73 104 130 165 196 224 253 284 315 339 375 402 428 466 495 506 555 588 613 646 679 709 736 761 795 826 850 884 905 945 969 1005 0
13 35 62 105 135 153 189 224 254 285 316 344 372 403 429 467 486 521 554 589 592 610 680 707 737 768 798 827 853 876 917 944 977 1006 1010
14 31 74 106 125 166 190 225 243 276 317 335 376 404 434 468 499 528 555 590 617 643 681 710 728 763 798 806 833 849 918 948 949 1007 0
8 45 75 107 136 167 197 214 240 283 318 337 375 405 435 459 500 514 544 583 618 647 682 711 738 741 793 828 852 883 918 946 978 1008 0
3 32 74 108 137 168 189 218 245 286 313 345 377 405 426 457 501 529 556 587 619 632 665 712 732 769 799 822 854 885 919 947 979 1009 1024
15 31 63 107 138 169 193 226 253 287 319 346 367 406 436 469 497 529 547 591 620 648 651 695 724 770 800 829 855 885 913 944 965 971 0
16 40 76 109 136 156 191 220 255 288 305 347 378 398 437 470 497 530 545 577 621 649 660 699 739 771 783 830 856 886 920 949 980 1010 0
17 40 68 102 139 159 198 227 256 287 320 348 364 407 438 467 483 519 552 576 604 619 661 672 683 766 776 831 851 887 908 948 981 995 1012
18 46 77 110 131 161 199 228 257 289 302 349 379 405 423 469 502 531 557 592 600 641 681 699 733 735 788 832 851 888 905 950 982 1011 0
19 47 78 104 140 170 198 229 243 279 321 342 380 408 426 469 492 532 533 593 606 639 678 711 731 764 801 831 857 889 921 940 983 1010 0
6 48 67 99 130 156 180 229 241 290 304 350 373 405 434 458 503 526 547 594 614 629 670 698 719 772 802 815 858 878 896 951 965 1012 0
20 44 79 111 141 171 199 221 258 281 322 351 381 399 439 459 504 529 558 590 622 639 683 685 727 761 797 819 830 890 917 936 972 1013 0
18 36 64 94 101 159 200 230 259 280 311 352 373 402 432 471 505 529 559 589 623 624 649 713 734 762 803 833 846 879 922 938 975 995 0
3 49 80 111 142 167 201 211 254 291 323 336 369 392 440 469 503 515 549 595 608 650 684 714 730 766 804 811 859 891 907 949 984 1014 0
12 50 69 112 143 160 199 231 247 292 301 344 360 409 425 465 488 523 560 576 624 651 654 692 740 773 801 834 852 892 920 935 970 1007 0
3 39 81 99 136 162 186 232 260 293 308 353 382 410 438 465 505 533 561 580 625 644 663 715 736 774 789 835 849 893 917 952 978 1011 0
20 43 69 93 132 152 178 232 259 294 321 346 376 411 437 464 506 521 546 572 603 641 675 691 741 761 791 812 860 883 922 950 958 984 1012
21 51 82 94 125 170 191 228 260 277 318 354 383 397 441 460 495 534 543 596 608 651 673 683 717 719 796 836 861 882 919 953 973 1015 0
22 52 71 106 124 172 201 227 247 279 302 355 371 403 439 470 495 505 548 572 626 648 669 702 742 759 805 837 854 875 911 954 978 1006 0
23 51 77 80 144 169 195 214 246 275 300 351 374 408 432 472 501 535 545 581 614 652 675 689 742 743 789 815 862 894 904 941 974 1005 0
10 32 83 98 142 173 202 233 252 289 301 332 364 406 437 472 484 514 562 567 593 631 685 694 706 707 792 835 861 895 912 947 985 995 0
20 33 84 102 145 174 203 226 239 290 306 338 369 412 442 473 487 514 560 597 621 653 680 716 732 775 789 832 833 884 923 955 968 1002 0
22 42 76 108 146 175 197 230 261 290 323 344 366 401 443 460 491 504 555 598 604 611 686 689 724 764 774 838 863 874 912 934 966 1004 0
20 37 73 113 123 176 198 234 262 276 323 337 363 413 444 455 505 530 563 585 627 654 687 707 712 743 805 833 864 881 919 956 967 1016 1023
4 32 71 110 145 170 187 235 249 295 320 340 384 410 444 468 491 523 558 573 628 645 660 670 730 770 797 807 865 873 915 957 970 1008 0
21 53 85 114 120 163 196 222 258 286 324 356 384 389 445 474 492 519 547 574 624 640 669 688 743 755 806 832 844 889 904 942 974 1017 0
4 54 85 115 129 161 204 226 254 278 303 343 378 408 439 457 488 513 555 586 623 655 682 717 744 776 777 835 847 896 924 958 986 1005 0
3 54 65 116 132 166 195 230 263 270 325 357 370 414 429 475 507 514 548 575 612 654 688 704 727 757 807 809 836 897 910 945 982 998 1024
24 37 86 108 140 177 200 236 264 289 317 333 385 393 425 464 494 520 564 597 614 656 679 688 730 777 805 819 827 895 900 933 985 1018 0
14 49 87 89 129 155 200 217 260 286 326 341 372 399 446 456 498 530 565 582 606 641 689 700 740 770 803 828 852 884 898 940 987 1000 0
3 38 86 117 143 169 192 213 261 288 318 343 376 413 442 458 508 536 554 578 616 622 661 690 745 778 808 837 861 873 916 933 963 994 0
2 53 77 97 122 177 203 215 263 294 301 340 383 415 439 466 497 525 549 552 629 643 664 711 745 774 794 835 853 898 910 945 988 1012 0
21 36 86 103 131 167 194 237 265 285 327 334 368 410 426 453 497 527 566 598 605 654 675 700 709 716 729 816 853 879 909 946 981 1019 0
8 55 76 117 144 166 198 221 257 291 316 333 367 411 433 476 509 517 562 599 630 646 662 713 746 769 792 815 865 898 904 937 987 998 0
13 55 87 118 122 160 169 237 250 281 321 330 375 401 445 452 505 537 564 586 631 653 670 704 720 726 780 823 866 887 925 949 978 1009 0
8 35 73 114 146 173 186 236 247 294 320 351 386 416 434 462 496 515 566 577 632 657 690 718 734 747 800 832 854 897 921 924 989 1004 0
25 41 68 113 147 173 195 215 254 272 302 352 366 412 447 477 492 520 558 583 630 658 691 719 739 740 804 827 845 885 926 938 963 966 0
26 56 81 100 132 156 205 225 249 289 318 348 380 394 447 454 498 537 549 591 610 642 692 716 743 779 802 824 845 890 922 924 984 1010 0
15 46 69 104 148 163 200 220 246 290 312 353 362 417 439 453 509 528 563 587 610 650 661 720 747 767 791 826 849 898 919 943 957 1004 0
15 56 62 110 136 155 201 234 266 296 328 339 383 407 426 464 507 538 567 586 611 624 638 666 748 778 784 839 845 878 881 937 985 1016 0
27 57 86 112 149 176 203 232 267 295 305 351 370 403 440 460 498 528 531 593 599 647 666 721 749 780 799 840 860 896 927 947 966 969 0
9 57 71 118 142 166 194 238 268 273 306 354 387 399 438 458 485 521 568 600 624 658 665 711 750 777 783 821 855 893 909 938 969 1002 1023
25 58 76 94 131 174 206 234 242 293 326 356 370 415 448 459 488 521 535 588 626 659 670 722 747 756 763 841 854 899 907 954 990 1018 0
25 59 86 93 134 157 207 222 269 297 311 335 378 399 419 467 490 517 550 601 629 632 693 694 751 779 789 804 823 882 915 959 961 978 0
2 39 70 119 148 160 198 239 252 298 325 341 381 397 434 478 481 531 545 589 611 658 674 709 730 779 787 829 849 895 914 960 968 996 0
17 38 88 106 135 165 186 217 270 282 319 338 380 401 437 453 502 523 553 602 607 638 658 717 749 778 794 831 858 877 918 943 967 1018 0
7 57 89 119 139 170 188 213 242 272 313 358 371 406 429 465 506 538 564 577 618 633 671 716 752 777 806 810 867 880 926 961 977 994 0
11 51 89 100 138 174 185 230 258 288 316 355 388 396 438 463 510 515 569 587 609 629 682 691 733 780 784 801 868 880 910 956 991 998 0
21 60 83 99 141 150 201 240 263 298 329 338 362 413 436 467 501 522 555 557 630 660 671 721 734 781 801 824 868 900 916 958 992 1020 0
27 48 78 95 150 165 197 228 252 299 330 335 369 415 430 475 509 513 556 603 609 644 669 690 750 770 803 838 864 880 920 950 977 981 0
21 39 78 109 135 178 188 216 268 297 320 352 379 418 448 472 494 537 560 599 617 650 687 696 727 745 759 772 855 901 924 940 968 1001 1003
19 54 68 97 121 168 184 236 253 282 327 358 379 395 424 459 489 530 561 596 624 645 694 721 725 782 798 837 838 899 914 937 965 1005 0
1 39 84 108 138 173 208 223 267 281 314 347 384 409 432 479 495 503 557 603 618 627 661 693 753 760 809 817 856 878 898 909 973 995 0
28 36 80 92 143 172 182 223 256 278 321 356 362 404 449 450 494 539 558 585 609 632 642 705 736 783 810 836 853 878 912 937 980 1017 0
11 55 61 120 147 168 204 227 251 277 326 349 368 404 437 455 486 540 551 601 611 618 684 715 754 758 803 834 857 897 923 938 957 1021 0
19 33 88 93 119 177 196 223 257 274 328 343 360 403 438 477 493 537 570 594 608 636 689 703 728 767 781 820 856 897 908 934 971 997 0
24 49 62 114 126 179 199 227 262 278 307 335 388 397 421 477 506 535 571 591 598 637 662 711 721 732 790 828 850 901 902 962 977 1011 0
9 35 90 115 140 154 188 232 252 275 319 349 384 414 450 471 499 527 550 596 615 630 664 723 732 784 811 830 847 887 908 961 985 1007 0
13 40 65 108 133 179 185 212 257 269 309 359 383 404 442 459 498 533 542 566 633 658 676 706 754 780 800 826 858 891 906 956 986 1017 0
24 48 79 101 131 173 209 218 256 297 331 341 383 394 440 465 489 541 546 602 612 646 682 724 737 767 810 842 857 877 928 959 981 994 0
7 44 88 118 143 176 204 220 269 284 324 345 361 407 447 456 479 514 534 592 628 643 663 724 742 772 811 816 848 900 914 921 976 1022 0
16 45 70 106 112 180 206 226 260 285 328 340 374 418 422 475 506 540 559 604 630 642 694 718 720 733 753 819 845 891 904 931 983 1002 0
6 44 63 105 147 161 182 240 265 274 310 359 382 415 419 462 506 530 567 575 634 661 674 686 702 780 811 842 869 873 922 942 972 1007 1015
18 33 89 109 149 173 210 227 264 296 322 353 387 401 435 478 499 516 549 588 616 634 675 712 755 765 792 807 848 886 914 951 977 993 0
29 36 91 95 130 171 189 238 251 289 325 340 365 409 451 470 511 533 543 586 602 647 689 691 756 785 801 806 869 889 929 955 983 1023 0
5 48 85 102 135 154 185 237 264 279 300 346 360 419 428 476 496 538 563 583 590 649 684 721 722 753 788 836 870 893 912 946 970 1007 1022
27 32 75 109 151 171 207 223 254 293 317 358 388 411 443 462 508 534 547 581 582 653 692 701 708 748 788 794 857 900 930 960 967 1002 0
27 53 88 113 132 158 209 213 264 273 327 349 375 417 434 457 504 533 565 579 621 651 693 714 742 781 805 818 870 881 899 931 932 1020 0
11 52 79 110 127 153 194 236 259 299 308 347 389 413 435 480 488 532 552 581 608 662 686 705 726 772 795 821 867 900 915 951 987 1022 0
8 60 72 101 127 151 196 237 270 296 313 359 385 409 441 455 490 528 572 592 621 642 685 696 750 774 776 815 869 888 927 949 977 996 0
29 56 79 120 126 152 190 233 267 279 323 352 382 414 422 463 500 524 564 592 619 660 695 709 747 782 794 843 867 875 913 932 953 997 0
13 52 85 100 126 166 197 229 253 292 320 341 385 417 427 479 501 516 559 605 607 659 673 697 752 778 812 820 859 895 921 952 959 1017 0
22 35 84 116 127 176 193 229 258 274 318 358 390 404 446 478 484 525 556 595 625 660 679 722 744 785 813 823 847 851 931 939 941 1020 0
29 43 70 116 125 175 207 236 266 275 310 356 371 405 427 477 510 542 549 593 622 663 680 700 748 771 776 803 866 875 920 939 946 998 0
16 54 61 107 142 181 207 225 256 274 330 351 373 420 433 464 481 523 532 592 633 664 673 687 729 755 813 817 854 884 902 963 991 1020 0
6 49 61 104 152 169 206 216 266 272 324 332 378 403 435 450 485 525 543 569 627 657 676 725 757 769 802 833 863 892 928 950 983 996 0
14 53 64 109 137 176 187 239 266 299 321 344 382 400 433 458 511 520 551 591 596 652 659 682 742 781 786 830 862 888 891 945 961 999 0
24 46 82 119 133 167 208 233 250 293 306 340 367 416 427 471 483 536 555 601 634 639 696 705 743 771 786 824 858 892 926 957 979 1006 0
15 38 64 121 144 172 202 232 243 298 313 330 365 396 448 466 504 534 544 594 627 637 684 700 739 775 807 843 871 877 918 959 981 1006 0
9 43 92 99 131 164 208 226 269 276 315 351 385 421 451 463 507 519 570 582 610 645 649 686 745 758 813 834 861 871 921 936 993 1009 0
26 59 78 92 139 167 186 239 261 300 322 329 373 391 441 477 485 530 562 587 628 640 656 681 737 785 814 834 843 881 911 952 988 1013 0
22 47 75 102 141 177 204 238 271 280 313 336 367 397 424 472 499 541 573 603 607 654 668 726 747 771 808 817 871 874 876 943 950 999 0
5 41 81 98 130 177 194 234 244 288 322 335 390 392 450 460 501 523 565 575 618 648 680 713 720 782 787 831 871 881 888 958 989 993 0
27 42 65 96 139 178 208 235 255 301 326 331 381 422 447 453 499 532 568 586 635 652 679 703 751 769 802 832 859 893 915 954 986 996 0
6 34 74 101 141 149 183 239 254 284 301 347 379 396 444 474 496 527 536 579 625 638 689 720 746 758 805 812 870 902 913 955 990 1021 0
1 41 67 103 140 172 181 230 246 271 309 348 386 406 451 478 487 513 554 601 617 638 659 721 741 761 769 841 848 886 904 953 987 988 0
28 47 69 105 137 151 197 236 257 295 326 332 387 418 428 454 507 518 574 602 623 648 672 719 749 762 789 830 843 902 905 925 933 992 0
25 44 80 104 150 155 190 232 264 271 331 350 379 420 441 461 510 512 552 598 623 665 692 718 752 786 809 813 856 877 923 944 971 1008 0
15 51 90 113 129 180 203 212 265 280 325 331 364 401 430 474 508 518 557 570 617 663 678 705 722 773 782 832 865 890 914 961 991 1014 0
19 43 86 110 129 162 210 218 242 292 324 348 369 414 433 466 512 526 571 590 631 658 696 701 734 785 808 829 865 879 929 964 992 1015 0
17 47 83 96 145 180 196 219 262 291 327 330 372 419 451 471 488 510 545 584 618 656 677 701 724 757 812 825 865 885 929 962 993 1001 1011
18 55 81 115 134 180 185 231 255 294 317 342 363 420 429 472 491 519 553 579 622 647 659 709 725 767 775 816 855 891 911 961 979 1015 0
18 50 73 117 139 163 182 211 250 279 328 350 385 394 424 481 484 521 544 584 615 663 693 727 754 770 799 837 850 886 916 938 976 999 0
26 49 83 112 146 178 191 237 269 302 310 353 377 414 424 458 513 518 552 585 636 639 646 708 738 775 806 837 846 899 906 941 992 1014 0
30 48 90 116 133 170 206 211 253 288 329 337 361 411 439 472 511 512 574 576 597 666 686 703 749 765 779 815 872 885 932 949 974 994 0
25 53 91 121 149 152 199 217 255 283 304 339 385 406 438 473 486 518 556 581 628 650 655 702 752 787 808 836 864 872 909 934 983 1020 0
12 42 79 92 138 162 188 219 248 302 304 354 364 395 426 481 496 517 554 595 623 653 697 728 743 780 807 841 857 900 916 953 976 1015 0
26 44 71 116 136 174 208 213 259 277 317 360 365 395 430 467 502 541 566 599 620 667 698 720 755 764 796 822 863 875 932 962 989 1013 0
22 49 88 103 145 161 189 225 241 293 315 342 383 395 432 474 500 539 563 577 630 631 672 727 750 765 795 834 865 903 923 956 959 997 0
2 50 61 95 135 156 210 222 261 287 327 357 371 396 446 479 487 528 558 600 623 646 678 726 748 781 811 822 861 872 915 962 968 1009 0
14 43 81 94 122 182 198 233 258 273 319 336 377 409 443 475 487 522 566 583 637 655 697 699 737 765 772 825 872 896 933 954 957 1016 0
30 55 69 97 123 157 210 230 243 286 310 339 390 410 449 461 500 543 568 591 621 656 690 697 706 759 766 840 867 873 908 930 973 1000 0
19 51 66 108 127 160 192 215 256 284 326 336 386 417 436 461 485 511 575 599 615 649 669 707 748 775 796 840 858 902 918 936 989 1011 0
5 57 64 93 133 174 205 235 271 285 324 347 366 417 423 481 500 522 556 582 585 614 685 710 717 731 790 811 837 897 911 963 967 997 0
1 45 87 110 144 182 193 231 261 276 312 345 370 400 427 467 496 533 569 597 635 664 668 719 750 759 782 839 856 897 917 960 984 1021 0
25 33 83 115 138 156 172 218 251 280 312 344 374 421 428 482 485 532 564 578 605 625 674 727 735 766 814 828 858 891 925 939 989 1016 0
17 57 77 107 128 168 179 233 260 290 322 333 384 413 448 461 507 513 541 579 605 657 678 702 728 768 779 828 866 868 930 964 984 1009 0
8 53 66 98 140 165 191 225 259 295 328 361 381 419 449 465 503 516 548 600 619 653 676 700 744 768 814 824 867 902 910 941 965 1003 0
26 37 76 93 127 154 187 240 268 282 330 355 381 406 442 474 479 540 571 606 612 657 666 719 736 766 810 823 847 876 913 954 979 993 0
9 34 75 91 123 168 202 241 264 294 311 348 381 418 436 456 502 528 535 595 636 644 680 704 731 773 797 817 857 896 926 948 982 1003 0
4 56 80 106 133 168 188 240 262 280 314 353 365 398 443 473 484 531 546 569 622 651 688 729 746 751 814 825 871 880 921 964 983 987 0
15 45 65 117 126 177 205 224 242 297 308 338 363 408 434 483 510 543 551 574 595 645 667 702 740 783 796 834 860 886 909 944 985 1013 0
22 54 72 117 148 164 190 214 272 277 322 346 372 388 445 466 503 518 568 597 632 638 699 723 756 773 781 839 842 901 907 952 981 1012 0
29 41 82 107 145 158 192 223 265 292 304 355 378 407 424 452 502 522 574 588 610 652 684 706 746 774 800 819 866 901 917 943 975 1014 0
28 60 90 121 123 162 187 209 244 284 316 343 380 399 432 470 475 531 560 598 620 635 673 710 741 747 809 836 846 892 924 939 985 1021 0
20 57 67 97 143 165 183 214 255 298 312 357 382 394 443 457 480 510 562 573 606 648 673 696 753 763 797 827 863 887 923 941 979 1014 0
30 52 82 118 128 152 195 224 251 296 309 356 380 392 446 468 489 527 529 571 604 644 693 699 745 775 813 814 864 870 896 942 960 1019 0
29 38 87 99 139 154 204 228 253 273 316 347 390 412 420 468 482 535 567 572 632 650 677 688 708 764 793 835 848 887 892 953 982 997 1019
7 46 78 113 126 181 185 218 248 298 328 332 384 402 425 462 497 511 568 572 616 655 680 698 738 758 795 838 861 894 907 948 972 1000 1024
10 59 90 119 122 175 201 229 245 287 324 354 388 400 428 468 502 513 546 580 621 647 687 713 718 740 808 827 869 879 922 956 991 993 1024
6 56 84 114 143 166 181 219 252 293 311 355 391 408 440 466 486 542 553 583 620 641 683 712 726 760 799 843 856 903 905 934 968 1018 1019
24 31 71 109 147 158 202 228 267 291 308 342 377 402 445 454 481 542 570 578 629 654 671 718 741 785 814 831 863 883 911 944 988 1022 0
17 58 61 119 138 151 200 231 268 285 321 337 389 414 447 470 501 542 561 567 616 667 681 714 744 746 802 816 870 882 910 936 969 1016 0
1 42 83 97 148 158 207 241 249 285 305 361 363 416 435 469 507 524 560 590 613 655 665 713 754 787 805 810 820 880 927 942 990 1008 0
20 45 74 120 150 154 202 235 248 269 314 339 373 403 446 452 494 508 541 577 634 659 662 714 755 776 812 829 862 879 906 943 974 982 0
9 46 76 100 149 159 204 231 245 297 325 358 374 392 431 452 480 526 558 566 627 656 695 703 741 768 790 839 849 884 920 937 992 1017 0
10 58 63 112 130 179 208 215 243 291 311 338 368 398 446 464 482 512 554 573 619 663 682 725 742 750 788 820 864 893 901 925 986 1017 0
13 41 74 92 124 178 187 238 242 283 319 357 374 416 425 461 476 534 557 593 611 644 672 725 744 755 804 842 850 899 925 955 980 1008 1019
12 58 66 113 125 161 184 227 267 286 306 346 380 418 431 451 509 541 569 594 625 652 685 730 734 778 810 826 872 883 933 935 973 1019 0
18 42 90 106 147 152 184 239 246 281 318 334 389 407 427 476 490 515 565 573 612 637 698 731 756 768 783 829 835 886 927 930 990 1010 0
29 47 85 112 132 144 210 216 248 299 307 350 361 404 444 473 489 515 570 589 620 661 685 723 735 784 803 821 854 874 882 926 980 988 0
27 56 68 122 137 153 193 222 268 275 325 359 386 393 423 449 491 536 562 588 605 636 677 698 752 754 801 833 871 903 919 960 980 1013 1022
12 34 89 98 134 159 190 229 261 282 310 362 375 412 440 475 511 534 570 584 626 662 667 715 729 786 812 830 864 903 931 940 964 996 0
12 60 77 103 148 171 205 222 250 278 323 345 391 402 429 468 512 516 540 593 596 648 690 722 739 746 792 817 821 828 931 963 980 1012 0
28 58 70 107 117 171 201 235 259 300 305 353 386 412 421 474 486 537 565 576 627 643 668 697 757 777 786 838 866 901 928 948 982 1015 0
19 60 62 118 125 157 206 219 265 295 319 341 389 400 442 483 504 524 562 585 603 650 679 715 754 773 788 822 860 894 929 945 976 989 0
5 60 87 95 134 175 186 211 262 292 309 349 377 418 435 463 508 539 568 589 612 643 683 716 744 785 796 839 851 873 913 962 966 1005 0
14 50 82 114 141 165 194 212 256 283 332 349 363 411 447 451 490 538 559 587 614 636 674 695 748 759 764 807 859 894 906 942 964 1004 0
23 50 84 115 149 167 196 215 244 277 307 348 376 400 423 462 509 529 561 602 606 626 671 706 751 772 783 842 855 866 932 939 991 1001 0
16 48 77 105 146 164 210 217 266 298 317 343 389 417 441 452 514 527 539 595 619 668 677 691 713 751 760 826 840 890 928 940 988 1016 0
30 40 66 103 137 155 207 231 262 289 304 352 362 415 445 476 499 544 572 580 620 645 657 717 737 779 791 840 862 885 931 954 972 1005 1014
21 58 74 121 134 164 203 220 270 281 307 360 391 392 443 478 500 520 559 578 600 613 657 707 752 770 784 827 860 889 926 955 986 1006 1023
7 54 73 91 141 153 203 237 246 297 314 354 382 421 437 471 512 539 547 604 626 635 676 681 730 767 792 822 868 903 922 933 935 1000 0
14 40 79 115 144 181 197 235 245 296 315 334 379 416 449 477 505 540 575 584 629 651 678 708 749 760 797 844 860 894 928 955 979 1000 0
26 35 82 96 129 160 209 238 272 295 323 350 376 398 431 448 493 539 567 580 613 662 697 731 753 758 809 816 870 888 927 960 978 1006 1020
16 59 88 98 148 179 184 224 268 271 303 357 376 409 444 454 492 525 564 581 634 635 683 684 738 784 799 818 841 874 928 951 974 998 1011
23 37 87 111 150 163 191 212 241 296 327 360 386 402 448 473 483 517 573 591 625 647 686 710 733 737 794 820 853 890 930 947 958 995 0
28 37 68 120 124 179 181 226 263 288 312 342 375 410 431 456 484 538 550 589 599 665 681 701 756 771 815 843 859 890 908 952 967 999 0
30 33 72 92 146 176 184 221 249 287 308 350 368 419 430 457 495 536 559 602 631 641 688 710 711 739 787 839 868 876 894 959 987 1022 0
23 34 70 114 135 174 209 221 255 274 303 354 377 413 449 469 482 520 544 601 603 666 692 723 757 762 774 782 826 893 912 948 951 1018 0
24 55 84 91 150 178 195 211 247 287 305 359 387 405 444 482 504 538 569 582 607 640 667 694 736 768 791 825 852 887 889 953 976 1002 1024
28 52 67 122 142 163 205 216 260 270 303 344 368 395 442 471 493 535 557 590 628 646 695 712 751 771 813 831 869 903 907 951 966 1010 0
13 51 75 101 128 164 211 225 263 299 303 345 371 398 450 453 491 517 560 594 606 616 656 715 718 761 790 829 851 899 923 964 970 1023 0
11 59 64 105 136 170 192 238 270 291 302 356 390 393 422 479 483 526 563 579 617 655 676 692 729 773 800 838 862 892 916 935 990 1009 0
10 45 80 116 151 157 209 212 267 290 320 334 367 415 425 456 480 522 571 596 638 649 677 712 735 787 806 821 862 889 917 963 991 1003 0
23 52 78 94 137 175 202 240 250 284 331 357 372 410 450 478 490 524 563 576 633 667 691 708 728 735 790 819 855 878 924 958 975 1008 0
23 31 72 105 145 157 200 234 251 299 329 358 364 416 440 463 492 537 548 598 622 664 698 717 736 753 769 793 846 898 932 947 973 999 0
5 50 75 104 124 159 183 228 258 275 329 334 370 421 433 473 503 524 553 580 617 634 694 724 739 778 808 841 853 867 925 952 965 986 1021
30 39 73 96 124 175 192 220 241 282 316 346 387 408 441 480 498 519 556 601 605 637 653 664 671 714 738 823 845 875 929 950 990 1007 0
1 59 85 121 142 171 206 214 257 294 315 331 366 407 431 455 494 536 548 571 615 660 674 716 726 762 798 825 840 888 919 935 972 1023 0
10 46 72 111 147 180 183 224 266 292 307 345 390 411 436 470 487 532 544 550 609 640 672 728 749 777 804 809 872 884 929 956 984 1003 0
2 47 65 89 128 153 199 234 265 300 315 352 365 394 436 482 493 526 553 561 597 665 690 710 738 776 804 824 863 895 927 957 992 1021 0
16 36 62 111 140 169 205 233 248 286 329 355 387 412 430 455 476 531 561 575 613 636 693 701 757 763 802 842 852 877 918 934 975 1013 0
17 34 81 111 146 172 189 213 263 276 314 359 378 397 445 480 489 509 540 600 615 628 675 679 740 786 793 841 868 895 930 946 971 1018 0
