1024 220
4 19
4 4 4 4 4 4 4 4 4 4 4 4 4 4 4 4 4 4 4 4 4 4 4 4 4 4 4 4 4 4 4 4 4 4 4 4 4 4 4 4 4 4 4 4 4 4 4 4 4 4 4 4 4 4 4 4 4 4 4 4 4 4 4 4 4 4 4 4 4 4 4 4 4 4 4 4 4 4 4 4 4 4 4 4 4 4 4 4 4 4 4 4 4 4 4 4 4 4 4 4 4 4 4 4 4 4 4 4 4 4 4 4 4 4 4 4 4 4 4 4 4 4 4 4 4 4 4 4 4 4 4 4 4 4 4 4 4 4 4 4 4 4 4 4 4 4 4 4 4 4 4 4 4 4 4 4 4 4 4 4 4 4 4 4 4 4 4 4 4 4 4 4 4 4 4 4 4 4 4 4 4 4 4 4 4 4 4 4 4 4 4 4 4 4 4 4 4 4 4 4 4 4 4 4 4 4 4 4 4 4 4 4 4 4 4 4 4 4 4 4 4 4 4 4 4 4 4 4 4 4 4 4 4 4 4 4 4 4 4 4 4 4 4 4 4 4 4 4 4 4 4 4 4 4 4 4 4 4 4 4 4 4 4 4 4 4 4 4 4 4 4 4 4 4 4 4 4 4 4 4 4 4 4 4 4 4 4 4 4 4 4 4 4 4 4 4 4 4 4 4 4 4 4 4 4 4 4 4 4 4 4 4 4 4 4 4 4 4 4 4 4 4 4 4 4 4 4 4 4 4 4 4 4 4 4 4 4 4 4 4 4 4 4 4 4 4 4 4 4 4 4 4 4 4 4 4 4 4 4 4 4 4 4 4 4 4 4 4 4 4 4 4 4 4 4 4 4 4 4 4 4 4 4 4 4 4 4 4 4 4 4 4 4 4 4 4 4 4 4 4 4 4 4 4 4 4 4 4 4 4 4 4 4 4 4 4 4 4 4 4 4 4 4 4 4 4 4 4 4 4 4 4 4 4 4 4 4 4 4 4 4 4 4 4 4 4 4 4 4 4 4 4 4 4 4 4 4 4 4 4 4 4 4 4 4 4 4 4 4 4 4 4 4 4 4 4 4 4 4 4 4 4 4 4 4 4 4 4 4 4 4 4 4 4 4 4 4 4 4 4 4 4 4 4 4 4 4 4 4 4 4 4 4 4 4 4 4 4 4 4 4 4 4 4 4 4 4 4 4 4 4 4 4 4 4 4 4 4 4 4 4 4 4 4 4 4 4 4 4 4 4 4 4 4 4 4 4 4 4 4 4 4 4 4 4 4 4 4 4 4 4 4 4 4 4 4 4 4 4 4 4 4 4 4 4 4 4 4 4 4 4 4 4 4 4 4 4 4 4 4 4 4 4 4 4 4 4 4 4 4 4 4 4 4 4 4 4 4 4 4 4 4 4 4 4 4 4 4 4 4 4 4 4 4 4 4 4 4 4 4 4 4 4 4 4 4 4 4 4 4 4 4 4 4 4 4 4 4 4 4 4 4 4 4 4 4 4 4 4 4 4 4 4 4 4 4 4 4 4 4 4 4 4 4 4 4 4 4 4 4 4 4 4 4 4 4 4 4 4 4 4 4 4 4 4 4 4 4 4 4 4 4 4 4 4 4 4 4 4 4 4 4 4 4 4 4 4 4 4 4 4 4 4 4 4 4 4 4 4 4 4 4 4 4 4 4 4 4 4 4 4 4 4 4 4 4 4 4 4 4 4 4 4 4 4 4 4 4 4 4 4 4 4 4 4 4 4 4 4 4 4 4 4 4 4 4 4 4 4 4 4 4 4 4 4 4 4 4 4 4 4 4 4 4 4 4 4 4 4 4 4 4 4 4 4 4 4 4 4 4 4 4 4 4 4 4 4 4 4 4 4 4 4 4 4 4 4 4 4 4 4 4 4 4 4 4 4 4 4 4 4 4 4 4 4 4 4 4 4 4 4 4 4 4 4 4 4 4 4 4 4 4 4 4 4 4 4 4 4 4 4 4 4 4 4 4 4 4 4 4 4 4 4 4 4 4 4 4 4 4 4 4 4 4 4 4 4 4 4 4 4 4 4 4 4 4 4 4 4 4 4 4 4 4 4 4 4 4 4 4 4 4 4 4 4 4 4 4 4 4 4 4 4 4 4 4 4 4 4 4 4 4 4 4 4 4 4 4 4 4 4 4 4 4 4 4 4 4 4 4 4 4 4 4 4 4 4 4 4 4 4 4 4 4 4 4 4 4 4 4 4 4 4 4 4 4 4 4 4 4 4 4 4 4 4 4 4 4 4 4 4 4 4 4 4 4 4 4 4 4 4 4 4 4
19 19 19 19 19 19 19 19 19 19 19 19 19 19 19 19 19 19 19 19 19 19 19 19 19 19 19 19 19 19 19 19 19 19 19 19 19 19 19 19 19 19 19 19 19 19 18 18 19 19 19 18 18 19 19 19 18 19 18 19 18 19 18 18 19 18 19 18 18 19 18 18 18 19 18 18 18 18 19 19 19 19 18 18 18 18 18 19 18 19 18 18 18 19 18 18 19 18 19 19 19 19 19 19 19 18 19 19 19 19 18 18 19 19 19 18 19 19 18 18 18 19 18 19 18 19 18 18 19 19 19 18 18 19 19 19 19 19 19 19 18 18 19 18 18 19 19 18 19 18 19 19 18 18 18 18 19 19 19 19 18 18 18 18 18 18 18 19 19 19 19 19 19 18 19 18 19 19 19 19 18 18 19 18 19 19 18 19 19 19 19 19 18 18 18 19 19 18 18 18 18 18 19 19 19 18 19 18 19 19 18 18 18 18 19 18 18 19 18 19
1 85 124 215
2 74 148 171
3 20 59 142
4 26 58 218
5 38 40 55
6 10 15 51
7 54 155 214
8 100 147 188
9 35 113 121
11 97 125 168
12 18 78 95
13 105 165 195
14 28 64 152
16 63 91 173
17 72 119 154
19 48 166 174
21 104 210 216
22 24 80 89
23 140 183 209
25 43 177 182
27 94 110 207
29 67 176 189
30 62 115 196
31 70 117 146
32 73 131 158
33 98 191 219
34 116 175 199
36 82 133 156
37 44 179 217
39 102 134 136
41 88 150 187
42 53 96 137
45 46 61 164
47 87 178 193
49 65 68 84
50 56 112 143
52 126 157 212
57 190 200 203
60 120 205 211
66 99 101 180
69 83 130 153
71 86 129 141
75 144 151 197
76 122 127 184
77 81 107 109
79 181 201 208
90 108 128 162
92 103 138 161
93 135 163 186
106 160 204 206
111 114 118 194
123 139 169 220
132 145 159 167
149 170 172 192
185 198 202 213
1 116 145 171
2 84 201 219
3 10 108 195
4 21 59 102
5 158 161 184
6 36 175 209
7 70 111 211
8 19 114 191
9 34 38 154
11 29 106 156
12 30 152 216
13 46 53 203
14 44 56 202
15 47 180 212
16 39 71 187
17 69 163 182
18 24 94 123
20 107 151 172
22 31 75 189
23 48 63 217
25 45 60 141
26 68 76 204
27 32 86 87
28 52 130 181
33 90 112 207
35 117 150 185
37 42 122 167
40 95 100 149
41 93 165 168
43 77 166 206
49 105 155 196
50 61 82 170
51 92 169 177
54 85 103 173
55 57 136 176
58 178 186 194
62 73 140 144
64 109 190 215
65 89 101 119
66 88 132 188
67 128 153 159
72 142 157 179
74 134 192 193
78 120 125 208
79 121 137 143
80 83 91 98
81 113 148 183
96 118 131 139
97 115 138 162
99 146 164 210
104 127 135 199
110 126 200 205
124 174 197 218
116 129 198 220
133 147 213 214
1 146 160 207
2 25 44 189
3 8 121 141
4 53 80 213
5 105 130 174
6 150 190 219
7 66 179 220
9 54 75 203
10 12 163 204
11 52 129 192
13 36 74 138
14 114 144 156
15 159 168 197
16 95 118 180
17 82 187 196
18 70 165 183
19 104 119 208
20 98 99 161
21 153 169 205
22 76 88 120
23 65 128 137
24 45 115 181
26 145 170 200
27 49 107 125
28 31 51 63
29 87 103 199
30 143 176 211
32 132 136 182
33 62 127 134
34 42 191 212
35 89 178 206
37 108 193 215
38 56 68 71
39 79 151 160
40 59 64 97
41 85 139 172
43 90 214 216
46 69 100 140
47 50 81 184
48 110 133 186
55 58 148 157
57 135 162 202
36 60 101 124
61 84 166 198
67 73 142 185
72 77 96 134
4 78 158 175
83 106 131 148
86 111 122 201
91 154 162 188
92 100 112 218
50 93 102 155
59 94 167 173
109 159 164 194
66 110 113 152
117 126 138 147
38 123 193 210
149 177 199 217
5 51 119 171
127 178 195 209
1 150 176 179
2 63 147 168
3 82 152 197
6 27 83 143
7 13 40 212
8 49 85 157
9 125 131 174
10 61 111 153
11 137 182 215
12 41 98 129
14 60 145 184
15 24 105 170
16 81 116 195
17 20 122 206
18 171 188 190
19 67 102 123
21 72 132 219
22 34 95 109
23 114 120 154
25 79 103 118
26 64 87 99
28 68 96 133
29 46 155 191
30 52 146 173
31 112 135 141
32 121 165 202
33 47 139 203
35 158 167 169
37 93 101 166
39 78 126 198
42 43 75 115
44 92 172 196
45 55 175 192
48 90 204 211
53 73 187 208
54 149 164 209
56 74 80 186
57 89 140 210
58 71 107 205
62 84 94 130
65 91 136 194
69 70 88 116
76 97 121 220
77 108 185 218
86 151 177 200
104 142 180 207
106 161 214 217
113 124 128 181
117 144 163 201
18 108 156 164
13 160 189 216
49 176 183 213
1 123 135 214
2 19 32 115
3 22 58 138
4 38 118 190
5 110 172 219
6 95 144 162
7 41 136 218
8 39 89 159
9 24 36 132
10 40 44 200
11 21 100 178
12 97 207 209
14 33 149 187
15 17 57 68
16 87 90 157
20 52 112 131
23 61 104 151
25 30 153 165
26 46 142 169
27 93 96 171
28 74 155 198
29 120 186 197
31 81 98 208
34 130 168 216
35 45 107 180
37 181 205 213
42 102 147 195
43 99 105 126
47 106 124 167
48 83 145 196
50 72 86 189
51 114 129 160
53 85 117 177
54 80 141 204
55 63 111 185
56 66 75 127
59 60 188 199
62 71 175 215
64 70 154 158
65 82 161 212
67 125 146 217
69 77 78 170
73 143 166 192
76 119 173 183
79 94 101 203
84 139 152 182
88 133 191 193
91 92 150 210
103 122 148 202
109 163 174 179
113 134 156 211
2 128 206 220
18 137 184 186
9 37 140 194
3 38 183 201
1 107 111 152
4 84 149 211
5 30 108 199
6 25 104 167
7 33 137 148
8 12 47 185
10 66 96 173
11 22 48 99
13 77 144 217
14 67 85 178
15 53 116 156
16 57 74 169
17 75 192 207
19 55 82 177
20 63 113 123
21 73 204 212
23 59 126 189
24 122 146 218
26 134 201 214
27 92 127 198
28 120 164 219
29 62 171 180
31 103 200 220
32 81 197 210
34 49 106 200
35 83 114 135
36 41 42 142
29 39 139 162
40 88 141 194
43 68 158 179
44 89 90 175
45 64 65 195
46 52 136 184
50 94 206 213
51 97 132 166
54 130 176 188
56 140 161 168
58 155 182 208
60 148 172 216
61 76 110 215
69 79 127 157
70 96 124 196
71 93 100 128
72 106 117 209
78 112 115 133
43 47 80 125
86 101 109 147
87 160 174 205
91 165 181 207
60 95 105 193
98 159 177 202
102 129 183 203
113 118 145 163
33 119 138 153
16 67 121 170
18 71 131 191
143 154 159 214
97 150 151 155
11 94 111 187
157 190 197 206
1 32 126 149
2 39 54 64
3 7 125 145
4 66 106 165
5 22 102 202
6 26 81 85
8 161 181 189
9 104 147 196
10 19 60 140
12 58 77 154
13 17 93 137
14 69 86 166
15 98 110 141
20 25 116 186
21 49 75 108
23 103 109 187
24 33 151 158
27 117 194 216
28 95 122 203
30 36 100 201
31 136 153 180
34 74 79 218
35 52 80 211
37 82 204 219
38 76 198 217
40 156 169 170
41 45 48 59
42 72 153 190
44 129 164 182
46 55 118 119
50 99 114 175
51 54 107 193
53 87 179 219
56 105 167 171
57 78 124 178
61 70 123 157
62 63 88 160
65 112 146 172
68 103 132 144
73 91 133 220
83 201 212 215
55 84 109 121
42 89 149 174
66 90 168 208
92 101 128 191
115 139 184 188
120 135 142 192
130 137 163 185
131 138 173 176
134 150 209 213
139 143 195 210
24 93 152 162
110 138 199 213
12 112 144 205
1 98 166 185
2 47 135 187
3 62 83 217
4 27 82 206
5 9 26 91
6 121 136 142
7 35 76 140
8 94 116 150
10 21 87 190
11 38 95 115
13 113 179 191
14 131 155 170
15 37 102 211
16 86 148 152
17 85 198 214
18 31 57 172
19 68 173 218
20 72 162 205
22 44 64 128
23 80 192 195
25 69 134 174
28 29 61 89
30 53 71 123
32 56 130 156
34 127 139 141
36 49 63 163
39 51 165 215
40 43 52 132
41 111 133 158
45 96 160 202
46 70 90 143
48 74 88 117
50 108 125 186
58 84 167 188
59 182 194 210
65 77 100 123
67 105 145 151
73 124 164 180
75 118 159 200
78 93 177 209
79 169 193 196
81 161 207 216
92 99 120 204
82 97 175 203
101 104 144 176
42 107 146 220
114 122 168 212
71 119 178 197
126 143 183 208
129 162 171 184
147 154 170 199
17 135 181 219
35 69 165 189
1 25 192 203
2 15 58 207
3 57 119 166
4 125 140 178
5 56 206 208
6 33 40 146
7 153 177 181
8 175 202 211
9 68 80 90
10 41 77 213
11 81 102 180
12 22 74 100
13 14 84 164
16 37 130 159
18 55 104 106
19 105 209 215
20 36 47 216
21 70 188 191
23 30 101 167
24 107 182 198
26 45 89 176
27 52 108 214
28 65 121 185
29 53 151 201
31 38 61 204
12 32 150 193
34 51 67 155
39 48 97 122
43 63 86 171
44 88 145 197
46 113 172 186
49 78 184 205
50 95 174 210
54 66 83 142
59 71 133 195
60 111 136 212
62 124 148 154
36 64 85 200
72 141 163 168
73 109 128 199
75 76 116 196
79 98 152 190
87 94 183 194
91 118 126 134
92 111 149 220
96 120 157 161
69 99 110 129
35 103 112 160
114 138 179 187
115 169 173 185
117 127 129 132
23 131 147 218
88 137 158 189
107 118 156 217
1 112 168 186
2 52 149 176
3 40 84 158
4 28 160 210
5 32 117 135
6 68 82 123
7 29 93 104
8 122 166 182
9 64 153 178
10 76 148 206
11 20 91 211
13 25 89 124
14 83 126 204
15 97 100 109
16 31 77 125
17 18 60 161
19 59 107 147
21 99 189 217
22 130 143 172
24 63 139 205
26 44 187 192
27 57 115 144
30 33 171 198
34 96 183 207
37 132 151 157
38 101 116 181
39 106 163 193
41 67 119 177
42 55 92 184
43 53 121 199
45 173 197 212
46 196 206 209
47 48 102 154
49 98 128 133
50 58 142 146
51 94 179 201
11 54 86 213
56 111 162 216
61 80 85 134
62 65 81 200
66 170 214 219
70 141 145 220
72 137 194 203
73 95 136 152
74 104 174 202
75 79 164 211
78 132 138 150
87 105 110 159
90 155 156 167
103 114 127 131
108 113 160 175
120 165 169 188
140 190 191 195
180 208 215 218
1 22 93 174
2 62 105 216
3 6 100 168
4 39 135 150
5 29 42 79
7 83 165 192
8 77 130 140
9 50 129 193
10 157 162 209
12 29 37 196
13 21 38 182
14 97 118 169
15 76 164 205
16 35 115 197
17 45 98 125
18 26 96 110
19 63 95 151
20 75 153 176
23 27 119 170
24 60 143 156
25 49 113 149
28 41 163 178
30 59 112 122
31 58 85 175
32 61 88 92
33 44 65 220
34 54 94 159
36 73 76 145
40 68 190 210
43 167 186 212
46 89 102 131
47 69 188 218
48 146 190 199
51 70 71 186
52 109 154 219
53 84 147 171
55 114 183 202
56 109 155 184
57 66 128 198
64 78 137 217
67 103 180 214
72 120 138 201
74 99 124 152
80 116 185 215
81 126 172 191
82 188 189 208
86 121 203 207
87 117 161 200
90 127 133 187
91 123 204 213
101 134 194 195
106 136 144 181
108 142 158 173
139 148 177 179
22 141 157 166
1 21 80 113
2 27 100 156
3 120 136 220
4 52 71 208
5 84 111 154
6 17 117 118
7 151 159 189
8 139 149 196
9 49 72 158
10 16 104 212
11 162 195 203
12 105 141 173
13 26 177 211
14 73 200 216
15 62 78 147
18 32 34 219
19 33 45 91
20 92 134 148
23 44 87 152
24 110 137 164
25 85 108 132
28 43 93 142
30 31 64 145
35 99 131 192
36 86 165 180
37 47 161 174
38 41 60 176
39 153 155 207
40 129 185 197
42 48 95 160
46 82 94 138
50 55 83 187
51 106 122 213
53 101 115 172
54 57 67 168
56 114 209 210
58 97 133 143
59 144 146 171
61 81 168 175
63 69 181 199
65 90 150 206
66 98 119 205
68 79 107 165
70 135 166 170
74 182 184 217
75 88 112 123
77 126 169 201
89 202 214 215
96 102 140 167
103 128 178 204
116 179 194 218
121 127 130 191
97 124 183 193
101 125 163 198
1 29 183 187
2 7 14 150
3 45 67 99
4 77 142 143
5 24 88 220
6 105 128 185
8 74 87 153
9 42 118 175
10 47 54 119
11 53 55 141
12 15 31 111
13 59 200 214
16 76 107 179
17 44 147 191
18 30 65 151
19 58 92 160
20 80 158 212
21 33 197 201
22 57 127 161
23 86 188 196
25 155 178 215
26 73 114 182
27 78 89 186
28 32 62 70
34 37 72 208
35 108 116 137
36 94 149 204
38 157 189 195
39 43 81 131
40 71 159 174
41 102 166 193
46 56 79 117
48 112 177 219
49 90 100 154
50 96 106 216
51 130 133 152
52 60 68 93
61 139 156 176
63 125 136 138
64 95 110 163
66 171 172 209
69 145 180 210
75 113 135 218
82 84 173 184
83 104 132 211
85 115 122 123
91 169 192 217
98 126 148 181
103 129 194 207
109 134 170 206
120 140 146 202
121 167 190 205
124 155 162 213
144 164 198 203
158 180 199 219
1 43 151 178
2 23 76 175
3 105 182 218
4 8 148 170
5 6 28 212
7 56 166 183
9 58 115 200
10 80 156 210
11 16 25 201
12 109 110 192
13 45 49 167
14 62 96 146
15 74 129 191
17 107 128 169
18 83 206 214
19 29 99 181
20 87 126 130
21 154 195 211
22 136 168 196
24 44 114 173
26 50 100 121
27 33 123 163
30 67 139 197
31 97 185 188
32 108 152 217
34 70 75 120
35 47 66 213
36 91 172 179
37 38 78 113
39 93 133 203
40 46 193 204
41 94 132 215
42 54 90 202
48 68 176 194
51 55 131 189
52 53 102 104
57 125 134 199
59 65 160 198
60 86 117 157
61 118 143 150
63 72 124 184
64 162 174 177
69 71 190 209
73 81 122 153
77 85 92 98
79 82 95 140
84 101 159 161
88 147 164 165
89 142 144 145
103 135 149 205
106 116 187 207
111 127 138 186
112 137 171 216
119 141 195 219
1 83 208 220
2 33 109 162
3 35 92 194
4 47 63 131
5 14 107 116
6 37 87 163
7 74 200 206
8 78 117 173
9 123 145 168
10 71 103 203
11 96 142 204
12 42 45 86
13 15 80 148
16 20 88 199
17 91 180 189
18 61 182 213
19 108 124 207
21 32 58 174
22 60 70 217
23 24 133 197
25 55 64 129
26 101 155 216
27 53 191 209
28 76 157 214
29 43 147 190
30 75 128 184
31 48 94 114
34 98 150 153
36 193 211 220
38 66 69 159
39 57 120 185
40 104 113 192
41 44 156 208
46 122 170 198
49 79 102 112
50 59 152 172
51 158 178 205
52 115 151 215
54 146 165 201
56 169 176 187
62 110 125 166
65 118 130 144
67 100 135 164
68 99 143 177
72 97 136 186
73 77 105 181
81 82 171 179
84 90 119 210
85 89 137 138
93 126 175 196
95 127 188 212
106 132 140 149
111 167 202 218
121 134 154 183
54 139 160 161
102 111 141 189
1 71 137 199
2 5 132 198
3 23 94 180
4 100 108 197
6 18 86 97
7 80 143 205
8 134 168 171
9 99 163 216
10 52 58 144
11 14 74 160
12 96 166 169
13 139 208 209
15 34 45 133
16 49 53 59
17 62 77 90
19 35 43 130
20 120 155 193
21 36 37 109
22 129 206 212
24 61 187 200
25 48 107 140
26 115 135 217
27 148 149 210
28 136 165 170
29 50 73 194
30 60 63 220
31 87 164 173
32 146 153 211
33 76 89 177
38 64 138 218
39 68 114 142
40 51 66 203
41 83 105 190
42 70 172 214
44 81 112 178
46 78 157 215
47 75 121 186
55 79 145 150
56 95 103 106
57 147 175 181
65 69 126 131
67 72 104 213
82 151 176 185
84 117 196 202
85 110 174 182
88 122 156 192
91 93 116 201
92 118 195 207
98 101 123 127
113 119 158 159
124 141 179 188
125 128 154 167
152 183 184 219
161 162 191 204
1 90 103 218
2 87 88 125
3 54 78 156
4 15 120 217
5 37 39 94
6 58 113 171
7 11 122 207
8 56 118 201
9 67 133 148
10 31 55 89
12 101 164 189
13 28 34 81
14 102 142 177
16 114 185 193
17 46 97 173
18 80 196 203
19 21 149 214
20 42 65 138
22 25 50 98
23 60 62 213
24 53 153 175
26 111 129 208
27 59 76 158
29 134 161 219
30 106 166 212
32 57 83 159
33 41 49 117
35 136 143 145
36 93 181 206
38 119 165 167
40 92 96 163
43 85 95 168
44 66 74 211
45 126 144 187
47 105 123 191
48 104 169 182
51 115 128 176
52 75 124 160
61 109 188 220
63 99 132 135
64 86 112 192
68 140 152 199
69 194 200 204
70 79 84 131
71 116 147 183
72 107 155 174
73 127 154 179
77 146 178 198
82 141 186 209
91 137 197 202
100 130 139 180
108 150 157 172
110 162 170 210
121 184 215 216
76 142 151 190
70 195 204 205
1 39 138 182
2 22 178 179
3 173 210 219
4 62 123 177
5 61 137 147
6 46 114 220
7 95 97 134
8 30 80 93
9 57 110 143
10 14 36 50
11 42 77 84
12 17 51 218
13 41 58 109
15 88 101 135
16 155 186 203
18 56 116 146
19 106 139 211
20 74 108 208
21 26 83 184
23 99 112 121
24 47 86 163
25 32 68 164
27 90 124 145
28 171 199 215
29 131 159 217
31 91 132 158
33 67 94 169
34 129 180 181
35 63 153 201
37 69 118 148
38 49 96 141
40 154 161 176
43 60 149 183
44 45 130 209
48 65 113 197
52 55 85 87
53 150 170 194
54 133 140 206
59 89 157 196
64 193 207 212
66 185 189 191
71 79 136 202
72 75 111 166
73 98 102 151
78 100 105 187
81 174 190 198
82 115 120 127
92 152 168 214
103 119 126 162
104 117 125 160
107 122 188 195
128 156 165 205
144 167 172 200
157 175 213 216
58 140 185 192
1 62 122 169
2 11 31 56
3 27 55 97
4 33 70 192
5 100 103 146
6 32 172 189
7 81 117 139
8 9 177 207
10 147 159 215
12 65 107 168
13 54 102 190
14 143 191 196
15 44 49 203
16 51 136 175
17 88 108 183
18 113 130 205
19 110 135 171
20 29 137 173
21 74 105 114
22 43 160 220
23 38 39 124
24 101 186 204
25 170 179 209
26 41 90 131
28 134 180 197
30 50 138 188
34 80 82 118
35 42 94 151
36 67 126 129
37 60 178 210
40 109 152 218
45 79 104 158
46 99 115 149
1 56 111 171 223 278 338 392 445 499 553 608 662 717 771 827 881 937 992
2 57 112 172 224 274 339 393 446 500 554 609 663 718 772 828 882 938 993
3 58 113 173 225 277 340 394 447 501 555 610 664 719 773 829 883 939 994
4 59 114 157 226 279 341 395 448 502 556 611 665 720 774 830 884 940 995
5 60 115 169 227 280 342 396 449 503 557 612 666 721 775 828 885 941 996
6 61 116 174 228 281 343 397 450 504 555 613 667 721 776 831 886 942 997
7 62 117 175 229 282 340 398 451 505 558 614 663 722 777 832 887 943 998
8 63 113 176 230 283 344 399 452 506 559 615 668 720 778 833 888 944 999
9 64 118 177 231 276 345 396 453 507 560 616 669 723 779 834 889 945 999
6 58 119 178 232 284 346 400 454 508 561 617 670 724 780 835 890 946 1000
10 65 120 179 233 285 336 401 455 509 535 618 671 725 781 836 887 947 993
11 66 119 180 234 283 347 391 456 470 562 619 672 726 782 837 891 948 1001
12 67 121 175 221 286 348 402 457 510 563 620 673 727 783 838 892 949 1002
13 68 122 181 235 287 349 403 457 511 564 621 663 728 775 836 893 946 1003
6 69 123 182 236 288 350 404 446 512 565 622 672 729 783 839 884 950 1004
14 70 124 183 237 289 332 405 458 513 566 617 674 725 784 840 894 951 1005
15 71 125 184 236 290 348 406 443 514 567 613 675 730 785 841 895 948 1006
11 72 126 185 220 275 333 407 459 514 568 623 676 731 786 831 896 952 1007
16 63 127 186 224 291 346 408 460 515 569 624 677 732 787 842 897 953 1008
3 73 128 184 238 292 351 409 461 509 570 625 678 733 784 843 898 954 1009
17 59 129 187 233 293 352 400 462 516 563 608 679 734 788 844 897 955 1010
18 74 130 188 225 285 342 410 456 517 553 607 680 735 789 845 899 938 1011
19 75 131 189 239 294 353 411 463 496 571 626 681 718 790 829 900 956 1012
18 72 132 182 231 295 354 389 464 518 572 627 666 736 790 846 901 957 1013
20 76 112 190 240 281 351 412 445 510 573 628 682 725 791 847 899 958 1014
4 77 133 191 241 296 343 396 465 519 568 620 683 737 792 848 902 955 1015
21 78 134 174 242 297 355 395 466 520 571 609 684 738 793 849 903 959 994
13 79 135 192 243 298 356 413 467 502 574 629 685 721 794 850 892 960 1016
22 65 136 193 244 299 305 413 468 505 557 562 662 732 795 851 904 961 1009
23 66 137 194 240 280 357 414 463 521 575 630 676 739 796 852 905 944 1017
24 74 135 195 245 300 358 407 469 513 576 630 672 740 797 853 890 962 993
25 78 138 196 224 301 338 415 470 503 577 623 685 741 788 854 906 958 997
26 80 139 197 235 282 331 354 450 521 578 624 679 738 772 855 907 963 995
27 64 140 188 246 302 359 416 471 522 579 623 686 742 798 839 892 964 1018
9 81 141 198 247 303 360 398 444 492 566 631 687 743 773 842 908 965 1019
28 61 121 153 231 304 357 417 461 482 580 632 688 744 799 844 909 946 1020
29 82 142 199 248 276 361 404 458 523 562 633 686 745 776 844 885 966 1021
5 64 143 167 226 277 362 401 469 524 563 634 689 745 800 856 910 967 1012
30 70 144 200 230 305 339 418 472 525 556 635 690 746 801 857 885 937 1012
5 83 145 175 232 306 363 419 450 501 581 636 691 747 802 858 911 968 1022
31 84 146 180 229 304 364 420 454 526 574 634 692 748 803 859 907 949 1015
32 82 140 201 249 304 365 380 437 527 557 637 669 749 782 860 898 947 1019
20 85 147 201 250 307 323 419 473 528 582 629 690 717 795 842 912 969 1011
29 68 112 202 232 308 366 410 474 519 578 626 675 736 803 861 913 970 1004
33 76 132 203 247 309 364 421 465 529 567 624 664 727 782 839 914 970 1023
33 67 148 193 241 310 367 422 475 530 583 638 693 747 804 862 895 942 1024
34 69 149 197 251 283 323 393 461 531 584 633 670 743 774 863 915 957 0
16 75 150 204 252 285 364 423 472 531 585 637 694 750 797 847 916 971 0
35 86 134 176 222 302 352 417 476 532 573 616 695 727 805 840 907 967 1004
36 87 149 162 253 311 368 424 477 533 560 639 696 737 806 851 899 946 1017
6 88 135 169 254 312 369 418 471 534 586 640 697 751 807 858 917 948 1005
37 79 120 194 238 310 360 419 466 500 587 611 698 752 808 835 918 972 0
32 67 114 205 255 288 370 414 468 528 588 641 671 752 793 840 901 973 0
7 89 118 206 256 313 339 369 478 535 579 642 670 749 809 825 883 974 1002
5 90 151 203 257 291 367 379 459 527 589 639 671 751 791 864 890 972 994
36 68 143 207 258 314 371 415 449 536 590 643 693 722 810 865 888 952 993
38 90 152 208 236 289 372 407 447 520 591 642 680 753 801 866 906 945 0
4 91 151 209 225 315 347 425 446 533 576 644 677 723 788 835 886 949 991
3 59 145 163 259 294 364 426 479 515 575 645 673 754 806 840 903 975 0
39 76 153 181 259 316 327 346 480 514 572 634 698 755 789 852 900 969 1021
33 87 154 178 239 317 373 413 469 537 577 646 699 756 786 846 919 941 0
23 92 139 210 260 299 374 394 481 538 554 622 685 728 811 841 900 940 992
14 75 135 172 257 292 374 417 473 518 569 647 700 757 774 852 920 965 0
13 93 145 191 261 309 339 410 482 507 592 630 701 758 791 856 921 976 0
35 94 131 211 262 309 375 427 467 538 578 648 676 754 812 867 898 971 1001
40 95 117 165 258 284 341 381 478 539 591 649 702 743 800 858 913 977 0
22 96 155 186 263 287 332 428 471 526 593 642 664 739 813 868 889 963 1020
35 77 143 192 236 307 376 408 453 504 581 650 698 750 814 857 922 958 0
41 71 148 212 264 318 349 412 444 491 584 647 703 759 800 867 923 966 0
24 62 126 212 261 319 373 422 462 540 586 651 685 742 789 860 924 936 995
42 70 143 209 260 320 333 414 439 479 586 611 691 759 780 827 925 978 0
15 97 156 187 253 321 365 409 483 541 594 616 686 757 815 868 926 979 0
25 92 155 205 265 293 377 429 484 542 580 621 683 760 816 851 927 980 0
2 98 121 207 243 289 359 423 456 543 595 652 668 729 777 836 913 954 1010
43 74 118 201 258 290 352 430 485 544 570 653 704 742 796 863 918 979 0
44 77 130 213 266 317 362 398 485 508 565 580 674 718 794 855 903 935 0
45 85 156 214 264 286 347 427 454 513 559 654 665 761 816 841 928 947 0
11 99 157 200 264 322 372 431 476 545 592 622 684 745 778 862 883 981 0
46 100 144 190 267 318 359 432 486 544 557 650 693 762 805 864 924 978 1023
18 101 114 207 256 323 360 411 453 537 596 608 678 724 783 832 896 944 1018
45 102 149 183 245 301 343 433 455 538 597 646 690 760 817 861 892 982 998
28 87 125 173 262 291 361 395 435 504 598 638 705 762 817 869 929 983 1018
41 101 158 174 252 303 378 394 478 511 558 639 706 731 771 859 906 955 0
35 57 154 210 268 279 379 425 457 501 588 612 705 763 818 870 924 947 0
1 89 146 176 255 287 343 406 482 537 576 628 707 761 819 871 912 972 0
42 78 159 215 253 324 349 405 473 535 599 632 681 755 782 831 921 957 0
34 78 136 191 237 325 370 400 487 546 600 626 668 733 776 853 882 972 0
31 95 130 212 269 306 374 423 474 497 577 653 666 764 784 872 882 950 1006
18 94 141 208 230 308 380 413 465 510 583 655 684 765 819 855 890 975 0
47 80 147 204 237 308 381 422 453 547 601 648 695 749 818 841 881 959 1015
14 101 160 211 270 326 377 396 488 509 602 624 708 744 785 873 930 962 0
48 88 161 202 270 297 382 434 489 527 577 625 677 761 773 874 911 984 0
49 84 162 199 242 320 348 389 431 505 553 629 698 746 820 873 909 944 0
21 72 163 210 267 311 336 399 487 534 579 638 688 748 797 829 885 963 1019
11 83 124 188 228 327 356 401 477 542 569 637 701 762 821 865 912 943 0
32 103 156 192 242 284 319 421 490 522 568 656 696 728 781 837 911 967 0
10 104 145 213 234 312 335 435 472 512 564 644 660 740 815 831 895 943 994
26 101 128 180 245 328 350 392 486 532 567 649 709 761 798 875 899 980 0
40 105 128 191 250 285 368 434 491 516 595 631 664 732 814 834 920 956 1024
8 83 148 161 233 320 357 427 456 512 555 609 695 737 813 830 931 981 996
40 94 153 199 267 324 382 436 463 524 603 641 661 763 792 875 891 950 1013
30 59 162 186 249 329 342 404 455 531 583 656 692 752 805 826 893 980 1002
48 89 136 190 271 300 353 376 492 548 593 657 710 766 780 865 881 985 996
17 106 127 216 239 281 345 436 459 505 543 617 706 752 802 868 916 986 1023
12 86 115 182 250 327 371 428 460 546 554 619 667 719 816 859 915 981 1010
50 65 158 217 251 302 321 341 459 525 604 640 696 767 822 865 905 953 0
45 73 134 209 247 278 369 437 464 498 515 650 674 730 775 847 926 987 1001
47 58 142 214 220 280 352 424 466 549 605 628 687 741 787 830 932 954 1006
45 93 164 188 272 324 353 379 484 512 587 590 711 726 772 844 919 949 1022
21 107 150 165 227 317 350 390 491 546 568 627 701 726 811 871 933 945 1008
51 62 159 178 257 278 336 420 480 489 536 612 672 768 823 826 902 979 0
36 80 161 195 238 322 375 391 492 499 575 653 694 769 805 861 921 956 0
9 102 165 218 273 292 330 402 475 549 573 608 704 745 802 876 886 971 1007
51 63 122 189 254 303 368 438 493 548 589 643 683 736 797 857 894 942 1010
23 104 132 201 224 322 383 401 494 520 566 641 707 723 808 848 917 983 1024
27 56 109 183 212 288 351 399 485 524 596 658 687 767 775 873 925 952 0
24 81 166 219 255 321 355 423 495 503 600 613 693 755 778 870 907 986 998
51 103 124 190 226 330 367 430 488 498 564 613 669 756 812 874 888 966 1018
15 94 127 169 266 331 367 439 447 526 571 649 670 770 818 876 910 985 0
39 99 130 189 244 298 384 434 490 550 594 610 712 742 801 843 884 983 0
9 100 113 196 213 332 379 397 467 528 599 659 713 737 824 863 934 956 0
44 82 159 184 271 295 356 438 472 506 575 640 707 760 804 872 887 987 992
52 72 167 186 223 292 373 414 427 504 602 653 707 738 779 875 915 940 0
1 108 153 218 251 319 372 429 481 510 595 660 714 757 787 877 918 959 1012
10 99 134 177 263 323 340 424 448 513 567 661 700 753 811 878 882 986 0
37 107 166 200 250 294 338 440 488 511 597 654 709 733 820 867 914 985 1020
44 106 139 170 258 297 318 416 495 548 601 659 680 768 821 875 927 983 0
47 96 131 218 274 320 382 410 484 532 591 657 667 730 796 878 917 988 0
42 109 120 180 254 329 366 441 491 495 560 636 710 729 791 845 902 964 1020
41 79 115 210 246 313 385 415 458 517 559 659 697 733 812 842 931 970 1007
25 103 158 177 238 333 386 403 496 548 583 631 690 751 774 867 924 961 1015
53 95 138 187 231 312 376 419 495 523 545 628 706 748 822 828 920 962 0
28 110 150 192 269 322 377 420 479 532 601 644 697 746 790 839 889 974 0
30 98 139 156 273 296 387 412 488 537 603 625 711 753 824 833 904 943 1016
49 106 152 195 223 303 384 393 443 503 556 651 704 766 813 848 920 950 1008
30 90 138 211 229 310 358 397 480 542 604 610 700 735 815 850 908 978 1005
32 100 131 179 275 282 348 385 497 541 592 627 687 769 819 827 930 941 1009
48 104 121 166 225 331 386 390 493 545 594 638 700 768 819 856 898 937 1017
52 103 146 197 268 305 383 388 416 518 606 615 699 739 825 838 931 953 998
19 92 148 208 276 314 346 398 448 551 559 656 712 762 822 847 922 974 991
42 76 113 195 256 306 350 416 483 540 607 619 671 770 826 877 929 967 0
3 97 155 216 241 304 384 397 478 533 605 629 665 765 781 857 893 935 0
36 100 137 174 265 334 388 422 440 517 572 644 665 756 814 832 908 945 1003
43 92 122 219 228 286 376 391 436 520 604 645 715 765 812 835 914 989 0
53 56 133 181 252 330 340 428 474 540 580 630 703 765 779 864 908 959 0
24 105 111 194 263 295 375 437 450 533 585 645 712 728 809 854 928 952 996
8 110 166 172 249 324 345 442 496 515 588 622 675 764 795 866 925 941 1000
2 102 151 158 271 282 316 405 481 508 606 625 709 720 783 849 889 966 0
54 83 168 206 235 279 338 380 489 500 573 615 688 766 822 849 897 969 1024
31 81 116 171 270 335 387 399 470 545 556 648 663 756 798 864 932 973 0
43 73 144 215 239 335 354 428 468 523 569 614 676 717 808 869 935 980 1019
13 66 165 173 268 278 389 405 486 542 595 626 697 741 806 879 922 984 1022
41 96 129 178 240 331 358 365 451 507 570 635 668 760 798 854 901 965 0
15 64 160 189 261 334 347 442 481 531 587 612 695 734 824 878 927 968 0
7 86 162 193 243 315 335 403 471 547 590 635 682 714 792 843 926 951 0
28 65 122 220 273 288 363 415 498 547 572 609 699 724 803 872 883 988 0
37 97 151 176 237 318 337 373 490 523 561 607 689 755 794 862 932 975 990
25 60 157 198 261 307 354 420 497 501 605 616 678 716 807 876 903 962 1023
53 96 123 164 230 328 334 430 458 546 579 614 691 763 800 876 906 961 1000
50 111 144 221 254 325 374 421 492 502 549 637 677 754 825 836 918 986 1011
48 60 128 217 262 314 344 433 490 514 600 633 680 763 825 880 904 968 0
47 104 152 160 228 305 389 409 441 536 561 618 714 758 772 880 933 985 0
49 71 119 219 272 330 385 417 483 525 574 661 701 738 776 834 911 957 0
33 105 164 206 220 298 366 429 457 544 565 627 715 764 813 853 891 958 0
12 84 126 196 240 326 341 418 444 550 558 632 650 764 809 850 910 988 0
16 85 154 199 265 312 349 392 447 506 607 651 692 722 811 837 905 979 0
53 82 163 198 251 281 371 425 463 547 582 656 713 727 823 878 910 989 0
10 84 123 172 246 314 381 438 483 499 555 642 646 735 779 833 912 984 1001
52 88 129 198 241 289 363 432 494 550 564 654 708 730 810 837 916 963 992
54 87 133 182 264 332 363 403 442 539 571 651 711 720 804 850 933 973 1014
2 56 169 185 242 299 371 441 473 521 588 645 702 769 817 833 886 960 1008
54 73 146 202 227 316 375 407 475 517 597 641 702 744 806 860 932 989 997
14 89 163 194 266 284 386 408 494 529 605 619 705 736 778 853 895 939 1009
16 108 115 177 272 325 380 412 477 543 553 633 691 758 788 871 926 982 0
27 61 157 203 260 308 368 435 452 549 576 646 669 718 820 866 901 990 1005
22 90 137 171 222 313 386 436 465 500 570 634 699 750 810 869 917 968 0
20 88 168 215 255 291 328 431 451 526 606 620 694 758 814 855 893 940 999
34 91 141 170 233 287 372 439 448 507 574 657 682 717 807 861 928 938 1021
29 97 117 171 272 307 370 402 493 534 606 658 674 744 817 877 927 938 1014
40 69 124 216 247 299 358 429 455 552 593 632 703 716 785 829 931 964 1016
46 79 132 218 248 326 344 443 451 524 604 647 709 732 816 866 909 964 0
20 71 138 179 268 315 366 426 464 506 563 652 683 719 786 871 916 937 0
19 102 126 222 266 277 329 440 487 522 589 660 662 722 824 879 925 969 1006
44 60 149 181 275 310 383 441 476 527 590 652 705 757 796 879 934 955 0
55 81 155 214 257 283 385 392 467 494 596 636 667 740 801 869 894 977 991
49 91 150 207 244 275 351 424 475 499 582 586 684 768 815 863 929 951 1013
31 70 125 205 235 336 353 393 493 519 601 639 662 767 810 846 914 981 0
8 95 160 185 259 313 383 425 462 550 584 598 681 740 821 877 919 987 1017
22 74 112 221 253 294 344 444 497 516 598 614 689 751 785 826 891 977 997
38 93 116 185 226 337 365 400 486 551 581 585 713 759 795 859 935 982 1002
26 63 140 193 269 333 382 402 462 551 597 659 675 729 793 880 915 977 1003
54 98 120 203 265 290 384 411 445 519 558 631 708 726 802 872 921 991 995
34 98 142 167 269 327 369 432 470 525 560 660 692 747 799 843 894 976 0
51 91 164 211 276 306 355 426 487 541 603 658 710 750 773 851 923 973 0
12 58 170 183 249 309 388 411 479 551 603 618 689 734 770 874 936 987 0
23 86 125 202 252 319 345 432 485 530 562 615 681 735 820 870 896 975 1003
43 108 123 173 244 301 337 439 474 529 566 636 679 739 790 830 930 971 1016
55 109 154 200 243 297 362 406 464 521 591 661 715 754 804 828 928 982 0
27 106 136 168 259 280 390 442 484 528 585 647 716 753 784 827 922 960 0
38 107 133 215 232 300 302 430 482 538 600 621 673 723 777 846 923 989 0
46 57 159 219 277 296 357 378 468 534 594 654 679 725 809 873 888 965 0
55 68 152 196 271 328 342 421 452 543 589 655 712 749 823 870 930 978 0
38 67 118 197 267 329 356 435 445 541 599 618 715 746 780 858 896 951 1004
50 77 119 204 256 293 361 434 469 511 602 657 688 747 781 880 923 936 1013
39 107 129 209 248 325 391 409 476 518 565 649 713 766 807 832 936 988 1007
50 85 141 184 274 311 337 395 449 508 530 648 711 731 777 845 909 974 0
21 80 111 216 234 290 326 433 446 522 599 635 710 767 787 874 887 976 999
46 99 127 205 245 315 381 440 449 552 598 611 686 771 803 838 902 954 0
19 61 170 206 234 321 387 431 460 530 561 643 702 759 793 838 929 970 1014
17 105 167 208 270 301 388 426 477 502 581 643 703 724 818 849 933 939 1021
39 62 137 204 273 279 360 404 452 509 544 620 706 734 799 854 913 953 0
37 69 140 175 262 293 378 438 480 529 582 617 678 721 821 845 905 976 0
55 110 114 222 248 311 387 390 454 535 602 640 714 743 786 868 900 990 0
7 110 147 217 223 296 334 406 466 539 593 655 673 731 794 860 897 984 0
1 93 142 179 260 317 378 418 460 552 596 655 682 748 808 862 934 960 1000
17 66 147 221 246 316 355 433 461 536 554 621 696 769 792 834 934 990 0
29 75 168 217 263 286 362 394 498 516 592 652 708 741 789 848 884 961 0
4 108 161 214 229 295 359 408 496 552 584 658 704 719 823 856 881 948 1022
26 57 116 187 227 298 361 370 443 539 587 623 694 716 770 879 904 939 0
52 109 117 213 274 300 377 437 489 540 578 610 666 771 799 852 919 942 1011
