1024 350
5 15
5 5 5 5 5 5 5 5 5 5 5 5 5 5 5 5 5 5 5 5 5 5 5 5 5 5 5 5 5 5 5 5 5 5 5 5 5 5 5 5 5 5 5 5 5 5 5 5 5 5 5 5 5 5 5 5 5 5 5 5 5 5 5 5 5 5 5 5 5 5 5 5 5 5 5 5 5 5 5 5 5 5 5 5 5 5 5 5 5 5 5 5 5 5 5 5 5 5 5 5 5 5 5 5 5 5 5 5 5 5 5 5 5 5 5 5 5 5 5 5 5 5 5 5 5 5 5 5 5 5 5 5 5 5 5 5 5 5 5 5 5 5 5 5 5 5 5 5 5 5 5 5 5 5 5 5 5 5 5 5 5 5 5 5 5 5 5 5 5 5 5 5 5 5 5 5 5 5 5 5 5 5 5 5 5 5 5 5 5 5 5 5 5 5 5 5 5 5 5 5 5 5 5 5 5 5 5 5 5 5 5 5 5 5 5 5 5 5 5 5 5 5 5 5 5 5 5 5 5 5 5 5 5 5 5 5 5 5 5 5 5 5 5 5 5 5 5 5 5 5 5 5 5 5 5 5 5 5 5 5 5 5 5 5 5 5 5 5 5 5 5 5 5 5 5 5 5 5 5 5 5 5 5 5 5 5 5 5 5 5 5 5 5 5 5 5 5 5 5 5 5 5 5 5 5 5 5 5 5 5 5 5 5 5 5 5 5 5 5 5 5 5 5 5 5 5 5 5 5 5 5 5 5 5 5 5 5 5 5 5 5 5 5 5 5 5 5 5 5 5 5 5 5 5 5 5 5 5 5 5 5 5 5 5 5 5 5 5 5 5 5 5 5 5 5 5 5 5 5 5 5 5 5 5 5 5 5 5 5 5 5 5 5 5 5 5 5 5 5 5 5 5 5 5 5 5 5 5 5 5 5 5 5 5 5 5 5 5 5 5 5 5 5 5 5 5 5 5 5 5 5 5 5 5 5 5 5 5 5 5 5 5 5 5 5 5 5 5 5 5 5 5 5 5 5 5 5 5 5 5 5 5 5 5 5 5 5 5 5 5 5 5 5 5 5 5 5 5 5 5 5 5 5 5 5 5 5 5 5 5 5 5 5 5 5 5 5 5 5 5 5 5 5 5 5 5 5 5 5 5 5 5 5 5 5 5 5 5 5 5 5 5 5 5 5 5 5 5 5 5 5 5 5 5 5 5 5 5 5 5 5 5 5 5 5 5 5 5 5 5 5 5 5 5 5 5 5 5 5 5 5 5 5 5 5 5 5 5 5 5 5 5 5 5 5 5 5 5 5 5 5 5 5 5 5 5 5 5 5 5 5 5 5 5 5 5 5 5 5 5 5 5 5 5 5 5 5 5 5 5 5 5 5 5 5 5 5 5 5 5 5 5 5 5 5 5 5 5 5 5 5 5 5 5 5 5 5 5 5 5 5 5 5 5 5 5 5 5 5 5 5 5 5 5 5 5 5 5 5 5 5 5 5 5 5 5 5 5 5 5 5 5 5 5 5 5 5 5 5 5 5 5 5 5 5 5 5 5 5 5 5 5 5 5 5 5 5 5 5 5 5 5 5 5 5 5 5 5 5 5 5 5 5 5 5 5 5 5 5 5 5 5 5 5 5 5 5 5 5 5 5 5 5 5 5 5 5 5 5 5 5 5 5 5 5 5 5 5 5 5 5 5 5 5 5 5 5 5 5 5 5 5 5 5 5 5 5 5 5 5 5 5 5 5 5 5 5 5 5 5 5 5 5 5 5 5 5 5 5 5 5 5 5 5 5 5 5 5 5 5 5 5 5 5 5 5 5 5 5 5 5 5 5 5 5 5 5 5 5 5 5 5 5 5 5 5 5 5 5 5 5 5 5 5 5 5 5 5 5 5 5 5 5 5 5 5 5 5 5 5 5 5 5 5 5 5 5 5 5 5 5 5 5 5 5 5 5 5 5 5 5 5 5 5 5 5 5 5 5 5 5 5 5 5 5 5 5 5 5 5 5 5 5 5 5 5 5 5 5 5 5 5 5 5 5 5 5 5 5 5 5 5 5 5 5 5 5 5 5 5 5 5 5 5 5 5 5 5 5 5 5 5 5 5 5 5 5 5 5 5 5 5 5 5 5 5 5 5 5 5 5 5 5 5 5 5 5 5 5 5 5 5 5 5 5 5 5 5 5 5 5 5 5 5 5 5 5 5 5 5 5 5 5 5 5 5 5 5 5 5 5 5 5 5 5 5 5 5 5 5 5 5 5 5 5 5 5 5 5 5 5 5 5 5 5 5 5 5 5 5 5 5 5 5
15 15 15 15 15 15 15 15 15 15 15 15 15 15 15 15 15 15 15 15 15 15 15 15 15 15 15 15 15 15 15 15 15 15 15 15 15 15 15 15 15 15 15 15 15 15 15 15 15 15 15 15 15 15 15 15 15 15 15 15 15 15 14 15 14 14 14 15 14 14 14 15 14 15 15 15 14 15 14 15 15 15 14 15 15 15 14 15 15 15 15 15 14 14 14 15 15 14 14 14 14 14 15 15 14 14 14 15 15 14 14 15 15 14 15 15 15 15 15 15 15 14 14 14 14 15 15 15 14 14 14 15 14 15 14 15 15 15 14 15 14 15 14 15 14 15 14 14 15 15 15 15 15 14 15 14 14 15 14 15 14 15 15 15 14 15 15 15 15 14 15 15 15 14 15 14 14 14 15 14 15 14 15 14 15 15 15 14 15 14 14 14 15 14 15 14 15 14 14 15 14 15 14 15 15 14 14 15 14 14 15 15 14 14 15 14 14 15 15 14 14 15 15 14 15 15 15 15 15 15 15 14 15 15 14 15 15 15 15 15 15 14 14 14 15 15 15 15 14 14 14 14 15 14 14 15 14 15 15 15 14 14 14 15 15 15 14 15 15 14 14 15 14 15 14 15 14 14 14 15 15 14 14 14 15 15 14 15 15 15 14 14 15 14 14 15 15 15 15 14 15 14 14 15 14 15 15 15 15 14 14 15 14 14 15 15 14 15 15 15 15 15 14 15 14 14 14 15 15 14 15 15 15 15 14 14 15 14 15 15 15 14 15 14 14 15 14 14 15 14
1 134 197 271 342
2 29 118 225 235
3 38 90 92 346
4 19 56 61 84
5 12 76 78 242
6 152 230 297 340
7 48 148 175 189
8 17 144 191 264
9 114 159 257 308
10 31 83 88 236
11 102 132 179 268
13 64 237 256 267
14 111 155 333 343
15 20 127 213 334
16 46 274 284 285
18 136 160 275 330
21 74 82 166 293
22 87 170 223 307
23 93 131 192 240
24 164 299 313 347
25 106 196 234 270
26 37 138 278 348
27 116 198 202 290
28 50 124 201 224
30 33 58 249 265
32 53 63 105 298
34 41 96 141 203
35 162 220 305 336
36 150 288 319 338
39 101 109 269 325
40 69 72 174 221
42 165 186 190 302
43 142 154 206 262
44 55 98 112 255
45 128 212 310 327
47 67 94 146 199
49 126 180 200 250
51 81 283 316 320
52 66 91 188 337
54 77 80 119 123
57 110 177 251 323
59 167 226 258 291
60 71 184 324 350
62 86 147 211 315
65 209 273 277 303
68 117 289 335 339
70 95 168 218 219
73 120 121 260 314
75 108 215 261 272
79 104 135 328 344
85 130 143 145 329
89 125 137 306 341
97 156 157 263 317
99 139 216 233 296
100 187 238 247 292
103 115 172 232 244
107 153 158 266 321
113 173 217 279 326
122 140 195 207 332
129 151 171 183 193
133 169 205 312 345
149 185 194 208 280
161 214 231 241 295
163 178 181 239 248
176 276 287 300 349
182 245 253 259 331
204 210 229 294 309
222 254 286 311 322
227 228 252 304 318
243 246 281 282 301
1 43 112 118 168
2 240 277 333 344
3 145 279 300 340
4 206 257 272 283
5 202 238 251 341
6 31 63 131 156
7 8 45 224 328
9 27 91 158 162
10 22 179 252 258
11 39 129 221 278
12 47 123 259 315
13 114 208 239 301
14 58 103 241 275
15 107 169 196 299
16 34 36 217 296
17 71 289 309 311
18 74 126 165 314
19 122 171 184 233
20 130 180 219 335
21 48 72 147 163
23 89 149 332 334
24 32 189 288 316
25 172 182 304 346
26 152 231 292 342
28 99 121 198 291
29 46 87 146 302
30 52 86 263 322
33 98 203 243 323
35 109 209 210 245
37 41 119 212 345
38 186 261 286 306
40 70 116 192 244
42 281 298 324 325
44 157 195 293 318
49 128 236 308 313
50 185 253 271 343
51 78 160 176 268
53 69 77 124 330
54 56 85 204 249
55 105 153 264 287
57 175 213 307 350
59 93 220 247 265
60 97 111 205 349
61 68 106 135 197
62 113 154 191 347
64 161 170 200 321
65 141 194 215 266
66 73 79 132 285
67 81 140 230 270
75 134 148 167 329
76 83 90 117 138
80 102 256 303 319
82 95 100 234 337
84 187 190 273 317
88 127 216 248 255
92 104 207 267 312
94 133 150 232 269
96 101 201 222 250
108 136 218 229 246
110 159 183 228 338
115 120 144 223 305
125 142 174 297 310
137 166 214 225 336
139 254 295 327 331
143 227 274 280 320
151 235 237 290 294
155 164 177 226 284
173 188 193 199 282
178 260 262 276 348
181 220 261 326 339
71 124 161 211 320
157 158 217 242 260
1 3 223 325 327
2 56 91 138 201
4 5 21 22 133
6 78 180 210 284
7 33 117 151 190
8 34 67 111 218
9 258 275 289 340
10 141 154 171 214
11 95 149 279 323
12 134 222 273 334
13 18 57 156 182
14 109 163 198 207
15 238 262 274 282
16 72 112 286 308
17 99 110 123 196
19 70 167 245 321
20 73 235 272 298
23 43 85 160 338
24 26 104 229 263
25 147 176 193 277
27 127 146 268 310
28 38 293 303 347
29 136 184 185 247
30 53 128 194 270
31 58 135 199 306
32 126 162 233 345
35 174 197 227 349
36 152 301 305 315
37 81 103 153 251
39 44 54 316 339
40 42 52 88 319
41 87 106 192 239
45 74 173 204 244
46 75 264 295 312
47 82 226 237 276
48 131 132 139 266
49 102 181 342 350
50 137 150 287 335
51 59 183 281 328
55 90 100 115 211
60 66 89 172 203
61 98 107 330 346
62 84 118 212 285
63 92 96 159 292
64 191 240 269 271
65 76 178 219 228
68 120 142 313 332
69 86 195 294 307
77 252 278 337 341
79 116 250 253 300
80 169 243 314 343
83 113 166 208 254
93 175 188 290 312
94 248 291 311 318
97 114 130 179 216
101 206 236 265 304
105 143 221 256 333
108 241 255 259 317
119 170 189 257 344
121 140 187 288 322
122 200 302 309 326
125 144 155 266 329
129 213 224 230 246
37 145 186 209 299
148 205 280 336 348
164 165 168 193 283
177 192 231 242 324
71 202 215 225 232
101 234 267 329 331
64 249 296 297 311
1 140 143 159 232
2 3 160 216 260
4 125 270 300 339
5 184 261 291 313
6 72 79 146 169
7 43 127 195 341
8 56 181 258 298
9 102 147 247 331
10 81 120 250 293
11 29 63 161 205
12 104 214 249 302
13 141 244 255 299
14 20 59 113 189
15 94 97 165 337
16 103 156 342 344
17 21 274 306 330
18 35 62 219 224
19 28 100 254 268
22 33 91 122 284
23 211 235 253 303
24 83 182 197 290
25 34 52 114 336
26 67 99 175 325
27 61 191 263 320
30 137 245 257 281
31 75 158 212 307
32 47 202 228 295
36 49 167 221 251
38 77 111 239 265
39 131 178 286 315
40 92 118 149 316
41 42 121 275 349
44 110 188 222 256
45 57 107 292 296
46 98 242 319 332
48 130 229 238 269
50 132 154 318 345
51 55 166 186 307
53 142 170 172 217
54 73 106 148 168
58 185 237 248 273
60 123 200 208 310
65 177 199 297 346
66 128 136 152 209
68 69 126 231 246
70 176 271 274 288
74 86 93 117 134
76 84 153 279 343
78 194 213 220 252
80 171 198 240 280
82 150 326 334 344
85 90 162 164 328
87 155 204 236 348
88 133 201 294 323
89 206 210 317 333
95 183 223 287 347
96 157 226 278 350
105 109 151 215 308
108 163 180 227 322
112 139 277 324 335
115 129 207 276 289
116 119 190 234 282
124 135 187 203 264
138 173 267 272 305
144 233 259 262 340
145 174 243 283 285
179 230 309 327 338
134 196 207 225 301
218 251 304 314 327
7 65 120 241 271
47 121 149 204 321
1 19 173 186 248
2 94 128 183 241
3 46 59 222 266
4 123 160 244 336
5 13 109 288 328
6 14 216 261 320
8 139 174 236 237
9 169 190 231 293
10 54 100 301 350
11 12 227 264 281
15 171 212 253 322
16 80 89 161 175
17 37 78 97 290
18 36 92 151 324
20 26 33 142 331
21 215 310 316 348
22 70 208 211 333
23 83 99 103 180
24 42 64 178 334
25 158 187 309 313
27 41 112 152 326
28 125 147 312 338
29 44 116 206 230
30 73 238 277 279
31 35 82 102 311
32 61 141 286 294
34 43 74 104 209
38 45 130 170 259
39 108 166 199 345
40 148 289 315 343
48 98 267 340 347
49 77 140 235 287
50 93 278 302 308
51 84 114 198 297
52 63 168 300 318
53 184 276 303 323
55 101 156 233 341
56 165 223 255 280
57 117 205 250 257
58 76 119 221 292
60 228 269 272 330
62 188 229 270 291
66 67 105 113 192
68 159 265 285 321
69 219 254 258 317
71 153 197 262 319
72 172 224 295 339
75 132 193 200 325
79 110 137 217 239
81 182 249 335 337
85 129 133 304 342
86 144 179 202 243
87 124 176 296 314
88 111 115 126 245
90 136 189 252 256
91 131 246 299 349
95 155 213 232 263
96 150 162 163 282
106 127 143 214 226
107 129 185 210 298
118 135 157 220 329
72 122 191 260 273
70 138 154 196 247
145 195 218 240 305
90 139 146 167 203
80 101 164 225 275
43 121 177 181 234
194 201 231 283 306
165 215 242 254 265
96 148 182 268 332
114 173 221 253 284
10 14 229 287 346
1 25 47 136 201
2 34 125 180 307
3 184 219 257 290
4 15 55 132 218
5 42 95 199 285
6 85 120 188 324
7 46 49 97 166
8 198 211 242 299
9 65 87 89 322
11 91 189 248 314
12 68 155 235 327
13 20 71 270 345
16 116 130 183 348
17 108 300 321 342
18 22 67 137 262
19 48 128 157 334
21 36 73 101 302
23 35 169 193 263
24 179 217 234 280
26 44 124 163 279
27 59 140 178 210
28 49 255 282 289
29 76 126 191 226
30 37 92 200 258
31 60 143 314 347
32 223 275 277 278
33 106 115 261 338
38 86 94 153 284
39 158 235 243 244
40 181 222 238 241
41 56 57 142 269
45 105 234 283 332
50 145 177 189 317
51 107 236 303 326
52 204 240 306 331
53 147 197 216 250
54 159 209 264 291
58 62 266 288 350
61 78 139 170 301
63 138 174 259 309
64 69 103 137 247
66 119 220 271 294
74 228 268 333 340
75 127 279 288 304
24 77 84 146 305
79 134 160 161 313
70 81 98 162 273
82 118 172 233 281
83 122 213 315 330
88 196 295 297 344
93 203 274 297 298
99 206 286 328 337
100 109 230 260 306
92 102 113 246 341
104 131 252 310 323
110 212 246 277 320
21 111 171 292 335
112 133 144 189 214
47 117 145 239 319
123 248 308 329 346
135 175 179 272 276
141 205 224 284 325
8 149 152 257 318
150 195 208 275 296
151 156 170 222 349
154 237 251 330 339
164 260 293 311 312
167 194 249 336 349
168 176 187 216 256
10 17 185 192 207
186 202 227 270 343
167 190 232 267 316
98 181 185 225 245
1 14 57 203 226
2 102 106 219 294
3 66 150 221 258
4 93 217 241 321
5 23 214 289 322
6 244 265 292 334
7 86 95 123 210
9 28 55 84 174
11 99 142 271 348
12 19 107 154 168
13 68 121 193 320
15 120 180 323 333
16 127 164 184 267
18 42 132 198 252
20 75 177 280 293
22 83 212 263 308
25 44 58 149 218
26 31 160 202 269
27 34 69 73 299
29 51 287 315 325
30 35 208 332 342
32 125 173 250 331
33 176 227 273 344
36 56 205 229 254
37 134 171 206 302
38 46 60 129 336
8 39 110 156 247
40 85 152 225 272
41 159 201 295 347
43 124 182 266 276
45 88 104 178 278
48 77 103 109 283
50 53 61 165 238
52 68 146 281 350
54 97 122 231 239
59 80 115 116 199
62 112 231 236 340
27 63 166 327 329
64 195 209 282 304
65 143 290 309 337
67 78 144 255 307
71 131 138 223 268
72 87 133 136 153
74 148 191 233 346
76 147 188 232 310
79 200 243 311 316
81 89 151 259 296
82 130 194 286 312
21 90 140 186 300
64 91 155 215 262
94 157 161 187 339
96 105 204 211 251
100 108 196 245 319
61 111 220 230 291
113 135 161 162 256
114 224 264 274 341
117 158 197 240 345
118 141 303 314 335
119 175 183 298 313
126 179 249 305 343
128 169 207 242 288
154 163 213 324 328
172 186 253 285 326
113 190 228 237 301
84 192 261 276 318
250 282 317 338 347
1 36 116 249 287
2 182 274 281 349
3 142 169 241 267
4 28 130 294 350
5 69 83 280 318
6 117 218 254 348
7 25 29 173 311
9 56 175 268 304
10 46 93 232 235
11 103 168 200 306
12 121 269 293 339
13 16 86 271 326
14 135 205 285 334
15 237 260 308 342
17 42 162 188 263
18 59 146 190 193
19 26 65 82 222
20 134 289 299 321
22 148 183 234 340
23 53 111 114 329
24 129 206 273 307
30 39 43 176 210
31 70 302 312 323
32 97 136 191 332
33 40 79 124 336
34 122 199 256 283
35 41 44 140 147
37 196 217 238 315
38 73 172 227 325
45 112 131 207 343
47 132 184 278 292
48 49 208 261 327
50 89 229 262 272
51 62 66 95 117
52 55 92 177 236
54 202 247 252 334
57 216 225 228 286
58 87 284 299 303
60 76 144 194 313
63 104 121 137 213
67 91 164 310 344
71 99 149 181 253
72 115 233 290 320
74 119 138 171 192
75 77 101 112 246
78 159 240 275 328
80 180 204 223 264
81 156 174 239 333
85 125 167 198 319
88 90 102 163 215
94 105 185 322 324
96 165 270 305 338
98 119 155 197 331
100 143 195 291 298
106 109 152 316 346
107 128 139 179 201
108 160 203 248 341
110 141 151 330 337
118 126 163 297 309
120 170 226 243 295
20 123 187 214 257
127 211 300 301 345
51 133 178 265 331
145 147 157 266 296
150 166 210 212 279
153 220 224 259 277
158 209 221 230 317
79 219 245 251 255
242 244 258 335 344
1 242 266 291 337
2 157 257 292 297
3 81 96 113 198
4 142 182 205 223
5 106 200 262 273
6 16 67 214 290
7 24 52 294 320
8 11 78 145 322
9 47 100 255 314
10 72 91 225 279
12 71 118 209 306
13 30 107 295 304
14 102 161 165 172
15 158 229 275 316
17 26 59 221 323
18 46 196 293 325
19 105 141 160 177
21 150 238 259 332
22 152 187 227 267
23 94 215 236 281
25 27 93 122 264
28 166 245 249 328
29 70 199 246 342
31 73 90 108 114
32 66 127 130 134
33 53 136 192 254
34 58 60 181 232
35 88 217 324 339
36 84 191 211 311
37 135 170 219 343
38 216 237 268 335
39 68 125 204 340
40 82 83 345 349
41 129 234 258 261
42 109 139 251 333
43 61 80 95 231
44 85 174 233 271
45 64 115 153 300
48 92 276 284 330
49 104 173 296 347
50 87 101 298 310
54 76 197 207 253
55 164 169 194 265
56 74 183 202 256
57 63 148 162 326
62 156 218 280 301
65 111 124 252 313
1 69 240 288 312
75 98 116 303 336
77 149 151 154 327
86 99 159 188 212
89 126 155 167 346
97 244 285 305 318
103 120 132 228 287
110 186 193 213 226
123 189 195 230 274
128 137 143 243 350
131 176 190 201 241
100 133 270 302 341
14 138 185 263 321
140 170 180 208 278
144 222 235 239 315
146 171 178 224 238
168 269 282 307 309
175 250 277 319 329
125 184 220 308 317
203 247 286 289 348
102 206 248 260 338
54 58 78 272 342
87 214 270 283 329
2 80 151 221 252
3 200 213 240 347
4 50 120 207 340
5 31 149 248 296
6 15 168 174 185
7 41 262 265 332
8 97 138 232 302
9 45 70 96 209
10 73 186 189 333
11 143 190 263 277
12 53 112 237 278
13 29 65 130 251
16 107 150 245 343
17 93 147 154 314
18 105 181 271 310
19 39 142 275 308
20 63 64 152 201
21 81 161 193 294
22 71 167 235 266
23 57 141 195 311
24 117 126 264 268
25 69 215 224 239
26 92 162 165 204
27 226 287 292 306
28 37 43 256 260
30 131 198 301 334
32 59 99 236 243
33 157 286 291 330
34 133 197 212 298
35 111 175 244 348
36 68 86 178 182
38 61 163 179 345
40 103 140 218 255
42 49 156 159 259
44 48 101 344 349
46 56 83 118 153
47 206 227 242 305
51 116 196 261 324
52 170 173 187 328
55 72 134 317 337
60 180 192 216 331
62 77 90 155 274
66 183 222 247 293
67 272 303 318 346
74 229 231 279 350
75 115 160 174 225
76 137 223 290 295
79 123 138 220 322
82 89 98 199 228
84 213 241 269 300
85 113 200 203 283
88 106 121 188 284
49 91 95 139 145
94 104 217 297 307
108 257 320 323 334
109 144 309 335 336
110 230 304 321 332
114 127 132 161 210
119 129 146 219 311
122 158 164 281 285
124 177 196 202 327
128 162 249 289 338
135 171 194 246 250
136 166 233 288 335
148 172 208 312 324
169 176 184 211 309
191 254 276 315 319
205 237 282 316 326
78 234 253 273 325
258 267 280 299 341
70 139 212 313 339
1 119 238 256 300
2 4 203 231 271
3 54 255 263 333
5 91 146 150 249
6 46 291 296 299
7 62 73 205 310
8 72 107 184 274
9 157 167 282 315
10 144 208 215 267
11 25 154 265 283
12 41 102 175 346
13 36 40 187 223
14 141 252 292 312
15 118 147 198 270
16 199 280 316 327
17 67 109 172 201
18 23 123 145 153
19 63 180 211 220
20 57 229 285 330
21 79 131 234 347
22 44 128 129 202
24 98 101 235 241
26 127 251 308 328
27 92 273 279 339
28 111 190 225 240
29 83 140 158 227
30 181 264 293 294
31 52 87 182 341
32 45 188 195 306
33 38 191 206 224
34 61 246 287 334
35 48 74 121 155
37 42 288 313 329
39 60 120 134 217
43 69 76 88 261
47 124 212 254 260
50 65 81 99 342
51 93 204 228 276
53 84 86 199 257
55 58 209 239 322
56 95 160 242 272
59 96 143 169 197
64 68 226 248 277
66 151 307 321 344
71 75 142 207 344
77 159 244 266 289
80 189 262 268 286
82 110 117 179 340
85 136 137 186 320
89 135 176 196 278
90 152 165 218 275
94 100 243 250 325
97 210 230 326 348
103 125 298 318 337
104 247 253 258 350
105 132 233 236 319
106 108 112 126 266
113 130 245 297 349
114 149 156 314 338
12 115 284 295 317
116 148 163 164 323
122 166 168 173 343
133 185 222 259 301
171 216 219 269 345
177 214 221 281 305
75 178 192 194 290
88 183 302 331 336
193 232 303 304 341
1 22 132 153 247
2 24 114 120 309
3 68 85 194 256
4 16 45 211 254
5 157 197 231 269
6 25 59 228 271
7 227 232 306 339
8 13 108 150 278
9 31 124 170 287
10 117 146 161 298
11 192 202 310 330
14 159 206 246 296
15 23 63 164 252
17 77 167 176 208
18 27 111 250 255
19 69 74 133 338
20 151 160 191 200
21 64 70 263 325
26 143 267 311 335
28 187 308 326 333
29 125 178 303 343
30 129 240 285 346
32 87 109 241 319
33 36 39 78 177
34 100 152 276 324
35 57 98 299 320
37 44 126 214 321
38 48 71 145 258
40 43 99 166 264
41 60 209 222 283
42 163 224 262 312
46 53 239 304 349
47 104 193 234 274
49 135 213 223 316
50 91 180 183 195
51 73 76 162 300
52 141 172 243 307
54 182 203 230 284
55 165 220 323 342
56 123 128 134 221
58 90 219 282 348
61 185 190 204 205
62 94 138 237 244
65 154 279 291 329
66 149 158 175 292
67 92 238 242 347
72 113 119 229 236
79 155 179 207 265
80 81 110 168 281
82 112 174 268 295
83 86 127 302 327
84 142 253 293 301
89 102 139 225 315
93 171 189 218 260
95 173 198 275 322
96 116 123 188 289
97 201 215 217 249
101 140 181 251 318
103 257 261 270 317
105 106 210 272 290
107 137 294 305 340
115 131 186 235 280
118 248 259 288 345
121 144 147 184 273
122 130 156 169 328
136 245 286 313 350
148 216 297 314 337
218 226 233 331 332
21 29 189 277 336
1 5 8 26 207
2 124 165 249 348
3 27 94 206 228
4 82 161 188 235
6 178 211 212 283
7 87 140 209 333
9 131 171 320 337
10 121 216 247 276
11 101 245 312 317
12 143 200 271 308
13 190 233 327 342
14 210 268 301 323
15 75 159 273 302
16 195 197 246 338
17 136 239 267 294
18 81 139 221 345
19 110 150 176 234
20 39 88 292 341
22 61 215 229 278
23 97 224 225 254
24 142 180 214 272
25 62 240 255 349
28 42 53 58 107
30 70 132 314 330
31 34 137 148 192
32 67 117 231 265
33 41 52 260 321
35 112 122 201 318
36 83 156 181 285
37 57 109 179 339
38 91 105 241 291
40 93 102 145 151
43 113 164 288 343
44 226 259 282 300
45 66 184 248 334
46 138 157 236 347
47 86 152 172 174
48 168 186 243 264
49 162 183 194 219
50 55 111 144 325
51 199 202 277 332
54 60 170 227 329
56 129 166 169 316
59 104 208 313 335
63 98 125 182 289
64 120 149 160 286
65 205 274 305 311
68 175 293 309 310
69 96 127 256 297
71 133 134 328 346
72 76 217 257 258
73 80 153 263 270
74 232 237 319 322
77 89 275 290 331
78 116 141 269 306
79 163 187 191 222
84 92 147 196 307
85 106 154 253 344
90 103 158 213 303
95 99 135 185 326
100 155 203 251 279
108 223 281 284 340
114 146 244 250 280
115 167 177 296 350
118 128 238 295 324
119 126 130 198 262
173 252 261 315 336
193 204 287 298 299
166 203 220 266 304
101 197 230 242 314
1 103 154 204 320
2 108 195 205 214
3 13 80 181 186
4 57 62 169 252
5 84 284 337 342
6 43 96 140 330
7 14 213 299 326
8 18 85 147 244
9 113 146 168 312
10 49 248 309 321
11 81 82 104 187
12 17 105 246 297
15 33 189 241 283
16 68 153 324 346
19 119 208 260 272
20 76 122 157 271
21 44 69 143 305
22 100 125 131 275
23 37 79 172 198
24 53 65 221 289
25 48 51 171 279
26 78 155 223 258
27 156 212 227 236
28 36 106 286 317
29 61 109 182 338
30 158 207 226 339
31 126 151 261 328
32 94 98 300 348
34 175 253 263 266
35 114 123 152 285
38 174 250 294 334
39 211 225 295 298
40 161 164 282 332
41 148 220 290 344
42 219 237 239 287
45 116 145 150 304
46 117 202 262 303
47 138 215 329 333
50 86 135 240 301
52 83 162 255 296
54 110 128 144 199
55 73 190 268 311
56 66 177 200 257
58 71 178 196 280
59 95 230 269 276
60 92 127 319 323
63 130 192 210 267
64 184 243 331 345
67 118 183 217 254
70 97 149 259 336
72 216 264 278 313
74 102 112 176 222
75 124 141 206 318
77 107 234 288 307
87 111 159 180 281
88 160 232 273 315
89 91 133 194 245
90 132 209 238 349
93 129 191 201 310
99 170 249 256 277
115 142 228 229 322
120 173 270 316 350
121 251 292 302 343
134 188 325 340 341
136 139 193 224 308
137 185 218 231 347
163 233 242 293 306
165 247 291 327 335
74 167 179 274 312
89 128 226 235 265
1 49 175 185 258
2 19 62 259 324
3 103 189 202 237
4 27 78 204 334
5 29 85 88 299
6 7 84 138 238
8 16 248 304 337
9 233 239 260 297
10 48 90 268 281
11 14 46 144 212
12 38 82 266 320
13 132 136 169 264
15 142 152 286 329
17 127 158 186 331
18 75 80 86 332
20 54 163 183 265
21 151 173 218 230
22 112 149 150 298
23 113 120 247 290
24 25 160 195 219
26 91 109 236 322
28 126 171 307 340
30 96 134 193 280
31 55 68 272 274
32 43 92 146 328
33 35 64 72 288
34 162 240 309 343
36 47 164 166 200
37 168 253 296 346
39 118 137 276 301
40 56 121 245 306
41 59 187 231 289
42 117 167 223 246
44 97 181 197 333
45 155 227 229 319
50 119 228 293 321
51 140 172 269 349
52 116 153 211 215
53 76 234 285 315
57 104 108 115 316
58 81 179 205 222
60 225 256 318 339
61 208 241 308 341
1 71 143 213 284 356 429 495 564 611 705 773 842 912 982
2 72 144 214 285 357 430 496 565 634 706 774 843 913 983
3 73 143 214 286 358 431 497 566 635 707 775 844 914 984
4 74 145 215 287 359 432 498 567 636 706 776 845 915 985
5 75 145 216 288 360 433 499 568 637 708 777 842 916 986
6 76 146 217 289 361 434 500 569 638 709 778 846 917 987
7 77 147 218 282 362 435 501 570 639 710 779 847 918 987
8 77 148 219 290 363 418 455 571 640 711 780 842 919 988
9 78 149 220 291 364 436 502 572 641 712 781 848 920 989
10 79 150 221 292 355 425 503 573 642 713 782 849 921 990
11 80 151 222 293 365 437 504 571 643 714 783 850 922 991
5 81 152 223 293 366 438 505 574 644 715 764 851 923 992
12 82 153 224 288 367 439 506 575 645 716 780 852 914 993
13 83 154 225 289 355 429 507 576 623 717 784 853 918 991
14 84 155 226 294 359 440 508 577 638 718 785 854 924 994
15 85 156 227 295 368 441 506 569 646 719 776 855 925 988
8 86 157 228 296 369 425 509 578 647 720 786 856 923 995
16 87 153 229 297 370 442 510 579 648 721 787 857 919 996
4 88 158 230 284 371 438 511 580 649 722 788 858 926 983
14 89 159 225 298 367 443 512 555 650 723 789 859 927 997
17 90 145 228 299 372 412 477 581 651 724 790 841 928 998
18 79 145 231 300 370 444 513 582 652 725 773 860 929 999
19 91 160 232 301 373 433 514 583 653 721 785 861 930 1000
20 92 161 233 302 374 400 515 570 654 726 774 862 931 1001
21 93 162 234 303 356 445 501 584 655 714 778 863 932 1001
22 94 161 235 298 375 446 511 578 656 727 791 842 933 1002
23 78 163 236 304 376 447 466 584 657 728 787 844 934 985
24 95 164 230 305 377 436 498 585 658 729 792 864 935 1003
2 96 165 222 306 378 448 501 586 645 730 793 841 936 986
25 97 166 237 307 379 449 516 575 659 731 794 865 937 1004
10 76 167 238 308 380 446 517 587 637 732 781 866 938 1005
26 92 168 239 309 381 450 518 588 660 733 795 867 939 1006
25 98 147 231 298 382 451 519 589 661 734 796 868 924 1007
27 85 148 234 310 357 447 520 590 662 735 797 866 940 1008
28 99 169 229 308 373 449 521 591 663 736 798 869 941 1007
29 85 170 240 297 372 452 495 592 664 716 796 870 935 1009
22 100 171 206 296 379 453 522 593 658 737 799 871 930 1010
3 101 164 241 311 383 454 523 594 665 734 800 872 942 992
30 80 172 242 312 384 455 516 595 649 738 796 859 943 1011
31 102 173 243 313 385 456 519 596 666 716 801 873 944 1012
27 100 174 244 304 386 457 521 597 639 715 802 868 945 1013
32 103 173 244 302 360 442 509 598 667 737 803 864 946 1014
33 71 160 218 310 350 458 516 599 658 739 801 874 917 1006
34 104 172 245 306 375 445 521 600 668 725 799 875 928 1015
35 77 175 246 311 387 459 524 601 641 733 776 876 947 1016
15 96 176 247 286 362 454 503 579 669 709 804 877 948 991
36 81 177 239 283 356 414 525 572 670 740 805 878 949 1009
7 90 178 248 314 371 460 526 602 668 736 800 879 932 990
37 105 179 240 315 362 377 526 603 667 686 806 880 921 982
24 106 180 249 316 388 461 527 604 636 741 807 881 950 1017
38 107 181 250 317 389 448 528 557 671 742 808 882 932 1018
39 97 173 234 318 390 462 529 570 672 732 809 868 951 1019
26 108 166 251 319 391 461 514 589 644 743 804 864 931 1020
40 109 172 252 292 392 463 530 605 632 707 810 883 952 997
34 110 182 250 320 359 436 529 606 673 744 811 881 953 1005
4 109 144 219 321 386 452 502 607 669 745 812 884 954 1012
41 111 153 246 322 386 429 531 608 653 723 798 871 915 1021
25 83 167 253 323 393 445 532 590 632 744 813 864 955 1022
42 112 181 225 286 376 464 510 578 660 746 778 885 956 1013
43 113 183 254 324 380 454 533 590 674 738 802 883 957 1023
4 114 184 236 309 394 461 482 599 665 735 814 860 936 1024
44 115 185 229 325 393 465 528 609 675 710 815 863 915 983
26 76 186 222 318 395 466 534 608 650 722 785 886 958 0
12 116 187 212 302 396 467 478 601 650 747 790 887 959 1007
45 117 188 255 282 364 468 511 610 645 741 816 888 931 0
39 118 183 256 326 397 431 528 588 676 748 817 876 954 0
36 119 148 235 326 370 469 535 569 677 720 818 867 960 0
46 114 189 257 327 366 439 462 595 664 747 775 889 925 1005
31 108 190 257 328 396 447 499 611 655 739 788 890 928 0
47 102 158 258 300 346 402 517 586 641 704 790 865 961 0
43 86 141 210 329 367 470 536 574 652 749 800 891 955 0
31 90 156 217 330 345 471 537 573 673 711 819 892 962 1007
48 118 159 252 307 372 447 523 587 642 710 808 893 953 0
17 87 175 259 310 398 472 538 607 678 736 788 894 963 980
49 120 176 238 331 399 443 539 612 679 749 770 854 964 996
5 121 188 260 323 378 473 533 605 680 739 808 892 927 1020
40 108 191 241 315 400 460 539 613 675 750 786 895 965 0
5 107 146 261 296 394 469 540 571 632 702 796 896 933 985
50 118 192 217 332 401 474 519 562 681 724 820 897 930 0
40 122 193 262 295 349 464 541 599 634 751 821 893 914 996
38 119 171 221 333 402 475 542 566 651 741 821 857 922 1022
17 123 177 263 308 403 476 511 596 682 752 822 845 922 992
10 121 194 233 301 404 444 499 596 669 730 823 870 951 0
4 124 185 260 317 400 436 493 592 683 743 824 898 916 987
51 109 160 264 334 361 456 543 600 684 753 775 899 919 986
44 97 190 259 335 383 435 506 614 664 743 823 878 950 996
18 96 174 265 336 364 471 532 604 633 732 795 847 966 0
10 125 173 266 337 405 459 544 591 685 739 771 859 967 986
52 91 183 267 295 364 475 527 615 682 754 825 895 968 981
3 121 182 264 338 348 477 544 587 675 755 813 900 969 990
39 78 144 231 339 365 478 535 573 686 708 807 872 968 1002
3 126 186 243 297 379 409 529 602 656 728 818 898 957 1006
19 112 195 259 316 406 432 503 584 647 742 826 873 970 0
36 127 196 226 285 383 479 545 583 687 756 815 844 939 0
47 123 151 268 340 360 435 528 599 686 745 827 901 956 0
27 128 186 269 341 353 480 546 566 641 746 828 890 917 1004
53 113 197 226 296 362 463 518 616 640 757 829 861 961 1015
34 98 184 247 314 402 428 547 612 682 726 798 886 939 0
54 95 157 235 301 407 437 536 614 660 741 801 901 971 0
55 123 182 230 292 408 481 548 572 622 756 797 902 929 0
30 128 198 211 320 349 372 539 604 668 726 830 850 911 0
11 122 179 220 308 409 430 544 576 631 715 825 873 963 0
56 83 171 227 301 396 460 504 617 666 758 831 900 912 984
50 126 161 223 310 410 459 534 603 687 759 805 885 922 1021
26 110 199 270 326 387 480 545 580 648 760 832 872 923 0
21 114 174 252 342 382 430 549 568 685 761 832 899 935 0
57 84 184 246 343 389 438 550 575 646 711 833 864 965 0
49 129 200 271 312 369 481 551 587 688 761 780 903 913 1021
30 99 154 270 288 408 460 549 598 689 720 795 871 936 1002
41 130 157 245 332 411 455 552 618 690 752 821 858 952 0
13 113 148 241 337 412 482 514 610 663 729 787 881 966 0
34 71 156 272 304 413 465 524 539 644 761 822 869 963 999
58 115 194 225 326 409 483 492 566 684 762 819 874 920 1000
9 82 197 234 317 354 484 514 587 691 763 774 904 941 0
56 131 182 273 337 382 464 537 601 679 764 834 905 972 1021
23 102 192 274 306 368 464 495 612 671 765 828 896 947 1019
46 121 147 259 322 414 485 500 528 654 752 782 867 948 1014
2 71 185 243 344 403 486 553 574 669 718 835 906 960 1011
40 100 201 274 323 397 487 538 547 692 705 819 907 926 1017
48 131 189 221 282 361 440 554 617 636 738 774 887 973 1000
48 95 202 244 283 350 439 505 534 685 736 836 849 974 1012
59 88 203 231 345 404 463 520 584 693 766 837 869 927 0
40 81 157 254 287 415 435 555 619 681 721 812 828 941 0
24 108 141 275 336 375 458 519 610 694 740 781 843 964 0
52 132 204 215 305 357 450 543 595 629 758 793 886 929 0
37 87 168 257 337 378 488 553 615 654 761 799 907 938 1003
14 125 163 218 342 399 441 556 588 691 727 823 890 957 995
35 105 166 256 285 371 489 550 620 695 725 812 906 952 981
60 80 205 273 334 343 454 515 597 692 725 794 884 970 0
51 89 197 248 311 368 476 498 588 645 762 837 907 958 0
19 76 178 242 339 410 470 524 621 659 724 834 848 929 0
11 118 178 249 331 359 442 525 617 691 760 773 865 969 993
61 127 145 266 334 413 471 557 622 662 767 788 891 968 0
1 120 152 259 280 401 453 512 588 673 738 812 891 975 1004
50 114 167 275 344 416 483 507 593 696 754 806 901 950 0
16 129 165 256 338 356 471 518 589 697 753 838 856 976 993
52 133 180 237 332 370 396 534 620 680 753 833 866 977 1011
22 121 144 276 346 395 470 538 623 640 681 815 877 949 987
54 134 178 272 290 348 394 550 598 686 704 825 857 976 0
59 119 202 213 315 376 477 521 624 666 730 830 847 917 1018
27 117 150 224 309 417 486 552 580 653 717 809 896 964 0
33 132 189 251 298 386 437 497 567 649 749 824 862 972 994
51 135 199 213 342 380 468 548 620 643 746 791 851 928 0
8 131 204 277 335 413 469 533 625 689 713 836 881 952 991
51 73 206 278 347 388 414 558 571 686 721 800 873 947 0
36 96 163 217 348 400 462 510 626 692 708 782 904 920 1006
44 90 162 220 305 391 473 521 558 647 718 836 898 919 0
7 120 207 252 313 353 472 513 608 698 765 839 866 945 0
62 91 151 243 283 418 445 536 613 637 763 817 887 961 999
29 127 180 263 341 419 431 559 581 646 708 780 858 947 999
60 136 147 270 297 420 475 552 613 634 748 789 873 938 998
6 94 170 256 304 418 456 549 582 650 755 797 878 941 994
57 110 171 260 329 383 471 560 601 669 721 773 893 925 1019
33 115 150 249 346 421 438 490 613 647 714 816 899 912 0
13 137 204 265 340 366 478 547 615 675 736 820 902 933 1016
53 76 153 227 320 420 455 542 609 667 763 837 870 934 0
53 104 142 269 344 371 479 558 565 661 712 777 877 927 0
57 78 142 238 303 384 485 561 577 693 730 817 900 937 995
9 130 186 213 327 392 457 540 614 667 750 784 854 966 0
16 107 160 214 287 401 446 551 580 679 745 789 887 967 1001
63 116 141 222 295 401 479 483 576 651 691 782 845 944 0
28 78 168 264 341 402 483 509 608 656 695 808 880 951 1008
64 90 154 271 341 375 490 544 553 665 765 803 897 978 997
20 137 208 264 349 422 441 535 606 693 765 785 874 944 1009
32 87 208 226 321 352 461 546 576 656 755 811 843 979 0
17 133 194 250 312 362 466 559 585 697 766 801 884 910 1009
42 120 158 240 348 423 427 543 615 652 712 786 905 980 1014
47 71 208 252 318 424 438 504 627 638 766 821 879 920 1010
61 84 193 217 291 373 489 497 606 699 746 837 884 915 993
18 116 201 251 311 394 420 554 593 624 672 781 883 971 0
60 88 150 262 294 412 453 538 626 696 768 826 848 932 1003
56 93 183 251 330 403 491 523 576 698 720 809 878 930 1018
58 138 175 276 284 354 450 501 603 672 766 827 908 973 998
31 132 169 278 290 395 436 542 600 638 679 822 878 942 0
7 111 195 235 295 416 487 502 628 663 715 817 889 940 982
65 107 162 258 336 424 451 516 621 699 754 786 858 963 0
41 137 209 255 350 388 443 529 580 694 769 796 905 954 0
64 139 188 242 302 376 459 557 626 664 770 793 846 955 0
11 79 197 279 335 374 416 488 550 665 752 820 871 980 1022
37 89 146 271 301 357 440 541 624 674 722 807 862 966 0
64 140 179 219 350 385 428 536 590 648 731 830 870 914 1015
66 93 153 233 333 353 458 496 567 664 732 810 886 936 0
60 130 181 268 285 368 487 513 607 676 771 807 880 960 997
43 88 165 216 319 358 441 525 629 699 711 836 876 959 0
62 106 165 253 343 425 428 545 623 638 767 814 901 977 982
32 101 206 250 284 426 477 491 618 642 753 834 879 914 995
55 124 202 275 303 424 479 555 582 672 716 792 897 922 1013
39 138 195 245 325 361 473 509 614 685 733 828 845 975 0
7 92 201 225 338 365 388 413 619 642 751 826 841 924 984
32 124 147 274 291 427 492 510 621 643 729 814 852 953 0
8 115 187 236 345 378 472 518 592 700 734 789 897 970 0
19 102 174 209 326 425 493 538 589 674 770 783 866 958 0
60 138 162 208 331 373 439 510 618 651 772 805 909 976 1004
62 117 166 261 351 423 476 533 606 696 770 775 880 968 0
59 104 190 218 347 419 467 548 619 653 733 807 855 913 1001
21 84 157 280 346 405 481 522 579 671 694 754 898 955 0
1 114 169 233 329 391 485 547 605 662 746 777 855 911 1015
23 95 154 262 317 363 442 543 566 659 718 827 907 930 0
36 138 167 255 312 360 464 520 586 682 719 743 882 952 0
37 116 203 254 331 379 474 504 568 635 684 789 851 954 1009
24 128 144 266 351 356 457 550 621 650 720 829 869 970 0
23 75 210 239 335 426 446 530 607 694 725 783 882 948 984
27 98 183 275 348 406 429 551 630 684 706 810 902 910 0
67 109 175 265 283 390 480 541 595 656 742 814 909 912 985
61 113 207 222 322 417 452 507 567 701 710 814 888 913 1022
33 74 198 267 306 407 453 515 631 670 734 784 844 964 0
59 126 154 273 280 425 489 524 605 636 749 820 842 937 0
62 82 194 254 300 419 449 526 624 698 713 786 885 926 1024
45 99 206 256 310 392 467 561 574 641 744 802 847 969 0
67 99 146 267 343 376 435 516 559 691 757 832 853 958 0
44 141 182 232 300 363 480 556 592 699 722 776 846 943 1019
35 100 185 238 294 411 444 559 614 662 704 740 846 934 991
14 111 205 261 340 404 490 534 618 635 683 806 900 918 0
63 133 150 223 342 413 433 555 569 633 769 799 862 913 0
49 117 210 270 299 352 478 544 583 655 713 829 860 949 1019
54 125 197 214 289 391 424 531 594 674 768 839 849 962 0
58 85 142 251 332 374 432 522 591 687 738 829 892 960 0
47 129 148 281 347 359 445 500 609 666 755 826 840 977 998
47 89 188 229 328 358 430 562 593 692 768 813 880 946 1001
28 112 140 261 344 397 482 560 629 681 722 811 910 945 0
31 80 199 240 323 354 431 561 578 634 769 812 857 931 0
68 128 152 245 286 385 420 511 625 676 767 802 897 963 1022
18 131 143 268 321 381 470 541 567 680 716 806 903 933 1014
24 77 205 229 330 417 484 560 626 655 734 803 861 976 0
2 133 210 280 349 428 456 531 573 679 729 825 861 943 1023
42 137 177 269 342 378 429 554 618 657 747 840 875 937 981
69 135 169 271 293 426 451 523 582 670 730 779 883 934 1016
69 130 188 239 324 398 492 531 617 682 742 778 844 972 1017
67 129 161 248 325 355 452 527 577 678 723 819 860 972 1016
6 119 205 279 306 408 482 561 619 690 757 810 911 956 998
63 94 209 257 291 351 463 465 599 678 706 777 867 977 1013
56 127 210 213 340 427 473 503 590 640 772 779 894 967 0
54 88 168 277 320 403 472 537 600 697 760 840 852 978 989
21 123 211 274 350 374 387 513 597 702 724 805 858 965 1020
2 136 159 232 315 366 384 503 625 652 726 834 845 981 0
10 105 198 265 290 389 465 529 583 660 760 819 877 934 1002
12 136 177 253 290 421 492 508 594 644 701 815 894 946 984
55 75 155 248 307 385 461 522 581 626 705 818 906 969 987
64 82 174 241 332 414 463 542 625 655 744 804 856 946 989
19 72 187 262 347 390 485 540 611 635 729 794 863 950 1008
63 83 200 282 285 385 432 497 621 683 726 795 872 924 1024
5 142 209 247 352 363 489 563 564 670 745 818 911 978 0
70 98 193 278 335 384 474 554 620 660 756 809 879 959 0
56 102 175 224 287 384 434 563 616 663 750 815 904 919 0
66 99 158 237 337 428 481 562 585 646 762 838 850 968 1012
70 129 205 257 339 409 411 539 586 696 735 784 855 923 1014
55 112 165 220 346 396 455 530 630 676 759 773 849 979 1000
64 125 196 253 284 365 415 551 631 637 747 835 876 921 988
25 109 212 223 333 423 488 495 585 695 708 829 843 971 0
37 128 192 221 322 391 450 494 628 696 756 787 904 942 0
41 75 171 240 281 421 480 562 598 645 727 830 902 974 0
69 79 191 261 338 410 442 530 610 634 717 785 908 915 0
66 106 192 232 294 354 491 536 605 702 759 824 899 940 1010
68 134 194 230 328 352 452 500 589 700 740 776 861 960 0
34 125 200 224 321 377 469 562 572 666 707 787 863 951 0
12 122 199 245 338 424 483 520 607 658 705 775 890 971 1023
9 74 201 237 322 358 418 555 565 688 743 831 892 954 0
42 79 149 219 328 379 431 563 597 703 759 800 892 933 982
66 81 200 277 311 395 475 560 581 667 767 835 875 961 983
48 139 142 214 345 408 422 508 631 658 740 826 868 926 989
49 101 140 216 289 382 493 526 597 671 739 831 908 938 0
33 139 155 277 329 370 478 527 568 639 751 803 907 948 0
53 97 161 236 340 373 444 509 623 643 707 790 893 940 0
8 110 176 275 293 392 484 541 584 654 731 801 879 962 993
25 112 198 241 327 352 434 557 606 639 714 820 867 981 997
57 117 178 204 286 393 458 558 564 652 750 761 910 940 992
12 126 211 276 314 427 441 497 582 703 713 791 856 958 0
11 107 163 230 353 398 470 502 594 654 751 822 853 953 990
30 127 187 248 324 386 446 505 627 683 768 777 896 956 1018
21 119 166 215 325 367 426 546 622 633 718 831 893 973 0
1 106 187 258 282 397 437 506 600 648 706 778 851 927 0
49 74 159 276 324 416 456 527 632 677 745 832 862 926 1005
45 124 152 253 345 402 451 515 568 702 728 836 854 967 0
15 135 155 228 258 406 484 496 619 675 711 805 888 980 1005
16 83 149 244 349 381 419 540 577 649 755 827 895 929 0
65 139 177 273 319 416 458 493 602 700 742 797 849 956 1011
45 72 162 272 307 381 411 560 628 643 747 841 882 971 0
22 80 191 269 316 381 459 525 624 644 754 780 860 962 0
58 73 151 260 307 375 399 559 573 678 728 816 902 932 0
62 135 207 262 321 374 443 499 609 703 719 834 904 955 1004
70 103 181 237 293 403 462 496 583 693 769 821 903 966 990
70 138 155 274 341 377 467 494 627 701 712 813 875 944 0
38 74 208 278 351 387 460 520 633 684 714 802 846 924 0
15 137 146 231 354 383 417 532 602 685 764 810 903 916 0
15 118 185 278 327 360 491 507 616 693 723 794 870 941 1020
68 101 156 242 309 407 476 531 630 661 751 838 887 935 994
65 110 180 268 315 355 448 495 617 657 735 781 909 946 0
29 92 202 258 288 393 399 489 611 697 737 835 874 965 1007
46 86 149 273 313 377 433 512 630 695 750 828 886 931 1013
23 136 195 233 296 358 468 537 569 680 770 832 895 945 1000
42 95 196 216 325 392 482 548 564 661 709 816 872 979 0
55 94 186 246 323 412 434 525 565 657 717 817 859 974 0
17 104 164 221 291 422 443 505 579 676 731 824 889 978 1017
67 136 190 266 309 397 430 498 570 651 731 833 856 942 0
63 134 176 239 330 405 457 554 575 680 764 822 906 943 0
54 85 212 246 336 419 475 558 603 637 709 784 905 951 1010
6 132 212 255 317 405 406 553 565 687 762 839 890 923 989
26 103 159 219 343 406 487 548 604 662 758 782 909 943 999
20 84 206 224 339 363 447 512 532 703 709 798 909 918 986
65 73 192 215 318 369 477 556 601 683 705 808 875 939 0
70 82 170 280 292 394 492 556 609 659 767 824 853 950 1011
32 96 203 223 316 372 453 517 622 640 771 823 854 974 0
45 122 164 232 319 389 486 532 612 677 772 793 900 948 0
69 93 198 281 334 399 467 502 575 690 772 804 910 947 988
28 131 170 276 347 400 488 546 616 670 769 833 888 928 0
52 101 167 228 351 390 408 504 574 657 733 779 896 978 1012
18 111 190 238 250 357 469 515 627 687 748 809 898 965 1003
9 105 156 270 316 415 444 508 629 649 727 792 851 976 1024
67 86 203 279 303 395 468 553 627 689 699 774 889 921 1008
35 132 163 254 299 410 473 535 604 648 710 783 889 970 0
68 86 196 212 308 422 474 501 592 653 692 791 888 953 0
61 126 176 195 305 422 476 517 611 698 717 803 850 920 980
20 105 189 216 303 401 487 533 610 704 737 838 885 962 0
48 87 193 281 336 365 380 486 572 647 763 839 865 911 0
44 81 170 242 313 404 448 522 625 700 712 825 908 967 1020
38 92 172 243 299 427 474 549 577 701 719 806 884 973 1021
53 124 200 267 328 388 494 561 629 673 764 831 850 935 0
69 104 196 249 318 418 493 499 616 677 758 830 869 964 1023
29 122 173 247 329 414 481 543 628 700 760 795 894 957 1016
38 135 141 236 289 411 439 537 570 688 753 798 848 912 992
57 116 158 283 327 369 432 512 623 690 748 799 868 921 1017
68 97 202 271 294 364 433 545 571 681 744 827 894 972 1002
41 98 151 266 319 410 440 517 578 688 765 811 853 957 0
43 103 209 272 297 361 490 545 591 671 698 797 906 925 983
30 103 143 235 331 417 448 523 579 702 756 790 881 975 0
58 140 203 263 304 389 491 506 608 701 757 792 901 918 0
35 134 143 279 281 366 466 526 613 694 719 823 852 979 0
50 77 181 264 288 407 490 540 585 672 727 837 891 938 1006
51 120 204 211 344 415 466 514 628 633 737 816 883 949 994
16 108 184 228 324 404 421 552 602 661 723 783 865 917 0
66 134 211 220 298 390 450 547 557 674 771 840 895 959 995
59 91 189 247 353 387 449 518 581 639 690 840 882 944 996
13 72 199 267 300 398 440 542 598 642 707 792 847 949 1015
14 91 152 263 302 371 434 507 530 659 688 735 876 942 985
46 89 180 272 333 412 486 563 594 689 697 791 885 979 0
28 133 207 234 287 423 454 519 612 689 771 841 908 961 0
39 123 191 226 333 407 468 552 564 673 758 839 848 916 988
29 130 160 279 305 382 494 546 631 695 763 788 855 936 0
46 140 172 215 330 421 479 505 591 704 728 779 871 937 1023
6 73 149 277 314 398 465 513 595 636 752 833 903 975 1003
52 75 191 218 320 409 484 551 622 703 732 772 859 975 1024
1 94 179 227 334 369 449 508 586 632 741 811 852 916 0
13 106 193 260 313 426 488 524 593 646 766 793 874 974 1008
50 72 201 227 263 405 451 535 563 668 748 749 899 945 0
61 100 168 249 312 367 485 556 596 665 768 835 857 959 0
3 93 184 255 355 415 472 549 615 677 715 794 891 925 1010
20 115 164 268 314 380 457 494 603 635 724 818 877 977 0
22 139 207 265 299 368 437 500 630 663 757 813 843 939 0
65 113 169 244 339 420 423 496 596 668 762 804 863 969 1018
43 111 179 269 292 393 462 498 620 678 759 838 905 973 0
