1024 250
6 25
6 6 6 6 6 6 6 6 6 6 6 6 6 6 6 6 6 6 6 6 6 6 6 6 6 6 6 6 6 6 6 6 6 6 6 6 6 6 6 6 6 6 6 6 6 6 6 6 6 6 6 6 6 6 6 6 6 6 6 6 6 6 6 6 6 6 6 6 6 6 6 6 6 6 6 6 6 6 6 6 6 6 6 6 6 6 6 6 6 6 6 6 6 6 6 6 6 6 6 6 6 6 6 6 6 6 6 6 6 6 6 6 6 6 6 6 6 6 6 6 6 6 6 6 6 6 6 6 6 6 6 6 6 6 6 6 6 6 6 6 6 6 6 6 6 6 6 6 6 6 6 6 6 6 6 6 6 6 6 6 6 6 6 6 6 6 6 6 6 6 6 6 6 6 6 6 6 6 6 6 6 6 6 6 6 6 6 6 6 6 6 6 6 6 6 6 6 6 6 6 6 6 6 6 6 6 6 6 6 6 6 6 6 6 6 6 6 6 6 6 6 6 6 6 6 6 6 6 6 6 6 6 6 6 6 6 6 6 6 6 6 6 6 6 6 6 6 6 6 6 6 6 6 6 6 6 6 6 6 6 6 6 6 6 6 6 6 6 6 6 6 6 6 6 6 6 6 6 6 6 6 6 6 6 6 6 6 6 6 6 6 6 6 6 6 6 6 6 6 6 6 6 6 6 6 6 6 6 6 6 6 6 6 6 6 6 6 6 6 6 6 6 6 6 6 6 6 6 6 6 6 6 6 6 6 6 6 6 6 6 6 6 6 6 6 6 6 6 6 6 6 6 6 6 6 6 6 6 6 6 6 6 6 6 6 6 6 6 6 6 6 6 6 6 6 6 6 6 6 6 6 6 6 6 6 6 6 6 6 6 6 6 6 6 6 6 6 6 6 6 6 6 6 6 6 6 6 6 6 6 6 6 6 6 6 6 6 6 6 6 6 6 6 6 6 6 6 6 6 6 6 6 6 6 6 6 6 6 6 6 6 6 6 6 6 6 6 6 6 6 6 6 6 6 6 6 6 6 6 6 6 6 6 6 6 6 6 6 6 6 6 6 6 6 6 6 6 6 6 6 6 6 6 6 6 6 6 6 6 6 6 6 6 6 6 6 6 6 6 6 6 6 6 6 6 6 6 6 6 6 6 6 6 6 6 6 6 6 6 6 6 6 6 6 6 6 6 6 6 6 6 6 6 6 6 6 6 6 6 6 6 6 6 6 6 6 6 6 6 6 6 6 6 6 6 6 6 6 6 6 6 6 6 6 6 6 6 6 6 6 6 6 6 6 6 6 6 6 6 6 6 6 6 6 6 6 6 6 6 6 6 6 6 6 6 6 6 6 6 6 6 6 6 6 6 6 6 6 6 6 6 6 6 6 6 6 6 6 6 6 6 6 6 6 6 6 6 6 6 6 6 6 6 6 6 6 6 6 6 6 6 6 6 6 6 6 6 6 6 6 6 6 6 6 6 6 6 6 6 6 6 6 6 6 6 6 6 6 6 6 6 6 6 6 6 6 6 6 6 6 6 6 6 6 6 6 6 6 6 6 6 6 6 6 6 6 6 6 6 6 6 6 6 6 6 6 6 6 6 6 6 6 6 6 6 6 6 6 6 6 6 6 6 6 6 6 6 6 6 6 6 6 6 6 6 6 6 6 6 6 6 6 6 6 6 6 6 6 6 6 6 6 6 6 6 6 6 6 6 6 6 6 6 6 6 6 6 6 6 6 6 6 6 6 6 6 6 6 6 6 6 6 6 6 6 6 6 6 6 6 6 6 6 6 6 6 6 6 6 6 6 6 6 6 6 6 6 6 6 6 6 6 6 6 6 6 6 6 6 6 6 6 6 6 6 6 6 6 6 6 6 6 6 6 6 6 6 6 6 6 6 6 6 6 6 6 6 6 6 6 6 6 6 6 6 6 6 6 6 6 6 6 6 6 6 6 6 6 6 6 6 6 6 6 6 6 6 6 6 6 6 6 6 6 6 6 6 6 6 6 6 6 6 6 6 6 6 6 6 6 6 6 6 6 6 6 6 6 6 6 6 6 6 6 6 6 6 6 6 6 6 6 6 6 6 6 6 6 6 6 6 6 6 6 6 6 6 6 6 6 6 6 6 6 6 6 6 6 6 6 6 6 6 6 6 6 6 6 6 6 6 6 6 6 6 6 6 6 6 6 6 6 6 6 6 6 6 6 6 6 6 6 6 6 6 6 6 6 6 6 6 6 6 6 6 6 6 6 6 6 6 6 6 6 6 6 6 6 6 6 6 6 6 6 6 6 6 6 6 6 6 6 6 6
25 25 25 25 25 25 25 25 25 25 25 25 25 25 25 25 25 25 25 25 25 25 25 25 25 25 25 25 25 25 25 24 25 25 24 24 24 24 25 25 24 25 25 25 24 24 24 24 25 24 25 25 24 25 24 24 25 25 25 25 25 24 25 25 24 24 24 25 24 25 25 25 24 25 24 24 25 25 24 24 25 25 24 24 24 24 24 25 25 24 24 25 24 25 24 24 24 25 25 24 24 25 24 24 24 25 25 24 24 25 24 25 25 24 24 24 25 24 25 24 25 24 25 25 25 24 24 25 24 24 24 25 25 24 24 24 25 24 24 24 24 25 24 25 25 24 24 25 25 25 25 24 24 25 25 25 25 24 24 24 25 25 24 25 25 24 24 25 24 25 25 24 25 25 25 25 25 25 24 25 25 24 25 24 24 25 25 25 25 25 24 24 25 25 25 25 25 24 24 25 24 24 25 24 24 24 25 24 24 25 24 24 25 24 24 25 25 24 25 25 25 24 25 25 25 24 24 24 24 24 25 25 25 25 25 25 24 24 24 24 25 25 25 25 24 24 25 25 25 25
1 96 141 167 194 245
2 21 66 84 161 247
3 28 40 44 60 65
4 9 15 55 57 174
5 110 135 165 212 243
6 35 107 126 138 189
7 13 83 104 185 220
8 23 62 67 116 170
10 75 98 130 171 193
11 48 184 192 238 244
12 16 82 93 113 237
14 36 154 198 204 205
17 61 99 117 197 235
18 56 122 160 211 221
19 68 70 124 140 173
20 100 120 215 224 248
22 78 143 168 195 249
24 30 101 144 146 200
25 87 91 145 162 208
26 27 41 45 180 190
29 43 50 73 80 216
31 34 108 121 149 159
32 207 222 229 240 241
33 79 85 114 191 232
37 54 59 129 139 163
38 115 125 142 152 218
39 49 77 89 106 196
42 102 157 186 223 233
46 58 76 118 151 153
47 105 136 183 227 230
51 63 72 86 209 242
52 74 81 97 111 150
53 103 133 148 188 234
64 176 199 214 231 250
69 88 128 155 169 225
71 94 172 202 203 217
90 119 134 210 236 239
92 109 123 175 177 226
95 127 131 178 187 201
112 132 147 206 228 246
137 156 158 164 166 219
40 179 181 182 213 226
1 43 113 136 175 208
2 30 81 130 156 198
3 9 35 54 134 147
4 33 45 166 231 234
5 17 95 105 173 241
6 18 38 62 71 76
7 31 51 68 225 248
8 42 88 106 192 249
10 27 78 124 162 189
11 53 131 154 213 220
12 60 86 153 158 229
13 97 115 143 167 191
14 26 32 73 169 211
15 66 185 203 223 230
16 49 84 121 133 218
19 111 122 129 177 196
20 90 103 110 170 200
21 28 67 140 194 199
22 132 201 214 217 242
23 63 80 85 98 163
24 107 141 149 184 222
25 44 89 114 117 224
29 112 142 146 186 235
34 37 87 157 212 219
36 120 139 152 183 250
39 96 118 135 174 204
41 47 48 72 150 210
46 64 99 104 171 239
50 94 151 215 244 247
52 102 176 179 187 207
55 56 70 82 193 238
57 74 116 159 197 236
58 127 128 144 145 188
59 69 83 195 206 240
61 155 164 172 182 245
65 100 168 216 221 243
75 108 123 138 202 246
77 119 126 137 178 216
79 92 128 160 161 165
62 91 205 227 228 232
93 101 109 180 215 233
110 125 181 190 209 237
126 148 172 193 199 227
1 42 103 132 173 211
2 25 76 139 238 242
3 26 75 95 218 245
4 24 46 125 168 169
5 59 71 133 156 224
6 43 111 157 182 250
7 22 54 137 144 247
8 29 44 123 127 166
9 77 104 207 208 244
10 147 165 167 178 229
11 21 57 101 217 243
12 19 61 80 138 220
13 49 56 58 109 222
14 23 34 78 134 226
15 27 38 155 177 241
16 52 118 184 225 228
17 121 143 170 198 223
18 31 53 162 194 206
20 28 92 107 185 187
30 40 106 115 148 246
32 51 112 114 136 164
33 60 70 94 195 200
35 88 96 122 158 232
36 93 202 212 236 240
37 45 97 131 146 171
39 41 98 152 197 203
47 65 69 87 99 201
48 79 102 108 204 237
50 82 91 135 159 179
55 64 213 219 248 249
63 84 141 176 205 221
66 74 85 181 188 189
67 113 117 149 174 210
68 116 130 153 180 214
72 100 124 142 161 234
73 86 105 129 192 231
81 89 151 163 175 190
83 120 140 150 160 186
84 90 155 183 191 233
119 145 154 209 230 235
79 95 196 206 215 239
1 15 52 99 126 139
2 26 31 77 186 232
3 46 63 156 159 177
4 20 81 145 172 229
5 7 142 182 205 238
6 13 57 60 112 163
8 16 32 162 185 243
9 18 72 93 127 143
10 151 166 220 221 236
11 17 91 137 160 190
12 89 134 141 223 234
14 19 148 165 208 233
21 98 119 228 241 249
22 114 138 152 179 194
23 30 56 178 225 231
24 36 66 158 193 201
25 90 131 140 168 203
27 49 54 64 136 202
28 71 82 85 169 235
29 35 41 53 70 176
33 34 76 106 230 245
37 51 103 123 197 244
38 73 117 130 188 195
39 68 97 226 227 240
40 45 80 204 217 222
42 59 75 174 181 216
43 104 116 125 147 224
44 92 118 124 183 237
47 107 116 211 213 247
48 61 62 144 175 212
50 67 115 154 164 189
55 65 108 129 167 180
58 132 198 209 210 219
69 86 109 152 170 184
74 88 100 191 199 222
78 110 150 153 207 246
83 85 105 149 161 239
87 94 101 113 122 218
32 96 161 192 200 250
67 102 133 135 171 242
111 121 128 173 193 214
3 120 146 187 188 196
95 136 157 184 198 248
1 22 39 45 83 218
2 93 103 106 174 209
4 16 87 126 186 226
5 9 80 92 168 211
6 69 135 146 149 166
7 67 123 196 200 229
8 24 52 153 160 182
10 17 41 58 112 250
11 30 125 183 240 245
12 115 139 165 190 248
13 18 25 75 173 176
14 49 79 111 166 194
15 59 68 192 207 221
19 26 64 76 170 212
20 34 47 130 228 234
21 35 97 164 233 237
23 104 107 127 172 206
27 96 138 148 159 235
28 42 121 191 208 230
29 40 46 178 202 227
31 65 74 102 175 203
33 37 63 120 181 241
36 60 133 145 179 249
38 82 132 215 216 220
43 72 117 163 232 243
44 88 108 171 205 236
48 50 113 119 147 199
51 71 91 111 118 195
53 56 99 137 187 191
54 100 150 151 154 225
55 110 114 124 143 247
57 78 89 105 131 244
61 66 77 129 162 214
62 70 84 167 189 239
52 73 90 94 141 204
81 128 142 157 180 201
79 86 185 213 217 238
98 109 122 144 224 246
51 101 134 158 169 231
140 155 156 197 223 242
95 97 177 210 214 249
18 65 183 190 219 239
1 17 56 130 150 212
2 71 108 147 162 196
3 27 43 93 230 238
4 8 78 151 164 242
5 11 85 104 106 153
6 7 103 115 172 178
9 110 118 136 152 233
10 101 160 179 223 244
12 39 105 146 154 247
13 22 48 169 186 229
14 50 64 72 120 200
15 58 129 138 176 232
16 41 91 141 148 173
19 74 90 174 201 226
20 25 80 113 142 227
21 24 127 155 170 192
15 23 112 145 205 237
26 54 70 149 194 224
28 122 171 197 225 240
29 34 143 158 188 211
30 55 59 88 117 203
31 60 75 81 125 217
32 36 99 140 228 231
33 107 134 218 220 250
35 114 175 182 204 241
37 53 73 82 96 121
38 47 123 131 157 208
40 49 87 98 198 215
42 76 94 109 235 236
44 66 102 165 199 213
45 62 86 202 210 216
46 68 114 126 135 222
57 61 119 124 128 181
63 69 77 144 180 189
83 133 139 177 245 246
84 116 206 235 243 248
89 100 132 187 193 195
92 163 184 219 221 242
137 159 161 167 203 207
156 168 185 209 234 250
1 9 34 60 169 227
2 164 168 201 220 229
3 25 62 119 166 206
4 17 155 184 187 204
5 91 134 193 200 222
6 22 65 79 89 140
7 113 176 197 233 246
8 64 131 207 224 234
10 82 106 117 214 240
11 20 52 128 133 143
12 31 43 55 179 218
13 67 77 212 225 230
14 59 86 122 142 159
16 51 88 144 167 198
18 39 73 85 120 199
19 33 38 137 202 213
21 56 72 95 154 180
23 41 96 101 182 239
24 53 110 116 139 210
26 48 49 57 69 97
27 30 102 123 147 152
28 58 160 170 181 228
29 94 99 145 173 184
32 80 129 148 215 236
35 44 83 100 146 219
36 37 104 112 192 243
40 75 127 161 191 237
42 70 72 90 156 172
45 54 66 157 174 175
46 105 107 162 216 226
47 92 98 186 194 209
50 61 84 93 185 188
63 87 136 151 165 171
68 109 111 132 205 231
71 81 177 189 221 244
74 124 126 158 208 245
76 108 179 183 217 248
78 115 135 232 238 247
103 125 130 149 163 241
118 121 131 141 150 190
138 153 196 211 223 225
124 135 154 175 178 195
48 123 142 216 223 249
1 23 28 54 109 161
2 18 44 113 167 188
3 21 41 76 163 201
4 35 141 143 217 220
5 70 126 136 170 247
6 26 92 164 174 207
7 66 73 112 215 232
8 49 94 237 245 248
9 12 67 122 156 204
10 50 68 77 107 148
11 24 147 171 198 218
13 14 102 103 127 210
15 84 159 160 180 212
16 40 101 152 157 240
17 30 108 110 132 244
19 89 112 144 185 242
20 27 57 75 137 226
22 149 208 211 219 236
25 29 58 63 74 96
31 46 61 71 158 246
32 65 88 119 139 234
33 47 52 165 189 235
34 53 97 125 138 182
36 64 178 191 206 209
37 55 95 155 202 222
38 79 90 205 229 243
39 86 128 166 176 200
42 81 83 129 193 250
43 56 87 134 146 213
45 106 177 186 199 224
51 85 121 151 168 187
59 93 104 118 162 227
60 78 114 130 181 183
62 82 98 133 150 192
69 100 116 172 173 233
80 111 120 221 230 249
91 115 117 153 231 241
78 99 169 194 203 214
102 105 190 195 196 228
121 140 145 220 238 239
8 13 132 197 199 238
1 41 145 198 231 246
2 6 14 58 175 234
3 52 89 127 148 243
4 124 139 180 182 223
5 12 79 129 157 188
7 25 59 72 183 249
9 26 39 202 214 225
10 65 70 85 144 196
11 61 135 203 219 229
15 20 44 53 106 134
16 125 178 200 232 236
17 45 71 84 88 163
18 23 110 117 119 204
19 21 34 51 104 189
22 62 96 111 154 190
24 54 122 179 206 241
27 42 92 212 217 244
28 114 123 186 207 210
29 36 48 107 208 242
30 37 67 118 201 209
31 63 66 97 168 235
32 86 91 120 165 218
33 55 80 100 140 170
35 87 95 174 191 250
38 133 181 193 194 239
40 73 137 184 205 233
43 60 69 101 156 228
46 103 108 131 152 155
47 56 77 159 173 240
49 115 158 161 187 197
50 57 76 162 213 224
64 82 90 151 185 222
68 99 149 160 167 247
74 109 113 138 171 192
75 83 94 128 164 227
81 166 211 215 226 230
93 116 126 146 150 176
98 142 143 147 169 237
105 153 172 188 221 248
31 130 136 141 177 216
40 109 169 195 242 245
1 36 62 74 153 237
2 29 67 101 138 187
3 61 78 111 136 199
4 13 144 162 236 241
5 18 33 77 123 130
6 37 94 116 119 132
7 9 14 24 82 191
8 56 93 167 205 210
10 99 118 158 172 181
11 41 65 207 225 226
12 20 91 126 161 163
15 96 197 202 206 224
16 95 142 168 190 193
17 104 159 186 201 211
19 35 50 85 194 218
21 44 135 200 234 235
22 129 131 212 223 238
23 88 140 141 151 196
25 32 137 182 189 214
26 84 148 209 220 231
27 70 81 107 143 240
28 30 66 176 229 249
34 105 124 145 232 250
38 51 64 110 175 221
39 53 156 170 183 243
42 52 68 108 112 125
43 48 59 121 154 165
45 55 89 90 128 149
46 87 117 120 127 147
47 100 115 166 180 217
49 114 160 171 213 246
54 57 58 146 185 208
60 80 97 102 106 139
63 150 173 174 215 222
69 76 177 198 239 247
71 72 83 204 228 233
73 92 133 152 178 230
75 79 122 155 203 248
86 98 103 157 179 227
113 134 164 184 195 216
31 119 148 192 219 245
52 169 175 185 198 244
1 16 116 163 187 189
2 32 40 102 117 219
3 8 85 90 91 250
4 25 43 71 167 248
5 20 38 58 162 204
6 122 168 202 231 239
7 75 77 111 170 241
9 44 125 157 176 228
10 34 133 140 213 243
11 60 82 164 196 212
12 104 143 182 199 210
13 33 86 139 205 249
14 115 138 173 224 244
15 47 54 74 120 184
17 96 127 195 227 247
18 55 201 234 236 246
19 66 93 154 206 216
21 70 78 221 222 245
22 57 107 207 230 237
23 103 128 215 223 235
24 51 62 92 106 145
26 50 112 118 137 165
27 87 110 131 160 242
28 83 113 130 159 232
29 45 147 172 183 209
30 68 141 142 166 197
35 36 65 105 155 229
37 136 174 188 217 225
39 46 101 191 211 220
41 73 89 161 208 240
42 49 53 80 95 146
48 84 126 134 171 177
56 123 129 149 156 179
59 67 109 114 151 178
61 64 94 180 192 194
63 108 153 200 218 226
69 72 79 158 190 214
76 144 150 181 203 233
81 99 100 121 152 186
88 97 98 132 135 190
60 93 124 152 193 248
6 36 108 148 216 238
1 75 89 129 160 219
2 119 140 142 163 171
3 23 55 183 210 220
4 51 59 70 132 233
5 39 47 102 144 151
7 43 118 166 193 244
8 14 65 104 179 209
9 10 100 200 230 241
11 71 117 141 182 237
12 131 172 186 198 243
13 29 37 90 153 165
15 22 35 121 222 227
16 26 63 81 114 188
17 77 98 164 167 238
18 49 128 135 168 208
19 46 97 116 195 207
20 54 56 62 69 125
21 25 38 112 150 240
24 74 86 136 214 235
27 33 72 169 184 223
28 76 78 96 178 218
30 41 92 170 205 224
31 82 124 176 204 226
32 106 157 191 197 239
34 84 85 107 137 217
40 42 48 67 91 247
44 103 139 143 161 225
45 94 158 196 213 221
50 53 87 155 181 231
52 88 101 110 174 194
57 73 134 138 206 249
58 80 99 105 177 242
61 79 120 126 133 154
64 95 113 145 189 211
66 109 146 147 159 234
68 123 201 203 212 232
83 122 175 180 229 236
111 115 162 192 202 228
127 130 173 185 199 246
104 149 187 215 245 250
45 50 156 176 211 227
1 91 107 154 202 215
2 53 74 135 205 241
3 32 92 151 193 249
4 27 52 178 197 208
5 90 118 199 206 245
6 9 11 161 185 235
7 21 62 81 195 209
8 77 124 169 221 233
10 16 23 111 217 219
12 36 42 97 119 194
13 73 93 166 175 218
14 85 126 143 201 243
15 17 113 146 191 240
18 101 148 196 230 247
19 49 157 163 183 224
20 48 94 129 136 190
22 26 56 153 162 234
24 87 102 142 188 220
25 67 79 141 246 250
28 41 80 127 174 200
29 30 76 128 140 226
31 35 99 112 212 213
33 40 78 103 239 248
34 63 132 172 204 207
37 39 44 110 115 137
38 46 149 173 225 237
43 70 122 139 145 150
47 58 95 133 203 231
51 57 179 216 222 232
54 72 75 84 168 186
55 60 71 96 131 144
59 89 158 167 170 177
61 105 152 159 165 187
64 65 138 147 160 184
66 82 116 120 198 228
68 69 98 134 229 244
83 86 106 123 155 171
88 114 125 156 189 238
100 108 130 182 192 242
109 117 164 181 191 223
121 135 156 180 196 210
58 75 140 214 230 236
1 2 11 37 80 224
3 10 94 105 157 225
4 50 90 212 214 237
5 24 97 114 203 236
6 48 55 63 206 233
7 12 44 64 152 217
8 70 117 165 215 246
9 45 51 160 238 243
13 28 147 150 219 223
14 27 53 89 91 172
15 104 163 218 235 249
16 43 47 57 108 177
17 93 122 213 228 242
18 19 107 180 181 227
20 23 60 77 83 168
21 118 171 179 185 211
22 142 167 176 241 244
25 121 175 199 200 216
26 99 101 106 119 143
29 81 115 144 159 194
30 31 39 84 109 190
32 34 62 174 187 198
33 35 71 98 127 208
36 61 113 170 222 226
38 87 96 139 153 166
40 52 82 173 209 221
41 116 123 136 137 220
42 126 145 169 210 240
46 65 86 134 154 232
49 102 120 124 131 231
54 73 148 189 207 248
56 141 183 188 192 247
59 92 100 110 197 229
66 67 125 186 195 239
68 103 138 158 162 250
69 95 111 112 151 161
72 74 78 129 133 146
76 79 88 130 184 202
85 178 182 193 203 234
41 93 99 128 204 245
127 132 138 149 164 234
29 71 125 155 201 205
1 38 49 70 209 249
2 149 177 180 183 231
3 56 88 161 217 241
4 26 37 42 105 142
5 19 48 75 232 239
6 39 54 124 187 244
7 30 45 167 206 242
8 25 102 110 128 202
9 76 97 103 159 166
10 11 15 81 90 116
12 74 147 200 215 240
13 44 91 164 211 214
14 43 98 151 158 207
16 35 55 205 216 235
17 53 62 65 114 120
18 28 64 79 112 233
20 21 122 182 208 220
22 23 36 106 185 248
24 109 130 134 135 148
27 47 86 132 188 250
31 73 95 115 150 163
32 52 66 155 190 238
33 129 171 174 178 228
34 61 83 101 141 224
40 69 107 118 145 168
46 119 176 189 196 198
50 133 144 210 223 226
51 58 126 165 184 237
57 59 77 94 96 140
60 84 89 92 157 246
63 154 162 191 212 245
67 80 104 152 173 219
68 87 137 175 193 243
72 82 111 181 201 218
78 117 179 186 192 230
85 123 139 195 204 213
100 136 143 156 160 194
108 169 172 197 222 247
69 113 121 153 179 236
131 170 221 225 227 229
76 99 146 190 199 244
1 51 55 81 98 105
2 60 88 176 178 215
3 39 50 123 198 222
4 34 68 95 122 199
5 30 120 158 159 171
6 73 104 144 156 225
7 40 86 130 147 189
8 43 58 97 142 211
9 84 154 192 196 197
10 20 63 184 203 247
11 33 64 89 155 216
12 193 202 205 230 242
13 70 74 134 160 207
14 54 121 132 162 249
15 83 111 119 127 167
16 65 66 92 137 169
17 21 27 32 90 100
18 26 59 82 136 250
19 101 103 150 204 236
22 49 125 139 175 233
23 79 124 138 227 241
24 29 129 195 217 237
25 31 47 94 118 191
28 75 146 148 152 182
35 177 187 234 240 248
36 57 80 135 141 172
37 113 151 200 223 228
38 61 85 108 140 210
41 56 102 143 181 229
42 71 165 168 170 214
44 52 77 109 163 239
45 72 96 107 173 212
46 164 180 209 218 224
48 114 174 231 235 245
53 117 208 221 226 238
62 78 93 157 161 220
67 106 110 112 166 183
87 116 128 194 232 246
91 133 185 186 206 219
18 52 115 131 145 149
9 126 142 153 198 213
20 39 51 188 194 201
26 67 94 161 177 243
1 19 120 179 205 214
2 23 35 59 61 123
3 38 100 118 164 226
4 29 83 109 203 225
5 10 152 175 209 227
6 64 181 196 204 243
7 49 116 117 190 201
8 57 71 145 212 218
11 63 99 122 195 223
12 95 98 128 137 236
13 17 156 178 188 237
14 40 77 125 141 235
15 37 48 140 158 234
16 103 160 192 220 224
21 53 111 144 168 232
22 34 72 135 193 206
24 27 80 108 133 176
25 46 56 124 136 186
28 91 143 157 244 245
30 75 96 97 105 163
31 89 139 189 222 231
32 74 104 166 216 233
33 102 149 154 185 240
36 73 81 101 162 171
41 60 129 199 202 241
42 50 66 131 197 248
43 44 130 138 169 174
45 70 93 151 159 208
47 62 90 126 147 182
54 55 153 230 239 250
58 69 78 82 187 217
65 106 132 150 200 213
68 79 84 110 113 249
76 86 121 148 167 211
85 87 88 170 173 207
25 92 155 210 228 247
4 107 112 115 119 221
114 146 172 177 184 215
1 127 134 165 183 242
170 180 191 219 238 246
80 109 154 166 187 229
2 36 49 51 210 235
3 33 68 83 115 179
5 42 60 64 116 167
6 12 70 114 192 211
7 29 88 134 204 230
8 152 158 206 222 244
9 46 138 139 181 215
10 19 22 32 44 87
11 34 59 180 241 248
13 39 62 172 208 213
14 38 41 55 189 228
15 28 50 63 175 250
16 76 104 164 197 231
17 54 85 103 171 219
18 102 129 141 161 209
20 123 132 165 169 239
21 48 105 125 137 151
23 40 100 113 126 190
24 69 90 120 223 232
26 43 96 183 185 205
27 37 145 182 194 221
30 73 174 196 234 237
31 45 110 140 178 198
35 57 84 91 130 203
47 75 112 124 225 249
52 119 159 218 227 242
53 58 86 108 163 207
56 89 133 168 184 199
61 65 122 186 193 247
66 94 117 121 142 144
67 81 82 153 155 224
71 106 188 226 236 243
72 98 160 176 217 245
74 118 143 149 212 246
77 95 101 121 195 229
78 79 97 107 156 200
92 99 131 135 216 240
93 136 147 173 191 201
9 29 102 111 148 180
47 127 146 162 220 233
91 113 123 128 150 238
157 185 207 214 215 218
63 146 160 169 183 202
1 94 152 156 174 232
2 34 56 92 111 223
3 14 18 96 150 229
4 98 108 120 170 206
5 88 138 177 228 237
6 24 67 68 78 85
7 101 114 127 198 250
8 27 76 125 135 161
10 80 84 195 202 238
11 55 86 97 162 199
12 51 54 155 159 246
13 117 128 136 158 239
15 21 39 103 165 186
16 46 89 201 245 247
17 22 50 70 157 205
19 30 72 139 219 235
20 79 99 147 151 179
23 82 129 175 189 230
25 45 104 105 115 122
26 83 144 166 173 213
28 137 141 153 163 212
31 32 116 143 154 208
33 57 81 126 187 242
35 109 119 149 188 244
36 58 77 100 131 134
37 38 65 107 178 214
40 62 176 203 224 243
41 69 71 191 194 216
42 44 61 74 204 209
43 49 66 75 132 184
48 52 181 211 222 248
53 90 124 167 190 192
59 112 193 196 220 226
60 95 118 197 221 234
64 87 130 140 164 240
73 110 142 145 217 236
93 168 172 224 225 241
106 194 210 227 231 233
45 81 133 182 191 200
148 157 171 200 237 249
1 100 128 162 184 207
2 50 86 96 146 246
3 15 79 131 209 247
4 39 64 150 158 195
5 62 163 169 181 217
6 99 123 154 183 193
7 17 18 35 60 245
8 21 46 109 219 230
9 13 66 69 124 141
10 38 88 168 180 206
11 14 25 93 177 232
12 63 78 106 121 201
16 34 80 90 136 244
19 56 71 73 151 176
20 41 59 105 211 243
22 116 134 166 192 199
23 37 114 159 233 249
24 48 103 111 117 185
26 72 110 122 130 187
27 84 119 120 153 156
28 43 68 102 155 236
29 139 197 198 220 241
30 36 129 137 143 227
31 49 104 188 229 238
32 75 76 85 145 223
33 74 125 167 173 196
40 112 149 172 214 216
42 54 101 178 190 226
44 98 126 140 248 250
47 53 164 171 175 215
51 89 107 174 205 239
52 70 138 161 210 213
55 91 94 104 240 242
57 133 147 170 202 204
58 61 67 87 179 221
65 83 95 152 212 235
77 82 108 115 118 203
92 132 189 208 218 225
97 113 144 160 204 234
127 135 182 186 231 249
11 96 142 165 222 228
12 21 71 148 213 239
1 4 77 138 185 193
2 122 125 134 194 243
3 57 110 169 219 228
5 66 72 101 115 128
6 30 90 160 173 188
7 52 53 63 105 186
8 45 61 184 189 236
9 36 41 121 217 234
10 18 37 91 191 235
13 88 111 137 145 245
14 51 84 178 223 241
15 31 80 87 144 199
16 22 73 124 170 172
17 46 129 142 229 248
19 92 102 126 159 192
20 29 98 114 116 212
23 47 143 148 214 222
24 32 39 70 131 177
25 26 35 40 156 201
27 55 58 139 141 200
28 162 166 195 198 203
33 59 97 161 215 238
34 89 103 146 218 237
38 56 127 163 196 244
42 85 99 130 220 225
43 152 171 181 202 221
44 78 81 112 208 231
48 132 167 179 224 240
49 149 151 155 206 232
50 79 109 168 183 207
54 86 93 119 135 197
60 150 165 205 226 247
62 95 123 158 233 242
64 68 106 118 133 187
65 75 115 136 210 211
67 76 100 107 147 157
69 74 94 176 182 230
5 82 140 143 174 180
83 153 176 208 209 216
108 117 154 173 227 250
75 99 113 120 162 209
29 59 120 164 190 246
36 86 161 175 196 224
1 57 122 166 191 210
2 28 33 46 48 110
3 7 154 184 211 231
4 19 63 123 190 240
6 49 61 100 145 153
8 15 72 141 147 195
9 27 105 175 205 246
10 51 69 119 129 150
11 45 74 87 168 247
12 127 142 151 177 219
13 71 180 193 198 232
14 30 94 95 114 220
16 56 67 97 128 248
17 192 214 226 233 239
18 58 68 88 216 218
20 22 85 102 160 164
21 55 136 138 204 212
23 26 65 157 181 199
24 40 43 81 140 249
25 41 83 84 132 222
31 37 93 134 170 187
32 35 113 118 178 242
34 79 82 144 171 186
38 54 77 80 116 183
39 52 78 215 229 237
42 137 139 149 221 228
44 70 148 158 179 203
47 50 89 101 104 241
53 98 159 174 189 223
60 111 126 155 207 235
62 64 121 146 225 245
66 106 156 163 182 202
73 91 103 109 167 243
56 76 131 165 194 250
90 96 117 152 169 213
92 125 150 172 191 234
62 107 108 122 124 188
112 130 133 227 236 244
89 135 147 217 230 233
88 129 185 197 200 201
16 60 171 203 206 238
1 12 76 87 133 196
2 43 78 100 109 227
3 97 173 186 216 242
4 58 91 136 192 213
5 61 69 132 139 178
6 29 51 141 215 228
7 65 71 80 121 240
8 66 108 111 113 187
9 116 164 188 222 239
10 92 103 154 176 201
11 22 118 120 163 210
13 35 63 94 179 246
14 47 68 185 202 245
15 24 26 115 124 151
17 33 128 131 138 217
18 42 134 159 182 224
19 67 130 168 197 237
20 82 86 195 225 236
21 52 54 117 172 205
23 102 174 193 218 221
25 107 146 194 198 229
27 31 48 85 101 183
28 57 106 165 220 234
30 34 99 127 153 175
32 46 77 84 199 204
36 83 96 156 214 244
37 70 184 206 226 250
38 81 95 135 207 223
39 72 104 114 140 148
40 105 119 158 200 238
41 110 144 155 157 230
44 59 73 79 149 153
45 49 137 152 162 223
50 161 166 170 190 232
53 126 180 197 211 249
55 61 109 160 208 241
64 75 93 142 156 247
74 75 157 169 187 243
90 112 123 143 189 209
90 98 121 177 181 235
50 59 125 145 219 225
79 94 167 212 216 231
32 195 226 244 246 248
1 13 119 123 168 182
2 128 141 152 154 199
3 11 77 145 174 202
4 10 21 47 60 218
5 35 56 68 86 215
6 23 74 213 229 232
7 106 120 208 212 222
8 34 73 177 194 200
9 155 189 193 237 240
12 110 111 149 171 176
14 31 100 167 181 214
15 71 130 161 178 211
16 30 48 180 221 250
17 52 64 80 107 203
18 89 124 207 228 238
19 28 81 131 158 184
20 65 84 97 118 230
22 37 66 148 183 204
24 33 44 96 132 243
25 42 51 78 138 219
26 58 85 113 154 172
27 39 63 88 116 142
29 38 91 92 233 248
36 45 67 69 103 136
40 104 135 139 160 236
41 62 87 159 178 185
43 54 164 173 192 198
46 93 102 115 234 249
49 72 108 126 144 220
53 143 165 166 179 196
55 123 125 146 221 231
57 82 83 114 190 205
70 105 127 133 217 235
76 98 112 175 188 191
95 117 134 140 209 225
99 124 129 165 206 210
101 151 170 186 203 245
51 82 122 162 163 200
137 150 235 239 241 242
26 33 147 176 236 247
23 94 150 169 201 224
14 70 99 168 174 227
1 44 68 144 170 195
2 17 72 145 207 216
3 19 132 133 175 248
4 11 40 88 92 188
5 6 25 27 34 98
7 28 119 151 180 243
8 54 89 181 220 232
9 81 106 113 219 247
10 64 71 149 186 190
12 18 125 164 244 249
13 43 61 107 110 234
15 117 157 194 196 217
16 39 59 74 210 242
20 49 112 148 156 241
21 102 162 173 183 197
22 77 128 171 187 231
24 58 60 121 189 233
29 78 177 193 213 223
30 42 57 63 155 161
31 52 137 142 224 250
1 43 86 127 170 212 252 295 336 377 419 461 502 544 586 627 670 708 754 794 836 879 920 963 1005
2 44 87 128 171 213 253 296 337 378 420 462 503 544 587 628 671 711 755 795 837 880 921 964 1006
3 45 88 129 168 214 254 297 338 379 421 463 504 545 588 629 672 712 756 796 838 881 922 965 1007
4 46 89 130 172 215 255 298 339 380 422 464 505 546 589 630 673 706 757 797 836 882 923 966 1008
5 47 90 131 173 216 256 299 340 381 423 465 506 547 590 631 674 713 758 798 839 873 924 967 1009
6 48 91 132 174 217 257 300 337 382 424 460 507 548 591 632 675 714 759 799 840 883 925 968 1009
7 49 92 131 175 217 258 301 341 383 425 466 508 549 592 633 676 715 760 800 841 881 926 969 1010
8 50 93 133 176 215 259 302 335 384 421 467 509 550 593 634 677 716 761 801 842 884 927 970 1011
4 45 94 134 173 218 252 303 342 383 426 468 507 551 594 635 667 717 749 802 843 885 928 971 1012
9 51 95 135 177 219 260 304 343 385 427 468 510 545 595 636 674 718 762 803 844 886 929 966 1013
10 52 96 136 178 216 261 305 344 386 428 469 507 544 595 637 678 719 763 804 834 887 930 965 1008
11 53 97 137 179 220 262 303 340 387 429 470 511 549 596 638 679 714 764 805 835 888 920 972 1014
7 54 98 132 180 221 263 306 335 380 430 471 512 552 597 639 680 720 765 802 845 889 931 963 1015
12 55 99 138 181 222 264 306 337 383 431 467 513 553 598 640 681 721 756 804 846 890 932 973 1004
4 56 100 127 182 223 228 307 345 388 432 472 514 554 595 641 682 722 766 796 847 884 933 974 1016
11 57 101 133 172 224 265 308 346 389 419 473 510 555 599 642 683 723 767 806 848 891 919 975 1017
13 47 102 136 177 212 255 309 347 390 433 474 514 556 600 643 680 724 768 800 849 892 934 976 1006
14 48 103 134 180 211 266 296 348 381 434 475 515 557 601 644 666 725 756 800 844 893 935 977 1014
15 58 97 138 183 225 267 310 349 391 435 476 516 557 590 645 670 718 769 807 850 882 936 978 1007
16 59 104 130 184 226 261 311 345 387 423 477 517 558 602 636 668 726 770 808 851 894 937 979 1018
2 60 96 139 185 227 268 297 349 392 436 478 508 559 602 643 684 727 766 801 835 895 938 966 1019
17 61 92 140 170 221 257 312 350 393 437 472 518 560 603 646 685 718 768 809 848 894 930 980 1020
8 62 99 141 186 228 269 295 348 394 438 463 510 558 603 647 671 728 771 810 852 896 939 968 1003
18 63 89 142 176 227 270 305 351 383 439 479 519 547 604 648 686 729 759 811 853 897 933 981 1021
19 64 87 143 180 226 254 313 341 395 422 478 520 561 593 649 687 705 772 804 854 898 940 982 1009
20 55 88 128 183 229 271 300 342 396 440 473 518 562 589 644 669 730 773 812 854 896 933 983 1002
20 51 100 144 187 214 272 311 352 397 441 480 505 553 605 643 686 731 761 813 855 885 941 984 1009
3 60 104 145 188 230 273 295 353 398 442 481 521 552 601 650 688 722 774 814 856 880 942 978 1010
21 65 93 146 189 231 274 313 354 378 443 471 522 563 585 648 673 715 749 815 851 877 925 985 1022
18 44 105 141 178 232 272 309 355 398 444 482 522 564 592 631 689 732 769 816 840 890 943 975 1023
22 49 103 128 190 233 262 314 356 375 417 483 523 564 606 649 690 733 775 817 847 899 941 973 1024
23 55 106 133 165 234 275 315 357 395 420 484 504 565 607 643 691 718 775 818 853 900 944 962 0
24 46 107 147 191 235 267 316 358 381 430 480 524 566 608 637 692 712 776 819 857 880 934 981 1002
22 66 99 147 184 231 252 317 349 399 427 485 525 565 609 630 685 719 755 806 858 901 943 970 1009
6 45 108 146 185 236 276 298 359 391 445 472 523 566 599 651 671 734 777 800 854 900 931 967 0
12 67 109 142 192 234 277 318 354 377 445 460 511 567 603 652 693 711 778 816 843 878 945 986 0
25 66 110 148 191 237 277 319 355 382 446 471 526 544 589 653 682 731 779 810 844 899 946 980 0
26 48 100 149 193 238 267 320 360 400 423 478 527 568 586 654 672 721 779 803 859 902 947 985 0
27 68 111 150 170 220 266 321 342 401 447 465 526 564 591 629 668 720 766 797 853 903 948 984 1017
3 42 105 151 189 239 278 308 361 376 420 486 524 569 610 633 681 728 780 820 854 897 949 987 1008
20 69 111 146 177 224 269 297 336 386 448 482 521 570 583 655 694 721 781 808 843 898 950 988 0
28 50 86 152 188 240 279 322 352 402 449 486 511 571 589 656 695 713 782 821 860 904 935 982 1023
21 43 91 153 194 214 262 323 362 403 422 466 528 555 598 634 696 730 783 814 861 897 921 989 1015
3 64 93 154 195 241 276 296 345 392 426 487 526 549 597 657 696 718 782 822 862 905 951 981 1005
20 46 110 151 170 242 280 324 347 404 443 488 501 551 592 658 697 733 772 792 842 887 952 986 0
29 70 89 129 189 243 281 314 363 405 447 476 527 572 611 659 687 717 767 801 849 880 944 990 0
30 69 112 155 184 238 282 316 364 406 432 465 529 555 605 649 698 735 750 823 852 906 932 966 0
10 69 113 156 196 221 271 294 354 403 450 486 517 548 590 660 682 727 784 811 863 880 941 975 0
27 57 98 144 181 239 271 302 365 407 449 475 516 573 586 646 676 711 783 817 864 883 952 991 1018
21 71 114 157 196 222 283 304 366 391 440 489 501 546 612 629 695 722 768 795 865 906 953 960 0
31 49 106 148 197 208 265 325 349 400 439 464 530 551 613 627 668 711 764 824 846 886 925 982 1000
32 72 101 127 176 204 261 316 338 402 418 490 505 569 607 657 666 736 784 825 841 903 938 976 1024
33 52 103 146 198 237 270 317 345 401 449 489 503 553 600 661 684 737 785 823 841 907 954 992 0
25 45 92 144 199 229 280 295 351 408 432 477 531 574 591 640 699 724 764 821 866 902 938 989 1011
4 73 115 158 200 232 262 319 358 404 434 463 532 548 599 627 699 721 763 826 855 895 955 993 0
14 73 98 141 198 212 268 323 364 384 451 477 518 575 588 655 687 738 755 807 859 891 912 967 0
4 74 96 132 201 244 271 311 366 408 437 491 530 555 614 652 677 734 776 827 838 879 942 994 1023
29 75 98 159 177 223 273 313 337 408 423 492 529 543 613 634 700 737 778 828 855 893 923 983 1021
25 76 90 152 182 232 264 326 341 403 452 464 533 576 614 644 671 719 786 808 857 877 951 960 1017
3 53 107 132 192 233 252 327 362 409 428 459 532 558 615 628 694 713 787 800 867 908 919 966 1021
13 77 97 156 202 244 283 314 344 379 453 493 534 567 609 654 671 739 782 828 842 883 924 955 1015
8 48 82 156 203 242 254 328 350 377 439 477 508 565 600 662 698 720 780 798 868 909 915 988 0
31 62 116 129 191 245 284 313 356 410 454 473 525 548 616 636 678 722 753 805 841 882 931 984 1023
34 70 115 144 183 222 259 318 367 400 453 494 535 549 601 637 675 713 788 797 869 909 956 976 1013
3 78 112 158 190 211 257 315 343 386 445 467 535 572 600 642 701 739 779 829 870 896 926 979 0
2 56 117 142 202 241 280 301 356 398 435 495 536 577 607 642 695 740 783 802 839 910 927 980 0
8 60 118 157 166 175 263 303 355 378 452 486 520 577 617 663 669 741 759 828 871 891 936 986 0
15 49 119 150 182 243 285 304 368 402 444 496 537 578 618 630 702 712 759 814 869 893 932 967 1005
35 76 112 160 174 245 271 329 362 411 455 477 537 579 610 624 700 729 781 802 872 886 924 986 0
15 73 107 146 203 229 279 299 343 397 436 464 528 550 586 639 697 714 768 825 853 905 946 995 1004
36 48 90 145 197 213 286 314 347 412 422 469 532 566 585 656 677 742 781 807 835 889 926 974 1013
31 69 120 134 194 222 268 279 341 412 455 480 531 580 619 658 685 743 769 812 839 884 948 991 1006
21 55 121 149 204 237 266 301 361 413 448 491 512 574 606 632 693 732 789 807 848 911 951 970 0
32 74 117 161 190 225 287 313 369 377 432 479 503 580 596 639 691 744 782 819 872 887 957 968 1017
9 79 88 152 180 233 278 311 370 414 425 461 531 543 590 650 689 735 783 818 870 876 956 957 0
29 48 87 147 183 240 288 297 366 411 456 481 522 581 594 626 703 723 761 818 871 912 920 996 0
27 80 94 128 202 245 263 304 364 381 425 474 509 558 614 657 681 745 778 830 836 902 944 965 1020
17 51 99 162 201 215 289 327 332 379 436 481 524 580 620 662 700 746 759 805 862 903 921 982 1022
24 81 113 126 181 206 257 320 340 414 455 493 520 581 601 647 702 746 770 796 865 901 951 961 0
21 62 97 151 173 226 275 330 358 409 449 492 521 544 617 652 686 710 762 806 847 902 926 976 0
32 44 122 130 205 233 286 322 371 397 457 473 508 563 595 627 693 741 776 792 862 897 947 978 1012
11 73 114 145 193 237 260 328 367 383 428 483 536 569 619 644 700 741 771 830 873 901 937 994 1000
7 76 123 163 170 246 276 322 370 412 442 497 538 558 609 641 673 712 773 829 874 898 945 994 0
2 57 116 124 203 247 283 307 347 396 450 485 531 564 615 635 702 734 762 813 846 898 944 979 0
24 62 117 145 163 216 266 325 343 391 421 485 513 582 621 654 704 724 759 818 860 894 941 983 0
31 53 121 160 206 242 264 321 357 415 430 479 538 572 605 633 703 737 763 795 866 878 937 967 0
19 66 112 164 172 239 284 323 359 405 441 489 519 568 618 664 704 718 788 828 847 887 920 988 0
35 50 108 161 195 232 265 315 347 394 458 490 539 581 588 628 704 715 758 803 845 893 918 984 1008
27 64 122 137 201 248 257 310 338 404 448 461 533 553 615 637 690 738 767 824 858 906 917 977 1011
37 59 124 143 204 225 279 320 367 404 421 471 506 546 595 643 698 729 785 806 840 913 958 959 0
19 82 114 136 197 224 256 331 357 387 421 486 502 553 597 665 688 734 751 826 844 911 923 985 0
38 81 104 154 173 249 282 300 352 413 439 482 504 576 615 642 705 747 755 831 850 914 929 985 1008
11 83 109 134 171 214 283 326 372 384 435 459 512 556 583 662 697 748 790 804 866 899 956 990 0
36 71 107 164 204 240 274 302 370 382 453 488 517 545 614 649 669 740 754 826 872 890 931 961 1003
39 47 88 126 169 210 268 319 359 389 449 494 529 579 606 630 679 745 787 829 868 890 947 997 0
1 68 108 165 187 237 269 313 350 388 433 481 532 568 614 658 689 730 756 795 834 913 945 981 0
32 54 110 150 185 210 271 317 356 409 458 476 511 547 594 634 689 746 763 832 857 891 922 979 0
9 62 111 139 207 239 282 328 373 415 458 474 537 566 598 627 679 743 757 822 851 907 959 996 1009
13 70 112 127 198 234 274 332 368 385 457 492 523 562 583 626 678 747 770 799 860 876 943 998 1004
16 78 120 161 199 248 276 329 358 406 457 468 540 576 622 643 672 728 778 794 871 883 921 973 0
18 83 96 164 208 219 269 308 362 378 447 490 515 562 609 645 693 745 760 821 839 906 941 999 0
28 72 113 166 190 241 272 306 333 409 420 465 519 573 593 655 692 725 749 814 850 894 939 990 1019
33 59 86 148 171 217 290 306 363 415 438 487 524 578 594 645 683 724 766 811 858 911 929 986 0
7 70 94 153 186 216 277 326 349 390 429 467 500 554 617 632 691 723 772 817 826 906 948 987 0
30 47 121 163 201 220 281 333 374 399 445 492 534 545 589 627 689 727 772 808 841 885 949 995 0
27 50 105 147 171 216 260 324 345 409 439 484 538 562 603 663 701 742 791 805 869 910 942 969 1012
6 63 104 155 186 235 281 304 354 397 437 485 502 557 610 658 706 746 779 824 871 915 940 976 1015
22 79 113 158 195 213 288 309 363 402 454 460 540 555 623 654 686 737 757 830 875 915 927 991 0
38 83 98 160 207 240 285 295 369 376 452 495 541 564 604 657 673 710 777 801 865 911 921 955 0
5 59 84 162 200 218 270 309 348 400 441 490 526 576 593 663 702 733 789 812 838 880 950 972 1015
32 58 91 167 181 197 285 330 350 379 425 498 510 579 619 641 684 749 755 811 845 908 927 972 0
40 65 106 132 177 228 277 301 310 402 440 478 523 579 601 663 706 735 786 820 862 916 958 996 1018
11 43 118 164 196 226 258 296 369 416 442 494 514 567 624 653 702 728 751 832 876 900 927 983 1012
24 64 106 140 200 236 243 327 353 407 452 473 539 547 600 660 707 714 760 810 851 890 948 994 0
26 54 105 157 179 217 289 331 365 406 431 498 526 563 606 666 706 712 772 830 839 870 933 990 0
8 74 119 153 155 247 270 329 372 382 419 476 536 570 595 664 676 713 775 809 851 902 928 984 0
13 64 118 149 194 232 260 331 348 405 420 469 541 550 620 661 676 740 765 811 875 913 938 997 1016
29 68 101 154 197 218 291 326 355 385 440 466 506 559 610 649 672 744 787 830 869 900 930 979 0
37 80 125 139 196 244 254 315 348 382 417 462 511 562 611 641 706 736 777 813 866 886 949 963 1010
16 67 123 168 191 222 266 330 357 405 432 493 536 573 600 631 670 729 757 813 876 877 930 969 0
22 57 102 167 188 237 291 325 334 403 457 472 542 561 624 640 703 740 745 805 843 909 926 959 1021
14 58 108 164 207 230 264 303 351 414 424 497 528 556 602 630 678 739 772 812 837 879 915 1000 0
38 79 93 148 175 238 272 294 353 381 451 496 538 570 621 629 671 726 751 799 868 882 958 963 993
15 51 120 154 200 244 287 293 339 399 459 483 509 573 591 647 687 735 785 802 848 915 933 977 998
26 84 89 153 178 233 290 317 346 402 426 477 539 577 585 646 681 727 761 819 837 914 960 993 1014
6 80 85 127 172 243 287 299 372 387 450 493 513 571 613 667 698 728 776 822 850 908 954 991 0
39 75 93 134 186 227 278 306 338 405 433 499 521 566 584 641 708 750 760 833 859 888 943 995 0
35 75 81 167 205 244 261 321 370 404 438 475 522 583 593 664 679 751 765 794 839 891 934 964 1020
25 58 121 158 202 223 275 322 340 393 451 461 517 580 608 648 694 725 771 816 849 886 918 998 0
9 44 119 149 184 212 290 327 375 381 442 499 540 581 604 633 696 734 788 812 860 916 936 974 0
39 52 110 143 201 238 259 291 363 393 441 470 532 573 625 666 695 747 778 796 853 912 934 978 0
40 61 86 159 193 248 285 309 335 382 458 464 525 584 605 640 701 726 783 831 863 898 924 981 1007
33 57 90 166 192 246 261 328 360 413 427 493 529 580 612 665 686 738 792 827 869 916 920 995 1007
37 45 99 137 208 235 256 323 345 416 450 491 537 572 604 639 708 715 778 809 837 899 935 997 0
5 68 114 166 174 243 289 293 344 392 458 475 503 542 604 652 685 747 761 833 866 917 947 987 0
30 43 106 144 169 218 284 299 375 379 446 479 517 570 622 644 687 748 765 806 870 895 923 986 0
41 80 92 136 198 250 267 311 361 395 440 485 526 570 618 642 679 727 774 816 845 904 952 1001 1024
6 79 97 140 187 223 292 317 369 378 431 491 535 578 584 647 696 717 758 825 836 895 934 982 0
25 67 87 127 179 246 270 315 339 409 430 487 528 568 621 646 690 717 769 815 855 904 924 987 0
15 60 123 143 209 234 257 334 358 394 427 462 522 543 614 654 682 733 788 822 873 897 948 997 0
1 63 116 137 204 224 291 298 375 394 444 469 520 575 609 652 681 725 774 802 855 884 925 964 0
26 65 120 131 205 226 264 294 373 389 444 462 519 560 589 634 667 740 789 834 849 888 956 984 1024
17 54 102 134 200 231 261 298 373 397 429 487 513 562 622 655 688 744 775 816 852 873 958 992 0
18 75 92 156 207 245 265 310 343 380 456 465 532 563 612 632 684 740 773 832 847 901 950 991 1005
19 75 125 130 192 228 274 334 336 399 439 494 528 571 610 666 677 731 789 818 845 883 960 965 1006
18 65 110 168 174 220 276 323 372 408 449 495 514 580 626 650 707 750 753 795 858 909 940 993 0
40 45 95 153 196 213 272 305 373 405 443 495 535 552 596 633 698 748 770 827 871 884 917 1002 0
33 85 105 138 187 224 275 304 338 396 417 460 515 574 604 650 703 749 793 835 852 905 948 980 1018
22 63 118 163 174 229 290 312 368 404 451 500 527 584 587 666 692 744 777 820 864 904 951 972 1013
32 69 123 162 199 212 291 328 372 410 456 478 528 552 606 645 701 751 756 797 867 886 914 1001 1003
29 71 122 135 199 215 284 325 367 394 452 465 504 579 598 653 697 727 770 807 864 888 933 999 1010
26 67 111 140 160 218 272 308 363 413 457 459 534 549 617 650 674 716 754 829 861 913 952 964 0
29 53 119 162 176 216 292 331 374 377 454 471 518 568 624 667 699 741 774 813 874 883 943 951 0
12 52 125 157 199 220 268 293 350 403 435 493 502 572 616 635 692 710 775 799 875 881 929 964 983
35 77 100 124 209 227 255 319 363 414 445 489 538 585 607 637 705 741 764 814 864 908 950 971 1023
41 44 90 129 209 251 279 303 362 401 451 501 539 542 622 632 680 746 754 813 854 910 945 956 1018
28 66 91 169 205 238 280 308 340 415 426 484 516 545 615 662 688 752 768 793 871 896 950 957 1016
41 53 108 142 208 231 287 314 365 385 455 488 533 578 598 631 682 716 765 797 868 905 949 978 0
22 74 114 129 187 250 264 307 364 390 442 495 534 563 594 631 697 736 764 810 850 907 935 988 0
14 81 123 136 176 219 273 307 368 407 441 461 535 551 622 639 683 743 753 832 840 894 955 987 0
2 81 120 163 165 250 278 295 365 387 448 487 507 579 588 662 669 725 761 825 857 878 953 974 1023
19 51 103 133 202 213 281 326 366 380 423 498 518 578 616 640 693 750 763 794 856 876 952 1000 1019
25 62 122 132 194 249 290 297 347 387 419 462 516 554 606 657 689 737 774 798 859 910 930 1000 0
41 77 106 157 185 215 253 300 370 416 428 474 541 584 597 659 672 723 788 823 877 894 928 989 1014
5 81 95 138 179 241 284 316 357 403 440 471 534 550 613 656 708 726 766 834 867 912 942 992 998
41 46 93 135 174 181 254 321 371 406 444 466 512 568 594 663 691 710 773 809 856 879 953 992 0
1 54 95 158 203 250 265 296 368 384 422 474 533 560 592 641 703 713 785 819 863 911 961 973 0
17 78 89 143 173 251 253 325 356 389 424 475 531 558 610 656 684 738 790 803 865 887 936 963 1004
35 55 89 145 208 221 252 332 373 376 418 480 509 571 623 642 696 726 753 798 838 913 957 1003 0
8 59 102 160 183 227 273 299 358 401 425 482 533 567 625 656 704 709 757 827 848 899 953 999 1005
9 70 110 166 195 230 284 305 369 407 450 462 538 559 608 631 693 724 793 823 861 901 919 972 1020
36 77 85 130 186 217 279 329 374 385 443 470 525 553 623 652 707 720 790 820 848 914 938 983 0
15 47 86 167 180 224 274 329 364 410 431 499 527 569 617 658 704 748 773 819 840 875 922 989 1019
4 68 118 152 171 225 280 300 359 410 446 490 521 565 608 660 696 732 754 824 873 907 939 965 1004
38 43 122 156 190 236 280 293 337 400 418 497 512 561 618 646 674 722 771 823 878 885 943 996 1007
34 72 116 146 180 223 258 321 372 398 426 483 501 560 611 628 686 743 780 807 872 874 929 972 1002
38 58 100 129 210 246 286 324 375 411 450 492 533 555 587 651 669 707 758 804 853 888 959 970 1022
39 80 95 141 189 217 293 318 346 413 452 481 505 582 608 628 680 733 779 821 846 900 924 974 988
42 72 114 140 192 219 262 288 351 415 451 467 530 559 620 624 670 712 770 828 863 905 931 992 0
20 83 119 158 205 245 268 307 339 406 453 497 542 557 587 659 709 719 749 803 873 889 954 975 1010
42 84 117 152 191 244 273 327 360 385 456 489 541 557 619 655 675 717 784 798 861 896 959 973 1011
42 77 91 131 176 236 269 317 339 395 429 469 540 582 602 650 698 731 792 833 872 910 935 963 0
30 67 124 154 178 211 288 327 341 401 443 463 516 575 587 663 708 730 753 799 865 902 941 980 1019
10 63 101 160 169 249 255 274 361 416 432 480 535 581 613 636 707 738 783 794 842 881 946 978 0
7 56 104 133 206 251 283 310 367 408 418 499 507 559 603 665 692 730 752 811 836 918 932 988 0
28 65 123 128 172 221 282 324 353 390 457 470 531 577 620 665 687 739 766 833 841 901 922 999 1013
39 72 104 168 198 248 255 325 365 378 419 500 534 565 591 651 700 710 776 812 869 899 927 957 1020
33 75 117 149 168 231 283 296 340 374 446 473 519 575 605 668 680 742 777 817 840 915 928 996 1008
6 51 117 157 203 245 286 316 349 395 419 494 539 574 611 633 690 721 771 831 842 907 958 971 1021
20 84 122 136 179 211 291 333 350 389 455 458 517 564 607 626 676 728 785 821 877 882 953 994 1013
24 54 124 161 188 198 278 318 359 383 447 484 514 541 616 649 709 748 781 792 844 879 914 996 0
10 50 121 165 182 227 277 328 369 417 453 498 540 575 620 635 683 714 785 809 850 892 923 989 0
9 73 85 142 167 248 256 322 360 389 459 466 504 582 618 638 685 739 786 799 836 889 939 971 1022
1 60 103 140 181 229 282 332 360 391 453 490 511 563 622 664 668 731 781 791 837 912 940 970 1016
17 76 107 149 197 248 293 333 376 416 433 476 508 577 621 648 678 745 762 797 856 884 937 962 1005
27 58 126 168 175 213 292 333 343 394 428 488 515 542 611 635 675 732 786 819 859 878 920 992 1016
13 74 111 148 209 230 258 335 365 388 444 484 505 576 623 635 695 723 787 815 866 918 936 954 1019
12 44 102 159 169 239 265 305 336 411 418 470 536 565 611 629 667 733 760 815 856 889 940 989 0
34 60 85 161 196 241 266 324 335 379 429 499 506 561 626 630 694 738 763 809 847 896 944 964 0
18 59 107 165 175 222 256 321 346 392 454 468 521 561 596 653 701 746 792 793 855 918 949 970 1000
39 61 112 142 205 225 253 297 355 390 434 496 513 585 619 668 676 748 767 805 854 918 929 1003 0
36 79 109 144 189 242 267 319 342 388 424 498 502 581 593 638 694 753 762 827 861 910 932 965 0
36 56 111 143 190 232 250 332 344 414 456 496 529 547 582 636 673 734 780 830 856 905 919 976 999
12 68 113 151 204 236 255 303 348 412 423 483 525 583 621 645 675 715 782 827 832 895 944 980 0
12 82 116 131 195 228 285 320 361 384 430 482 503 585 599 638 670 730 768 824 867 885 938 994 0
40 76 103 126 186 247 254 318 351 388 435 491 506 548 592 665 685 716 757 803 864 919 946 998 0
23 72 94 162 182 250 259 300 353 386 437 476 525 574 598 639 704 737 752 794 865 908 947 977 1006
19 43 94 138 188 238 287 312 354 408 448 475 505 566 602 661 697 720 775 831 862 874 955 969 0
31 84 125 159 171 251 282 318 355 396 443 467 508 569 586 659 674 725 782 796 874 876 958 997 0
37 69 118 159 210 242 270 306 353 384 429 463 542 571 612 654 705 711 791 825 870 879 930 998 1017
14 55 86 155 173 231 292 312 371 390 447 494 501 559 597 634 703 714 784 808 870 881 954 974 0
5 66 109 156 183 212 263 307 352 393 428 496 523 546 616 658 677 744 774 829 851 895 961 969 0
42 52 115 155 206 241 267 323 366 407 427 488 523 556 621 667 701 720 773 825 835 913 923 968 1022
34 61 119 167 202 210 260 332 342 395 455 479 543 546 597 656 670 752 779 820 852 892 945 973 0
16 71 83 126 193 239 275 301 371 410 438 500 502 550 596 628 707 717 752 823 857 903 925 967 0
21 78 80 152 193 242 281 294 375 416 435 460 530 561 599 637 691 747 781 820 874 893 922 961 1006
36 61 96 151 206 233 288 298 352 406 446 485 510 549 588 648 700 743 789 798 843 917 934 995 1016
26 57 88 164 170 235 262 305 357 391 454 481 512 554 619 659 677 736 752 831 858 893 939 966 0
41 66 115 159 211 249 276 312 344 417 420 461 510 552 617 665 709 724 769 801 838 888 960 982 1012
7 52 97 135 193 235 253 298 334 396 447 463 519 570 602 662 683 750 786 815 860 890 942 991 1011
14 78 116 135 182 249 286 330 374 400 436 488 509 569 625 661 706 731 787 828 861 904 939 975 993
23 63 98 151 161 243 256 319 367 410 436 472 530 567 623 629 690 716 784 834 852 898 928 969 0
28 56 102 137 209 219 292 294 339 393 438 480 541 552 612 653 678 729 755 818 846 907 947 952 1022
16 64 90 153 207 229 259 324 366 388 431 482 516 544 609 659 683 741 780 790 863 878 935 1003 1024
35 49 101 141 199 230 263 292 342 386 446 487 527 545 625 632 673 735 790 831 860 909 937 960 997
38 42 99 150 172 225 281 311 371 386 454 483 522 567 612 661 672 742 786 821 867 892 946 962 0
30 82 85 150 189 226 252 326 370 415 433 472 501 557 625 647 674 736 791 816 875 916 921 1004 0
40 82 101 139 184 234 273 333 362 412 426 498 536 556 608 653 705 721 758 834 838 904 925 977 0
23 53 95 130 175 221 253 320 344 398 445 497 537 576 625 655 710 745 756 817 849 903 940 968 0
30 56 125 147 188 214 263 330 371 413 437 468 515 543 620 638 699 715 771 801 872 917 950 979 0
34 46 121 141 208 234 285 331 336 396 424 489 529 573 587 660 690 723 791 833 862 881 961 993 1020
24 82 108 128 194 223 289 301 346 399 442 496 530 572 590 664 684 729 754 804 864 889 953 968 1011
28 83 124 138 185 218 258 329 361 412 456 464 509 548 601 646 691 750 791 810 868 892 917 985 1021
33 46 120 137 184 251 259 315 337 392 434 495 518 582 584 651 682 732 787 832 843 914 942 990 1015
13 65 125 145 187 240 247 316 356 392 438 479 507 554 599 660 681 711 769 829 844 908 959 995 1001
37 74 109 135 195 240 275 312 346 380 434 497 543 547 624 645 679 742 789 814 842 916 937 987 1002
11 84 113 154 185 228 278 302 373 377 437 469 527 546 613 648 680 732 758 793 858 903 936 971 0
10 73 87 131 206 214 289 334 335 393 460 474 539 551 607 661 709 751 762 817 857 919 949 977 0
37 70 126 163 203 211 269 334 360 411 424 484 524 577 590 657 699 726 765 824 835 892 928 1001 0
23 76 109 150 178 230 260 308 364 397 448 478 514 571 596 651 692 747 788 826 863 882 926 971 0
23 47 100 139 191 236 290 331 351 380 425 468 503 560 588 647 694 719 790 815 846 906 955 1001 1018
31 61 87 166 209 215 249 310 354 376 441 492 540 556 592 638 708 736 776 826 868 900 922 1001 1017
5 78 96 133 194 247 277 320 338 401 427 470 513 551 618 669 675 742 780 808 837 911 957 981 1010
10 71 94 148 201 219 286 309 352 418 431 466 537 560 591 626 688 716 777 806 859 916 945 962 1014
1 77 88 147 178 246 287 302 376 417 436 500 506 583 616 660 688 743 767 800 845 909 932 999 0
40 79 105 162 207 246 258 314 336 407 434 499 520 550 615 664 709 744 764 795 877 885 931 962 0
2 71 92 155 200 220 289 299 368 411 433 486 515 575 623 636 705 739 767 796 867 887 956 1002 1012
16 49 115 169 179 247 288 302 374 414 422 459 524 574 603 651 695 719 784 822 849 891 962 985 1007
17 50 115 139 192 210 294 330 341 398 430 491 504 554 586 640 702 735 793 810 833 897 954 990 1014
34 67 91 165 177 235 251 322 359 399 421 500 520 578 605 644 699 722 760 822 875 912 946 975 1024
