1024 320
4 14
4 4 4 4 4 4 4 4 4 4 4 4 4 4 4 4 4 4 4 4 4 4 4 4 4 4 4 4 4 4 4 4 4 4 4 4 4 4 4 4 4 4 4 4 4 4 4 4 4 4 4 4 4 4 4 4 4 4 4 4 4 4 4 4 4 4 4 4 4 4 4 4 4 4 4 4 4 4 4 4 4 4 4 4 4 4 4 4 4 4 4 4 4 4 4 4 4 4 4 4 4 4 4 4 4 4 4 4 4 4 4 4 4 4 4 4 4 4 4 4 4 4 4 4 4 4 4 4 4 4 4 4 4 4 4 4 4 4 4 4 4 4 4 4 4 4 4 4 4 4 4 4 4 4 4 4 4 4 4 4 4 4 4 4 4 4 4 4 4 4 4 4 4 4 4 4 4 4 4 4 4 4 4 4 4 4 4 4 4 4 4 4 4 4 4 4 4 4 4 4 4 4 4 4 4 4 4 4 4 4 4 4 4 4 4 4 4 4 4 4 4 4 4 4 4 4 4 4 4 4 4 4 4 4 4 4 4 4 4 4 4 4 4 4 4 4 4 4 4 4 4 4 4 4 4 4 4 4 4 4 4 4 4 4 4 4 4 4 4 4 4 4 4 4 4 4 4 4 4 4 4 4 4 4 4 4 4 4 4 4 4 4 4 4 4 4 4 4 4 4 4 4 4 4 4 4 4 4 4 4 4 4 4 4 4 4 4 4 4 4 4 4 4 4 4 4 4 4 4 4 4 4 4 4 4 4 4 4 4 4 4 4 4 4 4 4 4 4 4 4 4 4 4 4 4 4 4 4 4 4 4 4 4 4 4 4 4 4 4 4 4 4 4 4 4 4 4 4 4 4 4 4 4 4 4 4 4 4 4 4 4 4 4 4 4 4 4 4 4 4 4 4 4 4 4 4 4 4 4 4 4 4 4 4 4 4 4 4 4 4 4 4 4 4 4 4 4 4 4 4 4 4 4 4 4 4 4 4 4 4 4 4 4 4 4 4 4 4 4 4 4 4 4 4 4 4 4 4 4 4 4 4 4 4 4 4 4 4 4 4 4 4 4 4 4 4 4 4 4 4 4 4 4 4 4 4 4 4 4 4 4 4 4 4 4 4 4 4 4 4 4 4 4 4 4 4 4 4 4 4 4 4 4 4 4 4 4 4 4 4 4 4 4 4 4 4 4 4 4 4 4 4 4 4 4 4 4 4 4 4 4 4 4 4 4 4 4 4 4 4 4 4 4 4 4 4 4 4 4 4 4 4 4 4 4 4 4 4 4 4 4 4 4 4 4 4 4 4 4 4 4 4 4 4 4 4 4 4 4 4 4 4 4 4 4 4 4 4 4 4 4 4 4 4 4 4 4 4 4 4 4 4 4 4 4 4 4 4 4 4 4 4 4 4 4 4 4 4 4 4 4 4 4 4 4 4 4 4 4 4 4 4 4 4 4 4 4 4 4 4 4 4 4 4 4 4 4 4 4 4 4 4 4 4 4 4 4 4 4 4 4 4 4 4 4 4 4 4 4 4 4 4 4 4 4 4 4 4 4 4 4 4 4 4 4 4 4 4 4 4 4 4 4 4 4 4 4 4 4 4 4 4 4 4 4 4 4 4 4 4 4 4 4 4 4 4 4 4 4 4 4 4 4 4 4 4 4 4 4 4 4 4 4 4 4 4 4 4 4 4 4 4 4 4 4 4 4 4 4 4 4 4 4 4 4 4 4 4 4 4 4 4 4 4 4 4 4 4 4 4 4 4 4 4 4 4 4 4 4 4 4 4 4 4 4 4 4 4 4 4 4 4 4 4 4 4 4 4 4 4 4 4 4 4 4 4 4 4 4 4 4 4 4 4 4 4 4 4 4 4 4 4 4 4 4 4 4 4 4 4 4 4 4 4 4 4 4 4 4 4 4 4 4 4 4 4 4 4 4 4 4 4 4 4 4 4 4 4 4 4 4 4 4 4 4 4 4 4 4 4 4 4 4 4 4 4 4 4 4 4 4 4 4 4 4 4 4 4 4 4 4 4 4 4 4 4 4 4 4 4 4 4 4 4 4 4 4 4 4 4 4 4 4 4 4 4 4 4 4 4 4 4 4 4 4 4 4 4 4 4 4 4 4 4 4 4 4 4 4 4 4 4 4 4 4 4 4 4 4 4 4 4 4 4 4 4 4 4 4 4 4 4 4 4 4 4 4 4 4 4 4 4 4 4 4 4 4 4 4 4 4 4 4 4 4 4 4 4 4 4 4 4 4 4 4 4 4 4 4 4 4 4 4 4 4 4 4 4 4 4 4 4 4 4
13 13 13 13 13 13 13 13 13 13 13 13 13 13 13 13 13 13 13 13 14 13 13 13 14 13 13 13 13 13 13 13 13 13 13 13 13 13 13 13 13 13 13 13 13 13 13 13 13 13 13 13 13 13 13 13 13 13 13 13 13 13 13 13 14 13 13 13 13 14 13 13 13 14 13 13 13 13 13 13 13 13 13 13 13 13 13 13 13 13 13 13 13 13 13 13 13 12 13 13 12 12 12 12 13 13 12 12 12 12 13 12 12 13 13 13 12 13 12 13 13 13 12 13 13 12 13 13 12 12 13 13 12 12 13 13 12 13 13 13 13 13 13 13 13 13 13 12 12 12 12 13 12 13 13 13 13 12 12 13 13 13 13 12 13 13 13 13 12 12 13 13 13 13 13 12 14 13 13 14 12 13 13 13 13 13 12 13 13 13 13 13 14 13 13 13 12 13 13 12 13 13 13 12 12 13 13 13 13 13 13 13 13 12 13 13 13 13 12 12 13 13 12 13 13 13 13 12 12 12 13 13 12 13 13 13 12 13 12 12 13 13 13 13 13 12 13 13 13 12 12 12 13 13 13 13 13 12 12 13 13 12 12 13 13 13 12 13 13 13 13 12 13 13 13 13 12 12 14 12 13 12 12 12 13 12 13 12 13 13 13 12 12 12 13 13 13 13 13 13 13 13 12 13 12 13 13 13 13 13 13 13 13 13 12 13 13 12 13 13
1 123 180 313
2 108 215 248
3 28 85 206
4 36 83 316
5 53 57 78
6 12 20 71
7 74 223 311
8 141 211 272
9 46 161 174
10 137 177 242
11 19 106 134
13 148 236 282
14 32 86 217
15 81 125 246
16 98 167 219
17 63 237 247
18 145 305 314
21 24 107 120
22 198 262 304
23 49 253 261
25 129 151 302
26 84 254 270
27 76 157 283
29 89 160 208
30 92 181 222
31 128 275 317
33 156 250 287
34 104 185 220
35 43 257 318
37 133 186 189
38 115 209 267
39 58 122 190
40 42 64 231
41 109 245 276
44 62 69 97
45 51 140 192
47 158 207 307
48 266 281 293
50 149 298 309
52 105 113 252
54 82 169 212
55 80 163 184
56 182 196 279
59 143 154 249
60 68 103 118
61 240 286 300
65 101 135 203
66 87 150 194
67 136 195 235
70 176 291 294
72 88 99 265
73 111 191 308
75 100 130 139
77 102 126 179
79 170 239 297
90 224 244 273
91 188 299 320
93 110 210 290
94 117 162 205
95 259 260 280
96 142 271 310
112 173 218 306
114 124 225 289
116 147 152 255
119 144 216 258
121 138 256 315
127 165 171 301
131 166 172 303
132 168 284 312
146 175 187 288
153 197 263 277
155 183 227 232
159 233 243 274
164 214 234 238
178 193 201 204
199 213 269 296
200 226 241 295
202 221 230 278
228 251 264 319
229 268 285 292
1 77 286 308
2 27 50 68
3 54 123 203
4 72 114 240
5 15 105 133
6 22 213 315
7 167 174 227
8 113 154 309
9 25 210 264
10 83 152 269
11 44 215 305
12 117 291 314
13 82 146 250
14 48 141 178
16 115 119 253
17 231 303 313
18 159 278 317
19 257 261 263
20 194 239 310
21 192 224 232
23 84 158 165
24 55 67 222
26 29 173 299
28 39 109 182
30 34 226 260
31 75 214 268
32 279 280 312
33 57 138 160
35 73 193 228
36 127 195 238
37 90 131 233
38 87 245 285
40 118 220 306
41 69 246 302
42 142 223 266
43 177 273 288
45 283 284 297
46 212 221 249
47 101 205 241
49 63 289 304
51 130 179 188
52 94 190 265
53 136 267 293
56 89 197 311
58 60 107 116
59 70 168 254
61 95 106 186
62 187 217 320
64 184 258 319
65 76 93 235
66 148 200 316
71 81 171 191
74 97 99 181
78 126 161 307
79 153 180 275
80 139 236 294
85 108 137 270
86 163 198 274
88 110 121 244
91 162 166 219
92 128 149 156
96 102 122 243
98 111 255 287
100 103 125 225
104 155 211 301
112 209 230 300
120 143 237 292
124 145 208 251
129 172 272 282
132 144 164 256
134 135 183 296
140 202 204 295
147 176 277 290
150 248 252 318
151 207 218 234
157 175 196 247
169 201 259 271
78 170 185 242
189 206 216 281
199 231 276 298
65 191 229 233
82 220 262 290
1 103 200 256
2 4 163 307
3 51 181 251
5 183 228 247
6 129 179 257
7 58 236 300
8 98 124 239
9 87 189 320
10 144 272 278
11 173 292 297
12 92 196 209
13 158 192 276
14 134 156 190
15 96 222 277
16 27 169 302
17 147 150 234
18 60 127 280
19 42 212 238
20 57 184 286
21 89 216 248
22 154 205 206
23 32 37 74
24 69 178 315
25 142 254 295
26 105 115 317
28 217 218 244
29 101 172 310
30 53 83 229
31 56 61 262
33 59 125 274
34 35 109 299
36 73 113 187
38 94 225 273
39 49 140 235
40 72 102 255
41 130 170 240
43 149 174 246
44 77 250 253
45 55 152 162
46 104 148 279
47 168 275 289
48 176 242 308
50 138 186 195
52 259 261 313
54 70 107 316
62 202 294 301
63 121 137 260
64 76 188 230
66 128 165 213
67 123 161 306
68 263 264 267
71 108 166 214
75 117 136 271
79 131 146 319
80 88 135 266
81 126 201 269
84 145 157 265
85 139 284 287
86 180 285 314
90 167 270 293
91 99 211 237
8 93 95 223
97 132 199 252
100 119 182 194
106 151 258 291
110 175 204 298
111 197 207 221
112 153 226 309
114 143 171 210
116 155 160 245
118 133 208 249
120 177 243 312
122 185 224 268
141 203 215 288
159 219 264 276
164 227 304 305
193 198 283 303
4 173 232 259
16 122 241 318
11 222 281 282
195 273 296 311
1 152 189 196
2 39 176 317
3 106 125 185
5 45 114 217
6 90 116 226
7 17 191 206
9 30 141 284
10 33 74 306
12 212 243 299
13 117 133 137
14 76 89 200
15 22 64 280
18 82 194 293
19 66 110 162
20 49 118 288
21 126 209 290
23 55 268 309
24 79 234 265
25 198 242 252
26 86 195 255
27 104 180 266
28 83 142 305
29 63 149 294
31 88 129 249
32 40 286 318
34 70 98 175
35 44 93 275
36 51 174 271
37 41 164 197
38 73 80 172
42 67 224 228
43 138 229 258
46 97 239 274
47 99 182 270
48 127 166 232
50 77 207 285
52 221 227 281
53 151 279 303
54 144 171 267
56 120 203 219
57 91 95 295
58 297 298 302
59 87 193 235
60 181 204 296
61 94 155 161
62 96 134 283
65 115 154 170
68 101 287 313
69 85 105 311
71 168 186 263
72 188 291 310
75 160 247 257
78 145 205 236
81 146 241 312
84 113 210 246
92 143 256 261
100 112 159 178
102 139 165 304
103 111 150 223
107 130 250 303
96 108 245 272
109 143 153 184
119 177 183 307
121 192 230 233
123 124 202 214
128 169 179 211
39 131 238 260
132 167 208 316
135 147 315 320
136 190 248 308
140 237 300 314
148 157 201 289
90 156 187 277
158 262 266 292
133 163 199 211
213 218 282 319
215 231 251 301
216 240 244 254
220 225 233 253
216 269 284 299
169 218 247 278
1 42 154 277
2 74 200 246
3 237 241 283
4 145 268 315
5 80 164 179
6 86 144 223
7 226 274 319
8 156 192 305
9 157 253 294
10 77 232 310
11 101 140 273
12 165 174 252
13 59 69 161
14 17 34 271
15 79 219 286
16 92 280 288
18 40 134 191
19 33 178 270
20 67 128 260
21 91 132 225
22 106 153 250
23 56 188 245
24 38 261 278
25 104 190 230
26 88 146 231
27 37 125 308
28 84 138 198
29 78 168 238
30 62 89 117
31 58 97 183
32 44 160 201
35 202 256 293
36 239 262 282
41 121 180 208
43 166 197 199
45 95 159 304
46 108 205 269
47 61 110 142
48 49 129 255
50 220 272 295
51 98 155 249
52 65 70 213
53 73 76 177
54 242 244 309
55 68 81 291
57 130 149 234
60 112 214 254
63 215 221 267
64 66 113 240
71 115 120 152
72 193 203 227
75 131 148 210
82 94 196 258
83 194 265 302
85 124 259 290
87 123 163 263
93 105 127 320
99 224 257 287
100 187 207 318
102 135 173 264
103 167 212 301
107 150 186 251
109 137 204 281
111 209 235 276
114 136 141 147
116 184 206 243
118 228 285 312
119 176 181 313
122 172 217 307
126 162 182 292
139 175 275 306
151 170 171 222
158 311 314 316
185 189 298 317
229 248 289 296
181 198 236 312
42 121 279 297
207 224 246 300
1 137 257 274
2 79 110 304
3 48 279 307
4 9 82 237
5 191 204 212
6 28 73 141
7 88 169 245
8 38 176 302
10 11 124 146
12 142 268 306
13 93 185 221
14 68 196 282
15 129 161 215
16 139 186 314
17 27 67 159
18 108 217 313
19 104 203 218
20 65 112 189
21 84 238 285
22 100 190 272
23 29 94 111
24 66 77 299
25 51 71 178
26 162 177 315
30 61 115 180
31 45 263 310
32 50 59 183
33 114 174 231
34 214 252 267
35 74 262 291
36 57 102 199
37 122 278 284
39 86 247 301
40 172 234 235
41 128 273 320
43 87 205 255
44 53 103 206
46 90 171 286
47 98 228 242
49 80 216 271
52 148 163 219
54 96 145 182
55 78 225 276
56 83 149 241
58 166 187 208
60 69 76 211
62 118 126 153
63 154 167 258
64 132 147 201
70 210 248 297
72 92 107 295
75 120 127 226
81 116 239 253
85 188 256 298
89 131 135 309
91 151 236 288
95 249 296 303
97 101 109 290
99 138 259 308
105 130 289 319
106 152 193 311
113 136 232 294
117 184 220 227
119 200 264 305
123 250 269 300
125 155 244 275
133 202 229 287
134 158 160 240
140 170 266 280
143 150 175 270
144 157 192 318
156 251 254 292
94 164 283 317
165 168 223 230
173 194 233 236
179 281 288 316
170 195 243 261
101 197 260 293
114 209 213 242
28 93 167 222
3 160 265 277
1 25 146 183
2 73 130 143
4 118 222 298
5 89 259 300
6 29 227 279
7 84 133 267
8 122 191 256
9 21 22 313
10 65 92 304
11 23 71 228
12 45 245 250
13 17 102 273
14 91 221 306
15 109 152 254
16 78 142 147
18 41 47 253
19 111 272 320
20 132 247 266
24 39 262 287
26 151 263 308
27 56 70 257
30 80 190 270
31 204 207 305
32 176 179 205
33 49 113 283
34 88 232 258
35 108 233 237
36 37 63 182
38 60 174 275
40 53 239 311
42 85 129 157
43 171 173 314
44 121 163 234
46 64 107 268
48 66 124 153
50 208 209 271
51 226 248 261
52 62 125 177
54 61 187 276
55 134 180 210
57 120 144 302
58 203 289 299
59 166 218 241
67 83 135 252
68 131 165 185
69 220 238 251
72 192 212 317
74 136 196 244
75 156 199 206
76 150 158 269
77 133 159 181
79 186 225 293
81 86 99 197
82 139 215 235
16 87 97 230
90 119 193 211
95 96 104 228
98 117 149 278
100 164 291 296
103 195 265 292
105 155 200 297
106 137 194 301
110 214 274 284
112 138 172 316
115 198 281 310
116 140 168 231
123 178 258 312
126 141 303 318
127 240 249 264
128 145 216 219
148 202 243 308
154 217 295 311
161 223 229 298
50 162 277 319
169 286 294 307
15 119 175 285
184 284 301 315
188 246 260 282
51 177 189 290
18 30 201 224
2 91 213 255
251 280 299 309
1 172 201 237
3 43 115 272
4 42 186 226
5 9 10 182
6 17 62 110
7 83 104 143
8 82 180 213
11 60 78 113
12 134 197 236
13 29 114 119
14 84 130 233
19 196 202 302
20 26 122 193
21 53 59 96
22 67 166 204
23 100 231 290
24 233 249 307
25 73 260 314
27 171 227 250
28 102 248 280
31 57 167 313
32 106 175 230
33 58 93 179
34 87 286 305
35 45 52 208
36 65 85 303
37 66 140 198
38 72 89 274
39 71 149 296
40 189 246 289
41 255 259 267
44 61 135 278
46 80 160 242
47 64 195 281
16 48 94 210
49 108 264 265
54 147 285 304
55 174 218 256
56 139 222 238
63 152 181 318
68 137 300 320
20 69 111 244
70 162 293 300
74 116 128 172
75 83 221 253
76 98 173 277
77 114 241 266
79 229 271 320
63 81 142 317
85 86 240 288
36 88 176 306
90 126 214 282
92 158 308 319
95 109 123 157
97 141 145 261
99 117 170 215
101 187 223 243
103 213 224 283
105 257 276 312
107 129 159 197
112 150 253 279
118 148 152 164
120 121 205 252
124 151 199 212
108 125 184 316
127 146 163 209
131 207 254 261
13 132 190 309
136 168 219 250
17 138 203 239
112 144 262 273
153 183 188 215
154 169 225 287
155 159 238 269
156 289 310 315
161 194 206 208
165 178 206 297
169 185 200 270
191 232 262 270
192 293 296 306
211 217 234 291
42 68 216 245
28 201 220 263
144 155 235 268
41 247 269 295
137 275 292 294
1 23 118 236
2 29 178 228
3 235 260 286
4 81 160 230
5 101 167 265
6 14 41 146
7 48 195 268
8 255 271 279
9 125 199 219
10 100 248 314
11 51 80 318
12 79 232 251
15 73 82 124
18 153 223 290
19 116 252 298
21 27 187 309
22 38 142 148
24 43 168 319
25 126 184 273
26 44 104 174
30 165 183 234
31 84 225 280
32 91 226 310
33 54 204 282
34 86 177 250
35 107 140 165
37 130 203 209
39 267 304 312
40 75 87 198
45 99 127 302
46 50 123 288
47 55 240 303
49 149 196 211
52 90 129 158
53 71 175 243
56 192 242 297
57 110 190 237
58 115 244 256
36 59 180 299
60 151 154 304
61 136 179 305
62 186 229 257
64 164 217 287
25 65 121 245
66 139 247 291
67 84 249 284
69 171 294 313
70 103 221 272
11 72 128 133
74 98 134 163
19 76 122 225
77 145 193 316
78 105 156 258
88 141 205 246
89 109 147 307
92 173 185 241
93 176 194 254
94 95 181 218
96 131 150 275
55 97 166 295
55 102 157 231
106 132 182 264
111 138 222 274
56 113 281 315
117 189 191 264
120 134 161 259
63 135 162 220
143 192 214 320
170 190 216 285
159 188 277 292
129 168 200 278
141 202 276 310
65 207 283 301
210 212 227 311
224 239 263 317
100 205 263 266
1 39 248 251
2 253 305 318
3 18 91 252
4 80 202 272
5 60 158 315
6 139 201 254
7 27 126 136
8 107 137 208
9 16 58 266
10 42 72 94
12 85 119 317
13 50 74 79
14 125 197 304
15 236 274 297
17 106 162 224
20 147 181 302
21 105 172 298
22 51 108 247
23 143 166 167
24 114 175 227
26 54 75 211
28 128 183 226
29 87 256 314
30 184 237 306
31 173 203 223
32 82 123 239
33 170 275 318
34 160 187 292
35 142 174 213
37 52 104 222
38 185 207 269
40 73 182 258
43 46 155 296
44 48 277 298
45 53 111 131
47 171 243 262
49 164 186 290
57 90 148 215
59 276 295 301
61 233 255 280
62 98 235 319
64 71 161 241
66 92 99 193
67 103 115 242
68 278 289 311
69 140 146 196
70 188 238 273
76 88 145 195
77 89 132 154
78 86 143 229
81 109 156 249
83 120 273 308
22 93 149 267
95 146 268 284
96 180 232 288
42 97 124 130
101 116 163 251
102 121 189 299
110 133 216 246
112 199 285 287
113 209 228 245
117 213 303 312
118 261 270 279
122 178 212 259
127 153 157 291
135 230 282 293
138 152 176 266
66 144 234 283
150 219 220 294
151 160 260 284
169 198 240 265
177 191 218 300
179 204 217 309
51 194 257 316
200 206 214 271
210 244 310 313
145 221 262 307
16 214 231 281
228 258 283 286
1 46 179 291
2 64 90 137
3 8 117 168
4 14 170 172
5 48 220 299
6 121 264 316
7 69 112 119
9 123 181 195
10 27 89 211
11 75 176 295
12 82 108 154
13 242 261 303
15 65 75 201
17 113 130 202
18 56 287 319
19 171 208 239
20 47 74 162
21 37 269 286
23 156 173 205
24 63 174 188
25 40 133 257
26 35 134 152
28 105 107 132
29 32 288 305
30 54 127 245
31 62 147 246
33 142 189 227
23 34 243 302
36 79 94 97
38 78 232 256
39 212 219 240
41 71 103 229
43 49 167 217
44 158 222 249
45 84 255 282
50 88 164 191
52 77 204 244
53 155 176 260
57 68 126 281
58 67 106 140
59 157 226 267
60 241 247 259
61 118 183 218
70 73 100 315
72 131 180 289
76 110 161 166
80 124 138 250
81 151 235 252
83 275 276 285
85 190 198 221
86 135 150 312
87 159 296 300
91 231 233 317
92 210 239 278
93 120 184 215
95 98 116 136
96 149 268 314
99 125 187 306
101 129 148 317
102 265 270 272
104 115 139 318
109 128 144 224
111 237 238 311
114 193 206 290
122 153 169 207
141 185 216 297
163 182 236 301
165 209 277 280
175 197 279 320
154 177 200 274
83 178 192 248
186 223 271 313
194 196 230 309
199 234 278 294
203 253 254 263
149 225 292 308
142 245 293 307
1 13 47 199
2 30 247 311
3 198 205 315
4 7 135 159
5 20 235 267
6 106 108 123
8 111 130 236
9 207 270 296
10 162 229 249
11 21 57 189
12 18 147 273
14 157 181 182
15 19 26 94
16 67 197 226
17 65 119 145
22 134 150 173
24 60 295 300
25 74 243 286
27 158 252 256
28 184 230 307
29 121 155 262
31 73 126 285
32 216 224 314
33 81 98 132
34 37 40 161
35 66 137 169
36 89 263 298
38 56 277 303
39 43 44 294
41 76 124 274
42 125 146 237
45 46 49 240
48 63 65 196
50 167 187 260
51 225 238 288
52 268 283 319
53 102 153 219
54 200 266 291
55 138 213 223
58 86 117 172
59 80 165 284
61 71 143 301
62 164 178 266
64 171 180 261
68 208 232 297
69 152 212 293
70 97 133 139
72 93 211 316
77 85 175 186
78 129 201 203
79 101 179 220
82 84 281 308
87 166 222 275
88 148 228 248
90 218 299 312
91 116 127 215
92 155 191 305
66 95 188 217
96 100 115 287
99 118 168 214
103 110 280 302
18 104 136 251
105 190 279 306
107 233 246 292
109 122 183 221
112 202 257 265
113 177 195 269
114 131 257 271
120 204 209 227
100 128 244 276
140 194 210 250
141 186 234 289
144 156 236 264
151 189 253 272
160 255 273 313
163 185 193 282
170 254 258 290
111 174 206 310
20 192 241 304
30 231 242 320
166 234 259 309
1 141 269 316
2 16 256 276
3 55 73 178
4 31 74 218
5 36 171 196
6 9 27 225
7 120 156 231
8 32 194 247
10 88 173 216
11 87 142 210
12 93 161 193
13 84 191 268
14 128 154 301
15 122 296 308
17 121 127 253
19 105 232 285
21 249 287 291
22 99 201 260
23 180 215 300
24 125 202 248
25 241 271 275
26 83 167 281
28 180 245 311
29 138 244 295
33 195 212 279
34 81 131 314
35 135 163 279
37 50 60 270
38 97 217 312
39 72 179 320
40 95 208 211
41 190 193 254
42 43 160 209
44 80 238 319
45 69 116 199
46 65 82 309
21 47 144 177
48 52 132 139
49 70 77 224
51 68 235 298
53 58 75 146
54 136 213 299
56 96 124 264
57 70 206 307
59 118 140 147
61 172 226 265
62 106 114 157
63 243 255 306
64 143 185 274
67 221 289 290
71 145 227 310
76 182 242 317
74 78 165 184
79 152 177 192
85 162 168 207
86 174 183 222
25 89 175 304
90 92 115 297
91 198 203 261
94 188 302 313
1 81 163 244 325 403 484 566 652 728 807 884 965 0
2 82 164 245 326 404 485 564 653 729 808 885 966 0
3 83 165 246 327 405 483 567 654 730 809 886 967 0
4 84 164 240 328 406 486 568 655 731 810 887 968 0
5 85 166 247 329 407 487 569 656 732 811 888 969 0
6 86 167 248 330 408 488 570 657 733 812 889 970 0
7 87 168 249 331 409 489 571 658 734 813 887 971 0
8 88 169 224 332 410 490 572 659 735 809 890 972 0
9 89 170 250 333 406 491 569 660 736 814 891 970 0
10 90 171 251 334 411 492 569 661 737 815 892 973 0
11 91 172 242 335 411 493 573 662 700 816 893 974 0
6 92 173 252 336 412 494 574 663 738 817 894 975 0
12 93 174 253 337 413 495 575 633 739 818 884 976 0
13 94 175 254 338 414 496 576 657 740 810 895 977 0
14 85 176 255 339 415 497 559 664 741 819 896 978 0
15 95 177 241 340 416 498 538 600 736 805 897 966 0
16 96 178 249 338 417 495 570 635 742 820 898 979 0
17 97 179 256 341 418 499 563 665 730 821 894 945 0
11 98 180 257 342 419 500 577 666 702 822 896 980 0
6 99 181 258 343 420 501 578 607 743 823 888 962 0
18 100 182 259 344 421 491 579 667 744 824 893 981 1001
19 86 183 255 345 422 491 580 668 745 780 899 982 0
20 101 184 260 346 423 493 581 652 746 825 834 983 0
18 102 185 261 347 424 502 582 669 747 826 900 984 0
21 89 186 262 348 425 484 583 670 695 827 901 985 1021
22 103 187 263 349 426 503 578 671 748 828 896 986 0
23 82 177 264 350 417 504 584 667 734 815 902 970 0
3 104 188 265 351 408 482 585 648 749 829 903 987 0
24 103 189 266 352 423 488 575 653 750 830 904 988 0
25 105 190 250 353 427 505 563 672 751 831 885 963 0
26 106 191 267 354 428 506 586 673 752 832 905 968 0
13 107 184 268 355 429 507 587 674 753 830 906 972 0
27 108 192 251 342 430 508 588 675 754 833 907 989 0
28 105 193 269 338 431 509 589 676 755 834 908 990 0
29 109 193 270 356 432 510 590 677 756 828 909 991 0
4 110 194 271 357 433 511 591 616 690 835 910 969 0
30 111 184 272 350 434 511 592 678 757 824 908 992 0
31 112 195 273 347 410 512 593 668 758 836 911 993 0
32 104 196 245 310 435 502 594 679 728 837 912 994 0
33 113 197 268 341 436 513 595 680 759 827 908 995 0
34 114 198 272 358 437 499 596 650 657 838 913 996 0
33 115 180 274 325 401 514 568 647 737 783 914 997 0
29 116 199 275 359 438 515 567 669 760 839 912 997 0
35 91 200 270 355 439 516 597 671 761 840 912 998 0
36 117 201 247 360 428 494 590 681 762 841 915 999 0
9 118 202 276 361 440 517 598 682 760 807 915 1000 0
37 119 203 277 362 441 499 599 683 763 823 884 1001 0
38 94 204 278 363 405 518 600 658 761 811 916 1002 0
20 120 196 258 363 442 508 601 684 764 839 915 1003 0
39 82 205 279 364 429 519 557 682 739 842 917 992 0
36 121 165 271 365 425 520 562 662 745 801 918 1004 0
40 122 206 280 366 443 521 590 685 757 843 919 1002 0
5 123 190 281 367 439 513 579 686 762 844 920 1005 0
41 83 207 282 368 444 522 602 675 748 831 921 1006 0
42 102 201 260 369 445 523 603 683 711 712 922 967 0
43 124 191 283 346 446 504 604 687 715 821 911 1007 0
5 108 181 284 370 433 524 586 688 765 845 893 1008 0
32 125 168 285 354 447 525 588 689 736 846 923 1005 0
44 126 192 286 337 429 526 579 690 766 847 924 1009 0
45 125 179 287 371 448 512 573 691 732 848 900 992 0
46 127 191 288 362 427 522 597 692 767 849 925 1010 0
35 128 208 289 353 449 521 570 693 768 832 926 1011 0
16 120 209 266 372 450 511 605 614 718 826 916 1012 0
33 129 210 255 373 451 517 599 694 769 808 927 1013 0
47 130 161 290 366 420 492 591 695 724 819 898 916 1000
48 131 211 257 373 424 518 592 696 770 795 909 941 0
49 102 212 274 343 417 527 580 697 771 846 897 1014 0
45 82 213 291 369 414 528 606 647 772 845 928 1004 0
35 114 185 292 337 448 529 607 698 773 813 929 999 0
50 126 207 269 366 452 504 608 699 774 850 930 1003 1008
6 132 214 293 374 425 493 594 686 769 838 925 1015 0
51 84 197 294 375 453 530 593 700 737 851 931 994 0
52 109 194 273 367 408 485 583 664 759 850 905 967 0
7 133 184 251 326 432 531 609 701 739 823 901 968 1017
53 106 215 295 376 454 532 610 680 748 816 819 1005 0
23 130 210 254 367 448 533 611 702 775 852 913 1016 0
54 81 200 279 334 424 534 612 703 776 843 932 1003 0
5 134 158 296 352 445 498 573 704 777 836 933 1017 0
55 135 216 261 339 404 535 613 663 739 835 934 1018 0
42 136 217 273 329 442 505 598 662 731 853 924 998 0
14 132 218 297 369 455 536 614 655 778 854 907 990 0
41 93 162 256 377 406 537 572 664 753 817 935 1000 0
4 90 190 265 378 446 527 571 610 779 855 877 986 0
22 101 219 298 351 421 489 576 673 697 841 935 976 0
3 137 220 292 379 456 514 591 615 738 856 932 1019 0
13 138 221 263 330 435 536 615 676 777 857 923 1020 0
48 112 170 286 380 438 538 589 680 750 858 936 974 0
51 139 217 267 349 409 509 616 705 775 842 937 973 0
24 124 182 254 353 457 487 593 706 776 815 910 1021 0
56 111 222 248 316 440 539 617 685 765 808 938 1022 0
57 140 223 284 344 458 496 564 674 730 859 939 1023 0
25 141 173 299 340 453 492 618 707 770 860 940 1022 0
58 130 224 270 381 413 482 588 708 780 861 931 975 0
59 122 195 288 377 423 475 600 709 737 835 896 1024 0
60 127 224 284 360 459 540 619 709 781 862 941 995 0
61 142 176 289 304 444 540 579 710 782 863 942 1007 0
35 133 225 276 354 460 538 620 711 783 835 930 993 0
15 143 169 269 365 441 541 611 701 768 862 907 0 0
51 133 223 277 382 461 536 621 681 770 864 943 982 0
53 144 226 300 383 422 542 581 661 727 850 942 953 0
47 119 189 291 335 460 480 622 656 784 865 934 0 0
54 142 197 301 384 433 495 585 712 785 866 920 0 0
45 144 163 302 385 439 543 623 699 771 838 944 0 0
28 145 202 264 348 419 540 571 671 757 867 945 0 0
40 85 187 292 381 462 544 624 704 744 829 946 980 0
11 127 227 246 345 463 545 587 713 742 846 889 1011 0
18 125 207 303 386 453 517 625 677 735 829 947 0 0
2 137 214 304 361 418 510 601 630 745 817 889 0 0
34 104 193 305 387 460 497 619 706 778 868 948 0 0
58 139 228 257 362 404 546 570 688 786 852 944 0 0
52 143 229 302 388 423 500 607 714 762 869 890 961 0
62 146 230 300 371 420 547 626 636 787 813 949 0 0
40 88 194 298 373 464 508 573 715 788 820 950 0 0
63 84 231 247 389 430 481 575 612 747 870 951 1011 0
31 95 187 290 374 427 548 567 689 771 867 942 1022 0
64 125 232 248 390 455 549 609 666 784 862 939 999 0
59 92 215 253 353 465 541 621 716 789 809 923 0 0
45 113 233 258 391 449 486 627 652 790 849 943 1009 0
65 95 226 306 392 466 539 559 575 738 813 898 0 0
18 147 234 283 374 454 524 628 717 779 861 952 971 0
66 139 209 307 358 401 516 628 695 785 812 904 979 0
32 142 235 241 393 434 490 578 702 791 871 948 978 0
1 83 212 308 380 467 550 619 682 753 814 889 0 0
63 148 169 308 379 411 518 629 664 783 853 913 1007 0
14 144 192 246 350 468 521 630 660 740 864 914 984 0
54 134 218 259 394 449 551 617 670 734 845 905 0 0
67 110 179 278 381 454 552 631 681 792 831 939 979 0
26 141 211 309 343 437 553 609 700 749 868 953 977 0
21 149 167 267 363 415 514 625 685 722 865 933 0 0
53 121 198 303 370 462 485 576 678 783 820 890 0 0
68 111 216 310 376 457 528 632 710 762 851 951 990 0
69 150 225 311 344 451 501 633 713 776 829 907 1002 0
30 85 233 253 318 469 489 534 700 786 827 930 0 0
11 151 175 289 341 470 523 574 701 717 828 899 0 0
47 151 217 312 384 457 527 597 718 793 857 887 991 0
49 123 215 313 389 464 531 634 692 734 862 945 1006 0
10 137 209 253 387 403 545 606 651 735 808 909 0 0
66 108 205 275 351 461 547 635 714 794 853 922 988 0
53 136 220 301 395 416 537 604 696 733 867 930 1002 0
36 152 196 314 335 471 549 592 677 773 846 954 1009 0
8 94 236 250 389 408 551 620 705 723 872 955 965 0
61 115 186 265 362 412 498 614 668 756 833 883 974 0
44 147 231 299 305 472 485 571 719 746 777 925 1013 0
65 150 171 282 330 473 524 636 649 795 868 956 1001 0
17 148 219 296 328 444 553 620 703 775 804 898 1015 0
70 93 216 297 349 411 484 631 657 773 781 914 1005 0
64 153 178 312 389 451 498 602 706 743 832 894 1009 0
12 131 202 315 376 443 554 627 668 765 865 937 0 0
39 141 199 266 370 446 541 594 684 780 863 882 0 0
48 154 178 302 386 472 533 626 710 796 857 899 0 0
21 155 227 281 396 458 503 629 691 797 854 957 0 0
64 90 201 244 374 463 497 605 627 794 828 929 1018 0
71 135 230 305 345 449 518 637 665 792 871 920 0 0
44 88 183 290 325 450 555 638 691 776 817 876 977 0
72 145 232 288 365 468 544 639 649 760 844 904 940 0
27 141 175 316 332 474 532 640 704 778 825 956 971 0
23 156 219 315 333 473 514 619 712 792 847 895 1011 0
37 101 174 317 397 470 533 618 685 732 840 902 0 0
73 97 237 300 360 417 534 625 639 721 858 887 0 0
24 108 232 295 355 470 483 598 655 755 797 958 997 0
9 134 212 288 337 415 556 641 717 769 852 908 975 0
59 140 201 257 394 426 557 608 718 742 823 892 1019 0
42 138 164 318 380 443 516 631 701 784 873 959 991 0
74 150 238 272 329 475 542 627 694 764 842 926 0 0
67 101 211 301 336 476 528 642 672 677 874 924 1017 0
68 140 214 278 359 447 526 580 711 746 852 936 964 0
15 87 222 311 385 450 482 586 656 746 839 917 986 0
69 126 203 293 352 476 549 634 669 722 809 943 1019 0
41 157 177 309 324 409 558 638 643 798 871 909 0 0
55 158 198 290 396 471 479 621 720 754 810 960 0 0
67 132 231 282 396 440 515 584 698 763 822 927 969 0
68 149 189 273 393 436 547 566 609 744 810 923 1010 0
62 103 172 240 384 477 515 611 707 752 825 899 973 0
9 87 199 271 336 430 512 603 671 756 826 961 1020 0
70 156 228 269 395 472 559 587 686 747 875 932 1021 0
50 153 204 245 392 410 507 616 708 794 816 844 0 0
10 116 234 306 367 426 521 562 676 799 876 950 1001 1018
75 94 185 300 342 425 550 642 653 791 877 926 967 0
54 121 167 309 329 478 507 588 692 800 807 934 994 0
1 135 221 264 358 427 523 572 690 782 851 927 983 987
25 133 165 287 392 400 534 605 709 743 814 895 0 0
43 104 226 277 394 444 511 569 713 759 873 895 1016 0
72 151 166 306 354 429 484 637 672 749 849 948 1020 0
42 129 181 305 390 465 560 630 670 751 861 903 1017 0
28 158 235 246 398 413 528 643 707 758 872 959 1013 0
30 127 205 293 386 416 535 568 693 764 878 932 955 0
70 128 194 316 383 447 522 622 667 755 864 917 0 0
57 121 210 294 346 456 561 637 721 774 826 941 1024 0
30 159 170 244 398 420 562 595 716 785 833 893 957 0
32 122 175 313 348 422 505 633 688 720 856 946 996 0
52 132 161 249 341 407 490 644 716 799 842 940 976 0
36 100 174 307 332 473 530 645 687 719 877 962 1018 0
75 109 239 286 375 463 539 578 703 770 870 959 975 996
48 99 226 256 378 477 545 641 708 801 879 954 972 0
49 110 205 243 263 479 543 599 658 775 814 950 989 0
43 156 173 244 377 414 531 577 684 773 879 916 969 0
71 124 229 272 359 480 536 574 625 740 875 897 0 0
19 138 239 262 351 400 548 592 680 798 856 886 1023 0
76 160 225 318 359 433 532 629 660 787 880 884 999 0
77 131 163 254 326 466 544 643 722 802 876 921 0 0
75 157 218 315 355 451 563 566 648 733 819 933 982 0
78 152 208 308 356 469 554 577 723 731 820 949 984 0
47 83 236 283 375 419 525 635 678 752 881 933 1023 0
75 152 228 287 387 407 506 580 675 800 843 952 0 0
59 119 183 296 361 438 507 628 705 727 825 886 0 0
3 159 183 249 390 439 532 641 642 802 870 961 1008 0
37 155 229 279 383 402 506 632 724 758 871 891 1019 0
24 148 233 311 358 447 519 590 641 735 822 928 995 0
31 146 173 259 388 481 519 631 678 788 874 952 997 0
58 89 231 298 376 452 523 600 725 803 860 954 974 0
8 145 223 309 318 448 539 646 684 748 815 931 995 0
41 118 180 252 385 407 530 629 725 791 837 929 989 0
76 86 211 319 366 481 564 572 623 756 789 922 1006 0
74 106 214 308 371 431 546 617 719 802 805 943 0 0
2 91 236 320 372 415 537 621 637 765 861 939 983 0
65 159 182 321 323 442 553 647 720 786 872 906 973 0
13 128 188 247 393 418 555 646 694 800 839 941 993 0
62 155 188 319 324 419 526 603 709 799 849 938 968 0
15 140 237 283 339 443 553 634 660 796 837 920 0 0
28 113 162 322 364 465 529 648 718 796 811 934 0 0
78 118 229 280 372 413 496 610 699 804 856 948 1014 0
25 102 176 242 396 482 486 604 714 757 840 936 1020 0
7 115 224 302 330 476 556 622 665 752 878 922 0 0
56 100 235 274 382 402 563 623 726 742 868 906 1003 0
63 144 195 322 344 445 535 638 673 702 882 918 970 0
77 105 230 248 331 454 520 568 674 749 847 897 1010 0
72 87 238 280 375 465 488 584 725 747 833 952 1015 0
79 109 166 274 391 441 493 540 653 788 806 937 0 0
80 161 190 275 399 469 556 613 693 777 838 892 0 0
78 146 210 307 348 476 538 587 655 793 879 903 0 0
33 96 160 320 349 430 549 581 712 805 859 963 971 0
72 100 240 278 334 464 509 644 663 782 836 928 980 0
73 111 161 307 322 477 510 576 582 767 859 947 0 0
74 155 178 261 370 436 516 646 672 795 880 955 964 0
49 130 196 286 388 436 537 649 654 768 854 888 1004 0
12 136 168 296 400 458 477 574 652 741 873 890 956 0
16 147 223 314 327 406 510 566 688 751 869 914 0 0
74 110 180 310 352 421 529 604 639 774 869 918 998 0
55 99 169 276 357 455 513 635 726 753 822 860 0 0
46 84 198 321 373 470 552 615 683 798 837 915 0 0
77 119 241 297 327 446 526 612 707 769 848 962 985 0
10 158 204 262 368 441 481 598 687 771 818 963 1016 0
73 142 234 252 390 479 554 622 686 763 834 901 1012 0
56 139 188 321 368 468 531 607 689 803 843 953 988 0
34 112 232 304 346 409 494 647 695 788 831 883 987 0
14 114 199 298 326 402 561 595 705 786 832 947 0 0
16 156 166 295 324 435 501 650 696 745 848 885 972 0
2 154 182 313 399 452 520 585 661 728 877 937 984 0
44 118 233 267 365 459 552 582 697 778 840 892 981 0
27 93 200 303 345 467 494 584 634 676 853 954 0 0
79 148 165 320 386 474 529 565 663 728 784 945 0 0
40 154 225 262 336 431 527 628 666 730 854 902 0 0
20 95 200 322 333 455 499 610 626 729 881 957 979 0
22 126 186 321 371 474 497 632 708 733 881 960 996 0
64 143 197 263 363 438 564 596 659 767 841 958 1012 0
66 150 163 299 356 456 490 603 689 750 836 902 966 0
29 98 167 295 382 403 504 624 693 801 827 949 951 0
65 129 227 275 377 450 509 550 704 759 806 960 0 0
60 157 206 240 379 461 487 596 717 791 848 964 0 0
60 105 209 310 343 480 561 583 654 797 844 917 982 0
20 98 206 299 347 479 520 620 632 790 818 927 1023 0
19 162 191 317 357 432 502 636 644 763 804 904 0 0
71 98 213 293 380 428 503 648 726 727 881 910 0 0
79 89 213 237 384 466 552 601 713 716 812 956 1007 0
51 122 219 261 378 483 543 601 656 798 866 949 1010 0
38 115 217 264 317 471 501 612 727 736 794 921 926 0
31 123 213 282 372 431 489 596 679 780 847 888 0 0
80 106 235 260 328 412 517 649 658 781 863 919 976 0
76 90 218 323 361 467 533 639 650 758 824 950 965 0
22 137 222 277 342 472 505 643 644 790 866 891 992 0
61 157 215 271 338 442 519 613 659 802 878 951 985 0
8 149 171 304 364 422 500 567 699 731 866 957 0 0
56 116 195 243 335 437 495 636 670 774 779 894 958 0
73 138 192 276 331 403 546 593 714 741 876 913 1013 0
26 135 203 270 395 468 512 651 710 754 855 936 985 0
34 160 174 237 388 445 522 624 723 766 855 953 966 0
71 153 176 316 325 483 557 611 721 761 874 911 0 0
78 97 171 324 347 434 541 597 722 772 860 880 0 0
43 107 202 281 401 405 488 626 659 790 875 946 989 991
60 107 179 255 340 471 565 585 673 767 874 944 0 0
38 159 242 280 387 478 548 599 715 805 845 935 986 0
12 149 242 319 357 414 561 617 675 793 841 959 0 0
23 117 239 289 327 475 508 623 724 795 806 919 0 0
69 117 220 250 323 434 546 560 697 781 797 924 0 0
80 112 221 279 391 421 559 602 720 787 855 905 980 0
46 81 181 268 339 440 558 589 654 806 824 901 0 0
27 143 220 291 382 469 502 638 694 787 821 942 981 0
70 116 236 258 340 458 478 615 682 782 830 918 0 0
63 120 203 315 399 462 525 595 640 772 851 955 1014 0
58 153 162 259 379 460 562 581 665 764 870 960 1014 0
50 92 227 294 369 432 542 646 696 792 807 921 981 0
80 147 172 317 394 474 543 651 721 755 882 947 0 0
38 123 222 256 356 480 535 608 645 793 883 929 0 0
50 136 208 266 333 464 558 651 698 796 880 912 0 0
77 152 186 284 364 453 555 650 711 766 816 900 988 0
76 151 243 287 399 459 542 594 645 760 858 891 978 0
55 117 172 285 401 452 544 642 687 741 872 928 1022 0
39 160 228 285 398 456 486 556 666 744 761 910 1004 0
57 103 193 252 323 424 525 565 690 785 811 938 1006 0
46 146 168 314 402 467 487 606 608 799 858 900 983 0
67 145 208 320 385 435 545 560 724 766 873 925 977 0
21 114 177 285 378 410 524 577 681 743 834 944 1024 0
68 96 239 281 303 459 551 591 683 789 818 911 0 0
19 120 238 301 360 404 492 602 679 691 740 962 1021 0
17 91 238 265 332 466 506 589 692 729 830 940 0 0
62 113 212 251 395 412 496 616 645 751 864 946 1012 0
37 134 164 306 393 405 558 582 706 804 883 903 1008 0
52 81 204 313 350 461 503 554 618 779 882 935 978 0
39 88 230 260 368 457 565 633 667 800 879 964 1000 0
61 99 189 294 334 428 548 640 674 723 803 961 1015 0
7 124 243 292 397 463 513 555 725 772 869 885 987 0
69 107 234 297 391 400 550 624 679 789 857 938 993 0
1 96 206 291 392 418 491 586 698 803 878 958 1024 0
17 92 221 314 397 416 515 583 661 750 863 906 990 0
66 86 185 312 328 426 560 640 715 732 850 886 0 0
4 131 207 311 397 478 547 630 703 801 812 931 965 0
26 97 187 245 398 475 530 614 726 738 859 865 1016 0
29 154 241 268 383 473 551 605 662 729 754 867 0 0
79 129 216 319 331 462 557 618 669 768 821 919 998 0
57 128 170 312 381 437 500 606 613 719 875 963 994 0
