1024 560
3 6
3 3 3 3 3 3 3 3 3 3 3 3 3 3 3 3 3 3 3 3 3 3 3 3 3 3 3 3 3 3 3 3 3 3 3 3 3 3 3 3 3 3 3 3 3 3 3 3 3 3 3 3 3 3 3 3 3 3 3 3 3 3 3 3 3 3 3 3 3 3 3 3 3 3 3 3 3 3 3 3 3 3 3 3 3 3 3 3 3 3 3 3 3 3 3 3 3 3 3 3 3 3 3 3 3 3 3 3 3 3 3 3 3 3 3 3 3 3 3 3 3 3 3 3 3 3 3 3 3 3 3 3 3 3 3 3 3 3 3 3 3 3 3 3 3 3 3 3 3 3 3 3 3 3 3 3 3 3 3 3 3 3 3 3 3 3 3 3 3 3 3 3 3 3 3 3 3 3 3 3 3 3 3 3 3 3 3 3 3 3 3 3 3 3 3 3 3 3 3 3 3 3 3 3 3 3 3 3 3 3 3 3 3 3 3 3 3 3 3 3 3 3 3 3 3 3 3 3 3 3 3 3 3 3 3 3 3 3 3 3 3 3 3 3 3 3 3 3 3 3 3 3 3 3 3 3 3 3 3 3 3 3 3 3 3 3 3 3 3 3 3 3 3 3 3 3 3 3 3 3 3 3 3 3 3 3 3 3 3 3 3 3 3 3 3 3 3 3 3 3 3 3 3 3 3 3 3 3 3 3 3 3 3 3 3 3 3 3 3 3 3 3 3 3 3 3 3 3 3 3 3 3 3 3 3 3 3 3 3 3 3 3 3 3 3 3 3 3 3 3 3 3 3 3 3 3 3 3 3 3 3 3 3 3 3 3 3 3 3 3 3 3 3 3 3 3 3 3 3 3 3 3 3 3 3 3 3 3 3 3 3 3 3 3 3 3 3 3 3 3 3 3 3 3 3 3 3 3 3 3 3 3 3 3 3 3 3 3 3 3 3 3 3 3 3 3 3 3 3 3 3 3 3 3 3 3 3 3 3 3 3 3 3 3 3 3 3 3 3 3 3 3 3 3 3 3 3 3 3 3 3 3 3 3 3 3 3 3 3 3 3 3 3 3 3 3 3 3 3 3 3 3 3 3 3 3 3 3 3 3 3 3 3 3 3 3 3 3 3 3 3 3 3 3 3 3 3 3 3 3 3 3 3 3 3 3 3 3 3 3 3 3 3 3 3 3 3 3 3 3 3 3 3 3 3 3 3 3 3 3 3 3 3 3 3 3 3 3 3 3 3 3 3 3 3 3 3 3 3 3 3 3 3 3 3 3 3 3 3 3 3 3 3 3 3 3 3 3 3 3 3 3 3 3 3 3 3 3 3 3 3 3 3 3 3 3 3 3 3 3 3 3 3 3 3 3 3 3 3 3 3 3 3 3 3 3 3 3 3 3 3 3 3 3 3 3 3 3 3 3 3 3 3 3 3 3 3 3 3 3 3 3 3 3 3 3 3 3 3 3 3 3 3 3 3 3 3 3 3 3 3 3 3 3 3 3 3 3 3 3 3 3 3 3 3 3 3 3 3 3 3 3 3 3 3 3 3 3 3 3 3 3 3 3 3 3 3 3 3 3 3 3 3 3 3 3 3 3 3 3 3 3 3 3 3 3 3 3 3 3 3 3 3 3 3 3 3 3 3 3 3 3 3 3 3 3 3 3 3 3 3 3 3 3 3 3 3 3 3 3 3 3 3 3 3 3 3 3 3 3 3 3 3 3 3 3 3 3 3 3 3 3 3 3 3 3 3 3 3 3 3 3 3 3 3 3 3 3 3 3 3 3 3 3 3 3 3 3 3 3 3 3 3 3 3 3 3 3 3 3 3 3 3 3 3 3 3 3 3 3 3 3 3 3 3 3 3 3 3 3 3 3 3 3 3 3 3 3 3 3 3 3 3 3 3 3 3 3 3 3 3 3 3 3 3 3 3 3 3 3 3 3 3 3 3 3 3 3 3 3 3 3 3 3 3 3 3 3 3 3 3 3 3 3 3 3 3 3 3 3 3 3 3 3 3 3 3 3 3 3 3 3 3 3 3 3 3 3 3 3 3 3 3 3 3 3 3 3 3 3 3 3 3 3 3 3 3 3 3 3 3 3 3 3 3 3 3 3 3 3 3 3 3 3 3 3 3 3 3 3 3 3 3 3 3 3 3 3 3 3 3 3 3 3 3 3 3 3 3 3 3 3 3 3 3 3 3 3 3 3 3 3 3 3 3 3 3 3 3 3 3 3 3 3 3 3 3 3 3 3 3 3 3 3 3 3 3 3 3 3 3 3 3 3 3 3 3 3 3 3 3 3 3 3
6 6 6 6 6 6 6 6 6 6 6 6 6 6 6 6 6 6 6 6 6 6 6 6 6 6 6 6 6 6 6 6 6 6 6 6 6 6 6 6 6 6 6 6 6 6 6 6 6 6 6 6 6 6 6 6 6 6 6 6 6 6 6 6 6 6 6 6 6 6 6 6 6 6 6 6 6 6 6 6 6 6 6 6 6 6 6 6 6 6 6 6 6 6 6 6 6 6 6 6 6 6 6 6 5 5 5 6 5 6 5 6 6 5 5 6 5 5 5 6 5 5 5 5 5 5 5 5 6 6 5 5 6 6 5 5 5 5 6 5 5 6 6 5 6 5 5 5 6 5 6 6 6 5 5 5 5 5 6 6 6 6 6 5 6 6 5 6 6 5 5 5 6 5 6 5 5 5 5 6 6 6 5 6 6 5 6 6 5 5 5 6 6 5 5 6 5 5 5 5 5 5 5 6 6 6 6 5 5 5 5 5 5 6 5 6 6 5 5 6 6 6 5 6 5 5 5 5 5 5 5 6 6 5 5 5 5 6 5 5 6 6 5 5 6 6 6 6 6 5 6 5 5 5 5 5 5 6 6 5 5 5 6 6 6 6 5 6 5 6 5 6 6 6 6 5 5 5 5 6 5 5 6 6 6 5 5 6 5 6 5 5 5 6 5 6 6 6 5 5 5 5 5 5 5 5 6 6 6 5 5 5 6 5 6 5 6 5 6 5 6 5 5 5 5 5 6 5 6 5 5 5 6 5 5 5 5 5 6 5 5 5 6 5 6 5 5 6 5 5 6 5 5 6 6 5 5 5 6 5 5 5 5 5 5 6 5 6 6 5 5 5 6 6 5 6 5 5 6 5 5 6 5 6 6 5 5 5 5 6 5 6 5 5 6 6 5 5 5 5 6 5 5 6 5 5 5 5 5 5 5 6 5 5 6 5 6 5 6 5 5 5 6 6 6 6 5 5 5 6 5 6 6 5 6 5 5 5 5 5 6 5 6 5 5 5 5 5 5 5 6 5 5 5 6 5 5 6 5 5 5 5 6 5 5 5 5 5 6 5 5 6 6 5 5 5 6 5 5 5 5 5 5 5 5 6 6 6 6 5 5 5 5 5 6 5 5 5 5 6 6 5 5 5 5 5 5 5 5 6 5 5 5 5 5 6 5 5 5 5 6 5 5 6 5 5 6 5 6 5 6 5 6 6 5 5 5 6 5 6 5 5 5 6 5 5 5 6 6 6 6 6 5 5 6 5 6 6 6 5
1 214 314
2 434 548
3 189 375
4 47 361
5 148 553
6 61 145
7 97 134
8 32 91
9 19 121
10 125 386
11 241 545
12 368 474
13 279 302
14 78 236
15 305 421
16 29 231
17 181 410
18 254 491
20 50 376
21 135 142
22 211 426
23 163 285
24 378 425
25 105 408
26 533 547
27 178 247
28 35 204
30 342 535
31 437 454
33 79 453
34 256 530
36 218 439
37 137 469
38 123 266
39 359 493
40 144 273
41 150 307
42 215 384
43 478 554
44 264 500
45 316 435
46 173 380
48 445 556
49 66 223
51 317 324
52 191 464
53 322 363
54 87 205
55 58 99
56 399 428
57 172 476
59 92 108
60 155 226
62 72 323
63 258 353
64 488 539
65 462 511
67 244 542
68 436 523
69 168 179
70 280 358
71 117 124
73 263 306
74 300 483
75 250 329
76 230 423
77 161 183
80 96 411
81 495 524
82 208 341
83 112 153
84 234 315
85 206 313
86 286 398
88 503 510
89 139 455
90 111 149
93 304 538
94 132 187
95 130 198
98 174 277
100 400 518
101 255 351
102 409 465
103 519 558
104 120 293
106 334 506
107 140 229
109 328 432
110 440 484
113 180 463
114 540 541
115 260 347
116 146 349
118 185 505
119 186 418
122 167 431
126 339 420
127 160 550
128 200 528
129 194 217
131 212 529
133 197 551
136 190 497
138 222 513
141 228 430
143 371 482
147 202 335
151 397 470
152 290 370
154 369 388
156 169 251
157 219 221
158 416 516
159 243 525
162 336 438
164 192 310
165 294 536
166 270 275
170 201 238
171 282 512
175 220 544
176 253 274
177 259 417
182 278 337
184 321 461
188 209 318
193 216 348
195 442 555
196 393 451
199 374 387
203 333 543
207 235 441
210 297 490
213 372 496
224 444 534
225 265 340
227 515 557
232 301 472
233 357 365
237 281 391
239 345 350
240 481 532
242 452 552
245 377 546
246 485 501
248 477 486
249 415 460
252 413 537
257 450 458
261 308 364
262 287 382
267 295 443
268 269 522
271 332 385
272 291 390
276 289 473
283 402 468
284 311 447
288 367 489
292 366 479
296 326 520
298 381 446
299 449 507
303 343 356
309 459 475
312 389 419
319 405 502
320 331 466
325 330 508
327 504 509
338 362 494
344 407 424
346 392 521
352 412 427
354 429 499
355 406 480
360 383 467
373 422 487
379 456 471
394 395 526
396 448 517
401 527 560
403 457 531
404 433 559
414 498 514
219 492 549
1 433 489
2 201 341
3 209 301
4 44 481
5 151 239
6 178 286
7 268 355
8 466 538
9 31 296
10 78 524
11 246 291
12 394 535
13 215 531
14 202 245
15 285 400
16 57 537
17 191 443
18 32 356
19 134 303
20 25 175
21 220 529
22 167 342
23 28 223
24 165 282
26 107 116
27 35 185
29 320 367
30 402 404
33 177 267
34 237 307
36 235 516
37 357 448
38 72 136
39 111 458
40 366 435
41 262 430
42 300 553
43 130 274
45 155 464
46 224 381
47 118 162
48 86 317
49 369 483
50 315 344
51 405 550
52 146 231
53 290 455
54 63 491
55 67 502
56 358 403
58 76 507
59 174 236
60 150 495
61 227 352
62 145 417
64 120 263
65 90 409
66 334 493
68 324 362
69 156 211
70 192 425
71 511 528
73 249 379
74 129 543
75 520 541
77 112 343
79 85 472
80 504 518
81 289 354
82 539 542
83 363 461
84 210 459
87 272 387
88 213 399
89 182 475
91 133 514
92 126 441
93 270 560
94 166 519
95 287 312
96 308 385
97 396 508
98 101 444
99 115 451
100 348 549
102 340 422
103 432 521
104 467 486
105 482 525
106 418 440
108 242 513
109 442 447
110 243 463
113 158 555
114 360 512
117 251 471
119 176 545
121 446 532
122 212 510
123 278 420
124 318 469
125 238 271
127 132 389
128 138 523
131 183 364
135 248 412
137 157 490
139 260 470
140 487 536
141 279 330
142 476 501
143 256 500
144 311 460
147 310 374
148 313 346
149 414 449
152 292 438
153 281 436
154 351 368
159 208 533
160 250 395
161 217 478
163 401 488
164 196 314
168 205 497
169 276 397
170 189 258
171 327 439
172 173 350
179 264 509
180 283 522
181 216 372
184 294 558
186 347 437
187 407 480
188 280 336
190 328 450
193 241 338
194 265 377
195 413 445
197 429 515
198 453 552
199 204 234
200 288 305
203 424 479
206 408 551
207 302 423
214 382 427
218 380 548
221 277 284
222 431 506
225 454 556
226 299 540
228 373 375
229 255 557
230 259 275
232 474 485
233 323 526
240 295 306
244 503 517
247 261 415
252 386 457
253 376 456
254 273 345
257 391 434
266 298 428
269 293 465
297 383 384
304 309 530
316 365 484
319 361 499
321 410 468
322 329 335
325 370 411
326 527 544
331 505 546
332 419 462
333 496 498
337 547 554
339 392 477
349 393 426
353 398 473
276 359 378
371 388 452
390 416 421
179 236 406
353 492 559
230 494 534
1 300 532
2 267 424
3 110 560
4 246 558
5 395 518
6 134 371
7 70 241
8 251 279
9 271 477
10 253 402
11 144 475
12 82 331
13 21 257
14 318 352
15 123 495
16 83 137
17 105 511
18 140 506
19 45 405
20 55 442
22 259 467
23 461 510
24 79 261
25 63 290
26 48 496
27 115 391
28 224 312
29 132 186
30 438 458
31 128 205
32 123 453
33 219 225
34 445 512
35 365 414
36 161 515
37 390 541
38 269 476
39 337 509
40 207 539
41 103 349
42 81 159
43 166 448
44 183 440
46 325 463
47 151 238
49 311 465
50 351 436
51 228 416
52 59 527
53 486 498
54 382 403
56 197 250
57 164 408
58 74 536
60 162 255
61 80 447
62 294 326
64 130 398
65 210 317
66 141 216
67 147 278
68 314 327
69 247 410
71 366 428
72 315 377
73 138 299
2 75 106
76 112 170
77 372 374
78 409 451
84 301 489
85 146 223
86 167 173
87 93 148
88 92 433
89 252 513
90 346 508
91 362 432
94 102 169
95 220 504
96 108 338
97 263 367
98 129 530
99 336 549
100 104 234
101 426 457
107 131 522
109 122 295
111 163 429
113 359 546
114 345 468
116 379 526
117 171 369
118 297 356
119 158 384
120 168 381
121 206 245
124 182 212
125 265 484
126 178 187
127 283 417
133 480 483
135 226 547
136 193 470
36 139 419
142 256 492
143 421 456
145 313 542
149 211 485
150 387 462
152 304 422
153 378 482
154 189 335
155 380 538
156 242 502
157 446 557
160 174 185
165 199 535
172 244 332
175 213 505
176 319 333
177 307 545
180 499 523
181 368 437
184 288 434
188 389 460
190 525 550
191 215 268
192 277 516
194 491 503
195 232 478
196 308 435
198 309 321
200 383 411
201 396 427
202 501 534
203 264 350
204 240 254
208 275 280
209 302 333
163 214 452
7 217 342
218 376 392
221 239 262
222 357 425
34 227 316
229 274 310
231 289 479
233 439 531
235 334 524
237 394 477
243 249 559
248 373 443
258 298 521
260 303 533
266 270 281
272 423 552
273 305 551
282 328 418
284 320 520
285 406 556
286 322 481
287 292 555
291 325 344
108 293 343
296 473 494
306 385 493
323 354 375
324 347 517
329 330 413
37 339 444
1 340 540
341 459 514
173 348 519
355 430 455
358 449 500
187 360 529
361 415 537
363 393 441
364 388 490
370 425 488
23 386 466
397 399 548
400 474 487
347 401 471
404 469 544
310 407 528
305 412 553
105 420 507
148 431 554
450 464 542
4 359 454
212 472 497
96 270 543
3 18 57
5 282 534
6 84 428
8 44 100
9 35 279
10 205 322
11 159 271
12 71 108
13 165 258
14 198 458
15 290 364
16 518 539
17 246 287
19 321 407
20 22 28
21 151 390
24 197 226
25 116 125
26 202 284
27 369 478
29 414 497
30 112 316
31 341 516
32 434 435
33 93 139
38 82 481
39 88 259
40 329 482
41 240 463
42 86 544
43 285 525
45 63 264
46 160 225
47 217 373
48 138 298
49 54 153
50 384 448
51 276 457
52 171 396
53 345 354
55 323 427
56 67 291
58 268 459
59 142 210
60 296 510
61 252 437
62 196 556
64 74 181
65 129 548
66 134 485
68 75 188
69 189 307
70 220 499
72 410 547
73 391 487
76 136 277
77 211 304
78 411 554
79 383 405
80 375 532
81 157 195
83 462 522
85 355 398
87 227 420
89 143 505
90 468 494
91 371 404
92 328 456
94 206 500
95 281 551
97 229 441
98 493 529
99 360 387
101 201 283
102 175 207
103 424 515
104 278 479
106 452 467
107 416 549
109 540 560
110 184 403
111 248 460
113 117 486
114 208 381
115 265 528
118 439 559
119 363 509
120 233 364
121 152 418
122 170 546
124 262 299
126 350 386
127 203 388
128 444 464
130 155 311
131 204 362
48 132 254
133 431 545
135 253 366
137 295 358
140 315 455
141 503 553
144 377 426
77 145 249
146 356 541
147 167 471
149 158 491
150 367 376
154 399 549
156 162 306
161 331 382
164 475 521
166 250 462
168 213 558
169 174 461
172 200 423
176 214 269
177 409 421
178 228 230
107 179 392
180 372 453
182 375 380
183 231 237
185 241 412
186 353 385
102 190 222
191 395 552
192 440 474
3 193 339
194 261 527
199 221 508
209 495 513
215 494 506
216 327 502
218 413 449
219 302 337
223 257 557
224 242 480
232 244 402
234 469 550
234 235 415
236 357 538
238 445 465
239 301 451
243 320 397
245 324 400
247 256 289
251 436 524
255 260 504
263 335 389
266 330 454
26 267 488
272 368 432
273 448 492
240 274 326
275 439 472
280 349 537
286 343 526
288 313 336
292 394 520
293 429 517
294 297 466
300 365 374
303 519 523
308 318 351
309 348 378
312 317 536
314 443 530
319 483 511
332 340 514
334 496 507
338 379 438
342 419 446
39 344 408
346 361 447
352 393 473
370 433 484
401 430 512
406 489 531
348 417 501
422 533 535
442 476 543
53 303 450
23 470 555
216 406 490
65 162 498
1 479 485
2 49 212
4 74 318
5 69 434
6 238 337
7 87 520
8 55 389
9 129 148
10 140 530
11 401 498
12 20 509
13 124 132
14 470 539
15 201 342
16 265 529
17 357 535
18 135 387
19 59 262
21 323 372
22 137 226
24 42 187
25 209 346
27 191 521
28 506 559
29 103 554
30 109 416
31 146 259
32 511 512
33 215 245
34 43 542
35 411 420
36 279 501
37 184 186
38 127 379
40 224 403
41 458 472
44 214 533
45 412 471
46 112 545
47 461 551
50 451 510
51 253 408
52 235 365
54 162 222
56 360 422
57 117 304
58 161 436
60 247 440
61 168 194
62 370 457
63 466 468
64 93 185
66 176 505
67 73 264
68 126 417
70 202 514
71 153 496
72 175 369
75 230 376
76 366 519
78 141 522
79 243 465
80 169 280
81 172 316
82 261 317
83 398 502
84 155 499
85 92 373
86 144 152
88 481 523
89 336 396
90 271 310
91 115 531
94 278 382
95 424 437
96 301 516
97 453 547
98 213 413
99 218 283
100 114 443
101 254 442
104 390 528
105 367 543
106 193 345
110 147 268
111 170 251
113 227 294
116 199 256
118 179 340
119 358 430
120 328 507
121 156 180
122 327 525
123 220 540
125 464 490
128 236 371
130 314 325
131 322 556
133 394 548
134 381 423
136 380 400
138 177 292
139 257 467
142 205 546
143 270 429
145 334 407
149 419 544
150 217 282
151 482 536
154 206 415
157 359 456
158 181 391
159 203 534
160 229 281
163 255 492
164 414 541
165 232 295
166 484 555
167 219 489
171 241 491
173 296 308
174 244 333
178 288 319
182 330 405
183 377 409
188 195 309
189 192 299
190 305 537
196 478 513
197 284 385
198 487 550
200 233 399
204 275 418
207 392 463
208 287 503
210 237 488
211 266 455
221 286 347
223 263 324
225 248 397
228 298 331
231 250 538
239 242 477
246 450 480
249 363 495
252 258 274
260 388 553
267 353 361
269 393 425
272 354 438
273 341 560
276 293 313
277 291 297
285 344 404
289 402 483
290 445 552
300 302 321
306 428 518
307 441 447
311 339 374
312 343 352
315 395 558
320 426 500
326 368 378
329 427 432
332 410 444
335 475 504
338 386 515
349 384 493
350 421 527
351 486 532
247 355 362
356 446 452
383 449 473
104 431 454
433 476 557
435 459 517
460 497 552
270 469 526
474 508 524
1 72 551
2 224 379
3 129 404
4 108 540
5 188 433
6 37 99
7 23 233
8 232 273
9 120 426
10 488 521
11 166 373
12 169 417
13 145 163
14 153 297
15 71 110
16 272 533
17 251 529
18 263 424
19 165 175
20 374 472
21 275 284
22 78 395
24 315 333
25 180 534
26 184 419
27 173 214
28 205 396
29 412 516
30 187 266
31 463 487
32 160 425
33 280 294
34 149 432
35 102 354
36 238 368
38 130 288
39 222 329
40 217 473
41 193 435
42 161 390
43 359 423
44 241 321
45 151 441
46 142 313
47 348 455
48 369 458
49 192 527
50 69 401
51 207 510
52 285 500
53 98 489
54 86 376
55 296 430
56 477 559
57 283 558
58 220 307
59 133 351
60 343 501
61 159 355
62 221 268
63 246 451
64 81 259
65 134 204
66 95 392
67 92 139
68 258 265
70 181 182
73 90 549
74 116 248
75 168 206
76 264 486
77 385 550
79 143 524
80 317 495
82 339 531
83 298 308
84 185 555
85 113 548
87 216 415
88 245 345
89 112 443
91 152 274
93 196 319
94 290 327
96 309 382
97 538 544
100 384 557
101 249 366
103 242 469
1 188 376 547 756 936
2 189 377 442 757 937
3 190 378 570 698 938
4 191 379 567 758 939
5 192 380 571 759 940
6 193 381 572 760 941
7 194 382 517 761 942
8 195 383 573 762 943
9 196 384 574 763 944
10 197 385 575 764 945
11 198 386 576 765 946
12 199 387 577 766 947
13 200 388 578 767 948
14 201 389 579 768 949
15 202 390 580 769 950
16 203 391 581 770 951
17 204 392 582 771 952
18 205 393 570 772 953
9 206 394 583 773 954
19 207 395 584 766 955
20 208 388 585 774 956
21 209 396 584 775 957
22 210 397 557 753 942
23 211 398 586 776 958
24 207 399 587 777 959
25 212 400 588 721 960
26 213 401 589 778 961
27 210 402 584 779 962
16 214 403 590 780 963
28 215 404 591 781 964
29 196 405 592 782 965
8 205 406 593 783 966
30 216 407 594 784 967
31 217 408 521 785 968
27 213 409 574 786 969
32 218 410 480 787 970
33 219 411 546 788 941
34 220 412 595 789 971
35 221 413 596 743 972
36 222 414 597 790 973
37 223 415 598 791 974
38 224 416 599 776 975
39 225 417 600 785 976
40 191 418 573 792 977
41 226 394 601 793 978
42 227 419 602 794 979
4 228 420 603 795 980
43 229 400 604 666 981
44 230 421 605 757 982
19 231 422 606 796 983
45 232 423 607 797 984
46 233 424 608 798 985
47 234 425 609 752 986
48 235 426 605 799 987
49 236 395 610 762 988
50 237 427 611 800 989
51 203 428 570 801 990
49 238 429 612 802 991
52 239 424 613 773 992
53 240 430 614 803 993
6 241 431 615 804 994
54 242 432 616 805 995
55 235 399 601 806 996
56 243 433 617 807 997
57 244 434 618 755 998
44 245 435 619 808 999
58 236 436 611 809 1000
59 246 437 620 810 1001
60 247 438 621 759 983
61 248 382 622 811 1002
62 249 439 577 812 950
54 220 440 623 813 936
63 250 441 624 809 1003
64 251 429 617 758 1004
65 252 442 620 814 1005
66 238 443 625 815 1006
67 253 444 626 673 1007
14 197 445 627 816 957
30 254 398 628 817 1008
68 255 431 629 818 1009
69 256 416 630 819 997
70 257 387 595 820 1010
71 258 391 631 821 1011
72 259 446 572 822 1012
73 254 447 632 823 1013
74 229 448 599 824 987
48 260 449 633 761 1014
75 261 450 596 825 1015
76 262 451 634 826 1016
77 244 452 635 827 1003
8 263 453 636 828 1017
52 264 450 637 823 1000
78 265 449 594 807 1018
79 266 454 638 829 1019
80 267 455 639 830 999
68 268 456 569 831 1020
7 269 457 640 832 1021
81 270 458 641 833 986
49 271 459 642 834 941
82 272 460 573 835 1022
83 270 461 643 836 1023
84 273 454 644 695 969
85 274 415 645 780 1024
86 275 460 646 837 930
24 276 392 564 838 0
87 277 442 647 839 0
88 212 462 648 689 0
52 278 456 540 577 939
89 279 463 649 781 0
90 280 378 650 840 950
77 221 464 651 841 0
71 253 443 591 794 1016
91 281 465 652 842 1013
92 282 466 653 835 0
93 271 401 654 828 0
94 212 467 587 843 1004
62 283 468 652 801 0
95 228 469 655 844 0
96 284 470 656 845 0
86 243 471 657 846 944
9 285 472 658 847 0
97 286 463 659 848 0
34 287 390 406 849 0
62 288 473 660 767 0
10 289 474 587 850 0
98 264 475 661 810 0
99 290 476 662 789 0
100 291 405 663 851 0
101 251 458 618 763 938
80 225 433 664 852 971
102 292 462 665 853 0
79 290 403 666 767 0
103 263 477 667 854 992
7 206 381 619 855 998
20 293 478 668 772 0
104 220 479 625 856 0
33 294 391 669 775 0
105 291 441 604 857 0
76 295 480 594 858 1000
88 296 393 670 764 0
106 297 435 671 816 0
20 298 481 613 859 979
107 299 482 634 860 1008
36 300 386 672 824 0
6 242 483 673 861 948
94 233 447 674 782 0
108 301 436 675 840 0
5 302 449 565 763 0
77 303 484 676 862 968
37 240 485 677 863 0
109 192 420 585 864 978
110 304 486 658 824 1017
71 305 487 605 812 949
111 306 488 678 865 0
53 226 489 664 822 0
112 247 490 679 847 0
113 294 491 630 866 0
114 281 470 676 867 0
115 307 416 576 868 994
99 308 492 602 869 966
67 309 410 680 802 975
116 228 430 679 755 799
22 310 464 516 870 948
117 311 428 681 871 0
118 211 493 578 872 954
119 266 417 682 873 946
97 209 448 675 874 0
60 312 471 683 804 1005
112 313 454 684 818 947
120 314 443 659 841 0
121 315 468 608 875 0
51 316 494 685 819 0
42 316 448 549 876 961
81 239 492 684 877 0
122 207 495 644 813 954
123 284 496 686 808 0
124 216 497 687 857 0
26 193 475 688 878 0
60 317 373 689 844 0
91 318 498 690 847 959
17 319 499 617 867 1002
125 262 473 691 879 1002
67 292 418 692 880 0
126 320 500 650 788 960
95 213 492 693 807 1012
96 321 403 694 788 0
79 322 475 552 776 964
127 323 501 620 881 940
3 314 488 621 882 0
104 324 502 695 883 0
46 204 503 696 778 0
117 248 504 697 882 982
128 325 479 698 839 974
101 326 505 699 804 0
129 327 506 630 881 0
130 311 507 616 884 1018
103 328 427 586 885 0
80 329 508 579 886 0
131 330 493 700 843 0
100 331 509 685 887 0
120 189 510 643 769 0
108 201 511 588 811 0
132 332 512 662 868 0
27 330 513 665 888 998
48 312 405 575 859 962
73 333 472 638 865 1005
133 334 414 644 889 984
70 307 514 653 890 0
127 190 515 701 777 0
134 259 434 613 891 0
21 247 484 626 892 0
102 286 473 568 757 0
135 261 495 683 833 0
1 335 516 686 792 961
38 200 503 702 784 0
128 319 435 703 754 1014
101 309 517 603 863 973
32 336 518 704 834 0
113 187 407 705 874 0
122 208 455 622 849 991
113 337 519 700 893 995
105 338 520 695 799 972
44 210 447 706 894 0
136 227 402 707 790 937
137 339 407 602 895 0
53 340 478 586 775 0
138 241 521 633 842 0
106 341 423 688 896 0
88 342 522 640 869 0
66 343 375 688 814 0
16 233 523 692 897 0
139 344 506 708 872 943
140 345 524 657 887 942
72 330 460 709 710 0
133 218 525 710 798 0
14 239 373 711 851 0
141 217 526 692 891 0
120 289 420 712 760 970
142 192 519 713 898 0
143 346 513 598 724 0
11 325 382 693 875 977
144 278 490 707 898 1024
115 280 527 714 817 0
58 347 494 708 877 0
145 201 472 715 784 1015
146 198 379 582 899 996
26 348 438 716 803 927
147 293 528 651 895 1004
148 250 527 673 900 1023
65 308 427 682 897 0
112 283 383 717 841 952
149 349 451 615 901 0
123 350 385 668 797 0
18 351 513 666 836 0
83 342 430 718 870 0
31 299 481 716 843 0
150 352 388 706 858 0
55 314 529 578 901 1001
124 343 396 596 782 997
93 295 530 718 902 0
151 348 398 699 820 0
152 223 519 660 773 0
63 243 457 719 894 953
40 317 512 601 809 1006
137 326 474 654 770 1001
34 353 531 720 892 964
153 216 377 721 903 0
154 194 503 612 840 995
154 354 412 686 904 0
119 265 531 569 860 934
155 289 384 576 827 0
156 260 532 722 905 951
36 351 533 723 906 943
123 225 522 724 901 1017
119 343 514 725 888 956
157 313 370 607 907 0
81 337 504 625 908 0
125 287 436 646 829 0
13 297 383 574 787 0
61 323 514 726 818 967
141 305 531 639 869 0
121 211 534 571 863 0
158 318 476 643 834 990
159 337 535 588 885 956
22 202 536 600 909 985
74 193 537 727 893 0
152 267 538 582 890 0
160 331 500 728 878 971
157 256 523 716 910 0
110 234 399 580 911 1019
156 198 539 611 908 0
161 304 538 729 857 0
86 354 540 730 907 0
118 320 432 731 842 967
153 346 463 669 872 0
162 196 541 614 876 988
134 355 469 731 908 949
163 353 529 604 896 1011
164 340 441 660 882 0
64 224 376 732 912 0
139 190 446 713 831 0
13 334 515 705 912 0
165 206 530 733 752 0
78 356 486 626 801 0
15 331 533 563 883 0
63 346 542 679 913 0
37 217 497 621 914 991
151 268 507 734 876 1011
166 356 508 735 881 1020
117 301 522 562 827 0
159 300 421 664 915 0
167 267 402 736 916 0
73 302 483 728 907 979
1 311 437 737 852 0
72 231 440 670 917 958
41 357 521 591 819 0
45 229 434 736 820 1009
127 288 389 734 758 0
168 358 496 738 878 1018
169 214 535 714 918 0
126 359 508 583 912 977
47 360 537 575 853 0
54 345 543 610 774 0
45 246 544 715 894 0
170 361 419 539 852 0
162 362 432 724 919 0
171 315 437 703 848 1019
89 324 534 637 846 0
65 360 545 597 920 972
170 297 545 720 879 0
169 363 387 680 896 0
155 364 494 739 921 0
132 365 496 515 877 958
87 245 525 740 861 0
108 360 488 719 922 0
116 323 459 728 826 0
125 366 413 705 760 0
172 325 456 741 923 0
98 367 546 698 915 1010
137 273 547 739 844 0
70 189 548 592 906 0
28 209 517 742 769 0
165 253 540 727 916 993
173 231 539 743 909 0
142 351 466 609 839 1015
174 302 452 744 777 0
93 321 544 560 893 0
128 272 549 735 749 980
94 368 415 726 924 0
142 316 512 661 925 0
83 306 422 734 926 992
175 241 389 745 916 0
55 369 374 694 903 0
176 256 543 609 905 969
177 194 550 632 927 994
165 205 469 674 928 0
140 219 520 711 771 0
61 237 551 669 845 0
35 370 465 567 866 976
178 282 552 642 800 0
4 358 553 744 903 0
172 246 453 665 927 0
47 258 554 656 900 0
151 292 555 580 657 0
140 357 409 732 798 0
161 222 439 668 815 1023
160 214 457 677 838 0
12 306 499 722 919 970
111 230 468 589 813 981
110 361 556 746 805 0
107 371 381 636 851 0
135 319 444 690 774 0
179 341 528 603 823 946
131 301 444 732 915 955
3 341 543 629 691 0
19 350 518 677 814 987
145 326 440 672 880 0
23 370 487 735 919 0
180 250 467 741 789 937
42 336 489 691 856 0
163 227 471 653 855 0
152 335 426 680 829 1020
178 355 509 628 929 0
38 355 470 606 924 1022
155 268 542 694 885 1007
10 349 557 661 923 0
131 260 485 642 772 0
111 371 555 662 902 0
167 290 501 719 762 0
156 372 411 585 837 975
141 352 401 624 867 0
174 367 518 689 889 999
130 368 554 745 904 0
181 199 526 729 854 0
181 308 380 696 917 957
182 269 510 608 826 962
109 313 558 714 895 0
74 369 433 632 821 0
50 261 558 678 887 0
82 202 559 715 856 0
183 310 560 747 765 983
158 215 385 708 910 0
184 237 426 650 790 0
185 215 561 636 909 938
168 232 394 628 879 0
177 373 536 748 754 0
173 322 562 583 861 0
24 333 428 743 797 0
84 244 445 687 880 0
17 359 438 623 921 0
68 361 509 627 786 0
175 293 563 693 793 963
149 327 545 704 833 0
186 303 409 590 871 0
148 348 553 710 865 1014
114 372 423 648 781 0
124 242 476 749 810 947
96 277 534 658 888 0
167 364 480 742 862 960
98 287 564 633 786 0
15 372 482 687 925 0
179 273 486 750 800 0
66 334 532 685 855 976
173 332 377 645 830 953
23 248 520 556 904 966
21 368 461 672 918 944
175 335 510 610 920 0
50 353 439 572 913 0
176 328 464 730 860 0
106 223 550 747 845 988
97 338 565 667 930 0
89 274 453 722 920 968
185 188 450 746 931 940
2 352 500 593 759 0
41 222 507 593 932 974
59 305 422 717 802 0
29 321 499 615 830 0
116 304 404 741 905 0
32 315 524 655 725 0
90 277 418 697 803 0
133 264 554 640 914 978
129 279 395 751 836 0
153 204 528 737 835 1016
136 270 546 663 921 0
43 327 408 712 911 0
163 285 491 742 928 0
159 279 431 744 914 0
182 219 417 606 723 0
164 303 551 704 929 0
150 324 566 752 899 0
130 271 445 713 796 996
144 371 516 647 928 0
30 329 406 690 832 0
29 339 567 720 930 0
76 234 550 670 892 980
180 350 482 637 866 0
184 349 461 607 805 0
150 221 404 579 791 981
166 259 548 612 932 0
148 300 501 651 933 0
126 258 397 684 795 0
57 364 485 631 682 0
91 280 419 598 889 965
46 226 566 663 850 0
84 354 421 712 817 0
169 195 557 731 806 0
178 275 396 647 858 0
158 359 466 635 806 0
33 288 561 709 934 1024
109 295 479 753 768 0
180 283 560 675 793 0
139 254 568 725 791 955
157 369 541 745 929 973
12 344 559 697 935 0
166 262 386 681 922 0
51 298 412 751 931 0
147 367 384 526 898 989
39 309 506 589 884 0
161 332 523 646 756 0
177 322 477 707 899 0
143 191 537 595 825 0
107 276 487 597 864 0
64 230 477 738 910 0
90 357 474 746 873 0
146 344 484 619 756 0
147 275 425 652 926 1006
179 296 559 624 886 965
56 310 556 721 891 945
160 188 446 748 874 986
134 294 555 754 850 0
18 235 505 676 875 0
187 374 481 723 870 0
35 245 542 641 924 0
172 375 541 635 702 0
69 240 390 701 900 1009
135 365 400 740 812 0
104 312 568 590 933 0
186 365 425 755 765 0
176 358 498 622 822 0
40 299 551 638 918 985
146 298 511 749 787 993
168 236 490 703 821 0
75 347 505 671 890 0
171 255 455 718 922 0
95 363 495 634 808 0
87 338 393 702 779 0
164 238 564 740 846 0
170 269 452 700 935 0
171 317 413 656 766 0
75 286 397 614 796 984
57 249 392 738 783 0
121 282 408 747 783 0
105 278 451 701 884 0
186 263 548 739 811 0
138 328 410 645 923 0
114 218 504 592 831 963
182 347 544 730 932 0
82 255 380 581 913 0
85 266 549 733 815 0
162 252 535 729 761 0
174 274 529 681 778 945
154 318 462 631 816 0
59 291 498 733 825 0
69 197 525 717 935 1008
115 276 502 600 848 0
181 345 467 727 934 0
183 362 424 699 925 982
100 249 562 654 837 0
102 208 552 641 770 952
31 356 458 737 764 0
184 200 524 748 828 1010
143 285 376 629 926 0
25 307 530 750 792 951
136 375 511 571 868 959
28 199 493 750 771 0
118 296 429 736 864 0
149 203 553 726 883 0
78 195 489 711 897 1021
56 257 414 581 768 0
92 340 547 649 849 939
92 252 411 674 871 0
58 257 483 566 785 0
132 251 569 751 838 0
122 362 561 599 862 1021
11 284 497 667 794 0
145 363 465 659 859 0
25 366 478 623 832 0
2 336 558 618 854 1013
187 272 459 648 678 1003
99 232 502 709 886 1007
103 333 533 639 795 936
144 329 532 696 911 933
5 224 563 671 902 0
39 366 565 627 780 0
129 281 538 753 873 1012
43 339 536 616 853 0
138 342 491 706 931 1022
85 320 379 683 917 990
185 374 527 655 779 989
183 265 378 649 906 0
