1024 504
3 7
3 3 3 3 3 3 3 3 3 3 3 3 3 3 3 3 3 3 3 3 3 3 3 3 3 3 3 3 3 3 3 3 3 3 3 3 3 3 3 3 3 3 3 3 3 3 3 3 3 3 3 3 3 3 3 3 3 3 3 3 3 3 3 3 3 3 3 3 3 3 3 3 3 3 3 3 3 3 3 3 3 3 3 3 3 3 3 3 3 3 3 3 3 3 3 3 3 3 3 3 3 3 3 3 3 3 3 3 3 3 3 3 3 3 3 3 3 3 3 3 3 3 3 3 3 3 3 3 3 3 3 3 3 3 3 3 3 3 3 3 3 3 3 3 3 3 3 3 3 3 3 3 3 3 3 3 3 3 3 3 3 3 3 3 3 3 3 3 3 3 3 3 3 3 3 3 3 3 3 3 3 3 3 3 3 3 3 3 3 3 3 3 3 3 3 3 3 3 3 3 3 3 3 3 3 3 3 3 3 3 3 3 3 3 3 3 3 3 3 3 3 3 3 3 3 3 3 3 3 3 3 3 3 3 3 3 3 3 3 3 3 3 3 3 3 3 3 3 3 3 3 3 3 3 3 3 3 3 3 3 3 3 3 3 3 3 3 3 3 3 3 3 3 3 3 3 3 3 3 3 3 3 3 3 3 3 3 3 3 3 3 3 3 3 3 3 3 3 3 3 3 3 3 3 3 3 3 3 3 3 3 3 3 3 3 3 3 3 3 3 3 3 3 3 3 3 3 3 3 3 3 3 3 3 3 3 3 3 3 3 3 3 3 3 3 3 3 3 3 3 3 3 3 3 3 3 3 3 3 3 3 3 3 3 3 3 3 3 3 3 3 3 3 3 3 3 3 3 3 3 3 3 3 3 3 3 3 3 3 3 3 3 3 3 3 3 3 3 3 3 3 3 3 3 3 3 3 3 3 3 3 3 3 3 3 3 3 3 3 3 3 3 3 3 3 3 3 3 3 3 3 3 3 3 3 3 3 3 3 3 3 3 3 3 3 3 3 3 3 3 3 3 3 3 3 3 3 3 3 3 3 3 3 3 3 3 3 3 3 3 3 3 3 3 3 3 3 3 3 3 3 3 3 3 3 3 3 3 3 3 3 3 3 3 3 3 3 3 3 3 3 3 3 3 3 3 3 3 3 3 3 3 3 3 3 3 3 3 3 3 3 3 3 3 3 3 3 3 3 3 3 3 3 3 3 3 3 3 3 3 3 3 3 3 3 3 3 3 3 3 3 3 3 3 3 3 3 3 3 3 3 3 3 3 3 3 3 3 3 3 3 3 3 3 3 3 3 3 3 3 3 3 3 3 3 3 3 3 3 3 3 3 3 3 3 3 3 3 3 3 3 3 3 3 3 3 3 3 3 3 3 3 3 3 3 3 3 3 3 3 3 3 3 3 3 3 3 3 3 3 3 3 3 3 3 3 3 3 3 3 3 3 3 3 3 3 3 3 3 3 3 3 3 3 3 3 3 3 3 3 3 3 3 3 3 3 3 3 3 3 3 3 3 3 3 3 3 3 3 3 3 3 3 3 3 3 3 3 3 3 3 3 3 3 3 3 3 3 3 3 3 3 3 3 3 3 3 3 3 3 3 3 3 3 3 3 3 3 3 3 3 3 3 3 3 3 3 3 3 3 3 3 3 3 3 3 3 3 3 3 3 3 3 3 3 3 3 3 3 3 3 3 3 3 3 3 3 3 3 3 3 3 3 3 3 3 3 3 3 3 3 3 3 3 3 3 3 3 3 3 3 3 3 3 3 3 3 3 3 3 3 3 3 3 3 3 3 3 3 3 3 3 3 3 3 3 3 3 3 3 3 3 3 3 3 3 3 3 3 3 3 3 3 3 3 3 3 3 3 3 3 3 3 3 3 3 3 3 3 3 3 3 3 3 3 3 3 3 3 3 3 3 3 3 3 3 3 3 3 3 3 3 3 3 3 3 3 3 3 3 3 3 3 3 3 3 3 3 3 3 3 3 3 3 3 3 3 3 3 3 3 3 3 3 3 3 3 3 3 3 3 3 3 3 3 3 3 3 3 3 3 3 3 3 3 3 3 3 3 3 3 3 3 3 3 3 3 3 3 3 3 3 3 3 3 3 3 3 3 3 3 3 3 3 3 3 3 3 3 3 3 3 3 3 3 3 3 3 3 3 3 3 3 3 3 3 3 3 3 3 3 3 3 3 3 3 3 3 3 3 3 3 3 3 3 3 3 3 3 3 3 3 3 3 3 3 3 3 3 3 3 3 3 3 3 3 3 3 3 3 3 3 3 3 3 3 3 3 3 3 3 3 3 3
7 7 7 6 6 6 6 6 6 6 6 7 7 6 6 7 6 7 6 6 7 6 6 6 6 6 6 6 6 6 6 6 6 6 6 6 6 6 6 6 6 6 7 6 6 7 6 6 6 6 6 6 6 7 6 6 6 6 6 6 6 6 6 6 6 6 6 6 6 6 6 6 6 7 6 6 6 6 6 6 6 6 6 6 6 6 6 6 6 6 6 6 6 6 6 6 6 6 6 6 6 6 6 6 7 6 6 6 6 6 6 6 6 6 6 6 6 6 6 6 6 6 6 6 6 6 6 6 7 6 7 6 6 6 6 6 7 7 6 6 6 7 6 6 6 6 6 6 6 6 6 6 6 6 6 6 6 6 6 6 6 6 6 6 7 6 6 6 6 6 6 6 6 6 6 6 6 6 7 6 6 6 6 6 6 6 6 6 6 6 6 6 6 6 6 6 7 7 6 7 6 6 7 6 6 7 6 6 6 6 6 6 6 6 6 6 6 6 6 6 6 6 6 6 6 6 6 6 6 6 6 6 6 6 6 6 6 6 6 6 6 6 7 6 6 6 6 6 6 6 7 6 6 6 6 6 6 6 6 6 7 6 6 6 6 6 6 6 6 6 6 6 6 6 6 6 6 6 6 6 6 6 6 7 6 7 6 6 6 6 6 6 6 6 6 6 6 6 6 6 6 6 7 6 6 6 6 6 6 7 6 6 6 6 6 6 6 6 6 6 7 6 6 6 6 6 7 6 6 6 6 6 6 6 6 6 6 6 6 7 6 6 6 6 6 6 6 6 6 6 6 6 6 6 6 6 7 6 7 7 6 6 6 6 6 6 7 6 6 6 6 6 6 6 6 6 6 6 6 6 6 6 6 6 6 6 6 6 6 6 6 6 6 7 6 6 6 6 6 6 6 6 6 6 7 6 6 6 6 6 6 6 6 7 6 6 6 6 6 6 6 6 6 6 6 6 6 6 6 6 6 6 6 6 6 7 6 6 6 6 6 6 6 6 6 6 6 6 6 6 6 6 6 6 6 6 6 6 6 6 6 6 6 6 6 6 6 6 6 6 6 6 6 6 6 6 6 6 6 7 6 6 6 6 6 6 7 6 6 6 6 7 6 6 6 6 6 6 6 6 6 6 7 7
1 193 283
2 391 493
3 170 338
4 43 325
5 134 498
6 56 131
7 88 121
8 30 83
9 18 110
10 113 348
11 218 490
12 332 427
13 252 272
14 71 213
15 276 379
16 28 209
17 165 370
19 230 443
20 47 339
21 123 130
22 192 385
23 149 259
24 341 383
25 96 369
26 480 494
27 163 225
29 35 186
31 309 481
32 394 410
33 74 409
34 233 477
36 199 396
37 126 423
38 115 242
39 324 444
40 135 249
41 139 279
42 197 347
44 431 499
45 241 451
46 287 392
48 159 344
49 402 501
50 64 204
51 288 294
52 176 419
53 293 328
54 85 189
55 59 94
57 362 387
58 160 430
60 90 102
61 145 208
62 72 295
63 237 321
65 440 485
66 417 460
67 224 488
68 395 471
69 157 168
70 257 327
73 112 119
75 243 281
76 275 436
77 231 300
78 214 384
79 152 173
80 97 373
81 447 472
82 196 312
84 109 146
86 219 290
87 194 291
89 264 363
91 455 461
92 137 412
93 111 144
95 282 486
98 133 179
99 129 187
100 169 260
101 365 467
103 240 323
104 374 421
105 468 503
106 124 271
107 307 457
108 142 220
114 304 397
116 400 438
117 177 420
118 484 487
120 246 318
122 148 322
125 181 454
127 182 381
128 167 393
132 314 386
136 162 496
138 200 476
140 191 211
141 210 478
143 198 495
147 185 449
150 221 462
151 226 398
153 345 437
154 205 313
155 366 426
156 274 346
158 343 356
161 175 247
164 217 223
166 380 465
171 239 473
172 315 403
174 201 298
178 284 483
180 262 267
183 212 236
184 270 463
188 228 491
190 254 268
195 256 389
202 277 320
203 310 425
206 227 306
207 234 335
215 407 500
216 367 415
222 354 360
229 329 489
232 250 406
235 301 446
238 353 450
244 411 479
245 269 333
248 466 502
251 305 433
253 350 355
255 289 371
258 337 342
261 441 482
263 418 497
265 359 492
266 439 453
273 434 442
278 399 424
280 388 475
285 414 422
286 317 357
292 302 364
296 316 413
297 299 470
303 349 375
308 326 377
311 330 445
319 401 435
331 340 428
334 376 458
336 378 452
351 361 474
352 404 432
358 448 464
368 382 390
372 456 459
405 416 429
408 469 504
1 31 317
2 14 404
3 411 412
4 83 376
5 198 241
6 108 424
7 194 226
8 225 384
9 185 324
10 54 283
11 189 302
12 232 264
13 35 364
15 171 328
16 348 482
17 221 381
18 115 448
19 228 356
20 209 214
21 396 445
22 190 315
23 199 281
24 59 439
25 148 227
26 168 267
27 253 330
28 428 487
29 50 278
30 91 475
32 236 272
33 362 485
34 206 480
36 191 235
37 269 368
38 71 486
39 180 403
40 51 332
41 135 287
42 46 167
43 207 478
44 162 316
45 52 212
47 160 273
48 116 123
49 57 176
53 300 343
55 373 375
56 170 254
58 229 285
60 233 468
61 336 415
62 89 140
63 120 422
64 333 397
65 240 395
66 288 499
67 137 263
68 152 416
69 196 341
70 128 156
72 101 276
73 347 436
74 277 305
75 361 500
76 150 187
77 258 408
78 84 437
79 86 454
80 308 366
81 93 461
82 174 208
85 151 456
87 205 307
88 164 371
90 132 247
92 104 360
94 284 465
95 270 299
96 133 200
97 195 401
98 450 466
99 177 271
100 203 490
102 106 492
103 274 493
105 335 337
107 238 296
109 184 319
110 289 351
111 219 497
112 318 382
113 165 452
114 326 443
117 149 495
118 202 385
119 217 447
121 303 501
122 286 429
124 256 421
125 201 473
126 438 476
127 136 188
129 239 433
130 425 479
131 141 460
134 442 502
138 297 367
139 340 407
142 391 434
143 309 334
144 250 410
145 257 355
146 154 467
147 158 489
153 419 494
155 173 215
157 169 246
159 380 469
161 352 363
163 204 358
166 406 441
172 211 459
175 331 491
178 182 498
179 222 474
181 430 431
183 293 311
186 359 414
192 304 353
193 242 453
197 301 322
210 378 387
213 306 488
216 265 455
218 323 365
220 223 504
224 291 321
230 244 345
231 357 435
234 252 275
237 243 342
245 427 481
248 249 503
251 282 310
255 295 325
259 312 399
260 280 426
261 420 449
262 393 458
266 314 417
268 405 483
279 398 400
290 372 463
292 306 496
294 350 389
298 313 432
320 383 418
327 329 344
338 379 390
339 349 446
346 377 394
354 386 440
117 369 472
370 426 457
211 374 451
388 409 423
387 392 464
402 462 484
21 413 471
337 423 444
284 470 477
1 345 422
2 150 288
3 135 455
4 229 282
5 141 154
6 80 89
7 268 355
8 24 98
9 174 479
10 311 468
11 23 385
12 302 384
13 152 262
14 390 482
15 314 393
16 86 371
17 50 360
18 202 256
19 372 434
20 106 116
22 347 430
25 308 487
26 93 329
27 112 215
28 309 485
29 53 301
30 121 491
31 191 297
32 82 279
33 87 168
34 125 323
35 110 465
36 263 274
37 55 162
38 107 447
39 84 221
40 351 419
41 240 435
42 280 420
43 92 406
44 143 410
45 203 247
46 383 443
47 336 361
48 51 101
49 77 137
52 397 429
54 96 469
56 237 433
57 270 399
58 97 183
59 76 451
60 147 245
61 72 304
62 182 246
63 394 466
64 243 432
65 105 119
66 151 185
67 68 160
69 331 408
70 115 264
71 492 498
73 327 463
74 359 445
75 403 453
78 328 472
79 248 421
81 210 438
83 103 324
85 239 457
88 199 392
90 190 370
91 146 252
94 139 205
95 163 377
99 231 269
100 313 339
102 108 497
104 167 206
109 157 316
111 122 365
113 156 228
114 234 291
118 416 478
120 449 501
123 278 439
124 283 312
126 161 350
127 201 317
128 220 484
129 225 289
130 227 335
131 159 230
132 184 224
133 319 483
134 375 386
136 249 424
138 173 250
140 158 407
142 222 330
144 175 193
145 300 413
148 170 442
149 414 417
153 197 226
155 320 404
164 241 277
165 376 389
166 188 353
169 219 448
171 299 331
172 303 332
176 200 379
177 425 450
178 244 388
179 473 489
180 400 441
181 207 253
186 363 480
187 285 387
189 325 502
192 354 461
194 218 452
195 213 504
196 235 368
198 415 493
204 273 409
208 292 462
209 251 272
212 290 496
214 412 499
216 261 358
217 321 427
223 286 499
197 232 305
233 294 341
178 236 281
238 446 458
242 434 477
254 293 309
255 476 488
249 257 369
216 258 405
259 296 474
260 356 440
265 298 459
77 266 454
267 373 411
271 315 340
275 343 494
276 342 349
287 318 364
295 346 437
307 402 431
310 382 460
322 348 395
326 381 471
30 333 490
334 374 418
158 338 380
344 367 401
352 398 503
357 486 500
189 326 362
366 396 467
21 284 378
340 391 464
419 428 444
276 436 481
361 456 475
136 164 470
233 373 495
1 207 338
2 93 254
3 76 95
4 35 369
5 395 489
6 194 261
7 393 486
8 159 485
9 122 362
10 64 488
11 267 407
12 356 405
13 223 423
14 225 337
15 27 82
16 145 388
17 198 379
18 132 396
19 106 324
20 70 341
22 173 480
23 92 119
24 370 441
25 75 169
26 256 377
28 154 242
29 72 411
31 134 462
32 107 227
33 266 352
34 321 400
36 44 475
37 222 437
38 263 380
39 56 86
40 113 310
41 293 450
42 175 296
43 48 247
45 81 273
46 97 427
47 345 366
49 305 461
50 157 177
51 67 174
52 115 466
53 120 476
54 391 458
55 118 239
57 268 313
58 346 490
59 185 213
60 88 160
61 65 271
62 253 435
63 348 385
66 319 446
68 299 398
69 141 289
71 79 301
73 359 389
74 190 292
78 90 500
80 438 463
83 220 413
84 186 383
85 123 390
4 87 191
89 283 354
91 125 382
94 156 259
96 265 269
98 137 372
99 264 365
100 234 470
101 183 358
102 138 238
103 248 275
104 285 349
105 205 418
108 236 303
109 211 311
110 367 431
111 196 430
112 408 442
86 114 495
116 149 357
117 188 330
121 155 329
124 146 166
126 374 471
127 314 494
128 246 404
129 244 334
130 232 493
131 206 231
133 251 392
135 250 291
139 290 422
140 217 425
142 397 426
143 226 318
144 459 484
147 378 410
124 148 501
150 152 474
151 360 467
153 210 243
161 336 433
162 240 432
163 307 403
165 417 487
167 444 473
168 245 252
170 280 302
171 406 497
172 335 353
176 364 468
179 315 376
180 436 483
181 440 451
182 218 270
184 416 482
187 224 235
192 327 504
193 277 401
195 313 472
199 328 429
200 479 491
201 325 355
6 202 214
203 216 312
204 421 460
208 278 282
209 258 381
212 323 469
215 316 452
219 350 439
221 286 477
13 228 347
229 294 456
230 255 448
237 257 368
241 288 308
260 414 447
45 262 300
272 317 344
274 455 478
279 333 412
8 281 304
287 445 453
295 339 402
297 384 457
262 298 306
320 343 492
90 322 465
332 399 454
18 342 498
74 351 394
363 371 420
375 398 415
369 386 409
112 424 464
253 428 449
431 443 503
161 481 496
109 294 502
1 373 408
2 212 307
3 413 498
5 172 263
7 28 367
9 329 483
10 33 182
11 126 242
12 308 316
14 360 501
15 19 322
16 95 227
17 139 433
20 142 450
21 295 444
22 123 236
23 157 419
24 143 447
25 225 317
26 287 399
27 66 380
29 404 410
30 118 374
31 64 430
32 176 434
34 416 500
35 65 277
36 358 480
37 49 486
38 56 409
39 136 412
40 148 439
41 388 488
42 233 377
43 57 61
44 268 421
46 258 460
47 127 389
48 129 246
50 178 357
51 144 407
52 297 315
53 223 456
54 237 484
55 280 464
58 75 166
59 194 293
60 325 499
62 152 453
63 393 457
67 117 131
68 309 368
69 114 298
70 239 266
71 84 385
72 141 305
73 466 467
76 192 428
77 249 359
78 291 496
79 199 203
80 92 103
81 202 403
82 210 426
83 85 181
87 286 342
88 256 459
89 446 471
91 102 285
93 209 490
94 104 193
96 140 482
97 145 429
98 303 452
99 121 259
100 133 226
101 470 489
105 282 420
106 153 481
107 284 354
108 221 356
110 235 323
111 179 415
113 279 461
115 370 411
116 134 468
119 454 462
120 189 347
122 167 234
125 132 170
128 160 271
130 224 383
135 343 362
137 318 350
138 292 314
146 352 392
147 248 381
149 437 458
150 171 335
151 175 448
154 281 330
155 251 255
156 435 503
158 190 312
159 162 197
163 336 425
164 274 422
165 214 301
168 222 232
169 273 348
173 185 257
174 218 406
177 327 477
180 414 491
183 320 382
184 272 376
186 338 361
187 283 472
188 351 387
191 230 474
195 200 275
196 205 324
198 372 445
201 260 311
204 302 492
206 440 463
207 278 384
208 334 504
211 219 346
213 269 473
215 245 299
217 487 502
220 247 394
228 254 349
229 340 443
231 250 396
238 432 449
240 310 497
241 252 400
243 264 451
244 390 401
261 304 427
265 296 321
267 371 378
270 397 417
276 469 475
55 288 494
289 319 424
62 290 375
300 478 495
118 306 365
326 328 493
331 438 465
332 391 485
333 345 355
290 337 341
339 344 441
353 402 405
363 442 479
321 364 366
379 423 448
386 418 436
355 395 455
170 341 476
1 165 362
2 126 135
3 155 328
4 206 379
5 104 394
6 85 419
7 51 186
8 18 310
9 333 454
10 37 73
11 25 431
12 16 235
13 172 283
14 247 475
15 93 420
17 269 351
19 281 306
20 299 459
21 91 496
22 41 417
23 234 336
24 145 347
26 429 446
27 305 374
28 158 437
29 124 274
30 107 249
31 320 444
32 114 202
33 195 412
34 57 458
35 219 450
36 262 401
38 300 329
39 391 435
40 180 372
42 137 140
43 121 381
44 174 386
45 335 464
46 354 500
47 94 232
48 115 188
49 97 132
50 194 227
52 141 213
53 100 264
54 287 367
56 259 410
58 130 268
59 295 491
60 63 483
61 272 414
64 84 331
65 237 294
66 340 498
67 286 428
68 304 343
69 356 396
70 163 285
71 160 424
72 125 487
74 181 452
75 301 418
76 468 490
77 101 189
78 434 449
79 142 317
80 133 204
81 325 352
82 470 492
83 152 183
86 360 494
87 415 421
88 184 205
89 95 430
90 308 330
92 230 293
96 214 480
98 128 326
99 307 364
102 246 451
103 144 370
105 153 220
106 224 267
108 266 321
109 409 493
110 161 311
111 176 413
112 349 457
113 337 366
116 193 432
117 212 319
119 123 377
120 154 425
122 236 371
127 383 469
129 190 252
131 171 502
134 136 482
138 473 495
139 216 275
143 150 348
146 407 504
147 277 375
148 245 313
12 149 350
151 254 478
156 201 261
157 223 359
159 315 378
162 178 312
164 397 436
166 255 265
167 240 359
168 338 484
21 169 332
173 211 258
175 327 384
54 177 406
179 242 427
131 182 481
185 198 461
187 215 441
191 210 501
192 226 497
196 241 411
197 358 462
199 229 400
200 278 395
203 239 389
207 447 488
208 273 342
209 263 292
129 217 324
46 218 422
221 244 398
222 276 503
225 250 436
228 291 390
231 251 385
233 310 402
238 365 423
137 243 344
248 403 440
253 466 480
256 309 426
179 257 357
260 474 504
197 270 369
271 445 476
138 279 361
280 367 471
282 284 487
251 288 297
289 314 477
286 296 382
284 298 318
198 302 339
203 303 499
43 316 453
322 327 460
323 340 439
303 334 465
74 345 416
346 433 492
353 357 363
368 392 405
243 373 380
376 387 404
388 393 463
399 442 456
360 408 486
165 405 438
200 443 467
142 206 455
472 485 489
261 394 479
1 16 503
2 18 414
3 13 105
1 169 340 513 680 844 1022
2 170 341 514 681 845 1023
3 171 342 515 682 846 1024
4 172 343 516 580 847 0
5 173 344 517 683 848 0
6 174 345 518 643 849 0
7 175 346 519 684 850 0
8 176 347 520 662 851 0
9 177 348 521 685 852 0
10 178 349 522 686 853 0
11 179 350 523 687 854 0
12 180 351 524 688 855 950
13 181 352 525 652 856 1024
14 170 353 526 689 857 0
15 182 354 527 690 858 0
16 183 355 528 691 855 1022
17 184 356 529 692 859 0
9 185 357 530 670 851 1023
18 186 358 531 690 860 0
19 187 359 532 693 861 0
20 188 337 506 694 862 960
21 189 360 533 695 863 0
22 190 350 534 696 864 0
23 191 347 535 697 865 0
24 192 361 536 698 854 0
25 193 362 537 699 866 0
26 194 363 527 700 867 0
16 195 364 538 684 868 0
27 196 365 539 701 869 0
8 197 366 498 702 870 0
28 169 367 540 703 871 0
29 198 368 541 704 872 0
30 199 369 542 686 873 0
31 200 370 543 705 874 0
27 181 371 516 706 875 0
32 201 372 544 707 876 0
33 202 373 545 708 853 0
34 203 374 546 709 877 0
35 204 375 547 710 878 0
36 205 376 548 711 879 0
37 206 377 549 712 863 0
38 207 378 550 713 880 0
4 208 379 551 714 881 1004
39 209 380 544 715 882 0
40 210 381 552 658 883 0
41 207 382 553 716 884 979
19 211 383 554 717 885 0
42 212 384 551 718 886 0
43 213 385 555 708 887 0
44 196 356 556 719 888 0
45 205 384 557 720 850 0
46 210 386 558 721 889 0
47 214 365 559 722 890 0
48 178 387 560 723 891 963
49 215 373 561 724 826 0
6 216 388 547 709 892 0
50 213 389 562 714 874 0
51 217 390 563 725 893 0
49 191 391 564 726 894 0
52 218 392 565 727 895 0
53 219 393 566 714 896 0
54 220 394 567 728 828 0
55 221 395 568 729 895 0
44 222 396 522 703 897 0
56 223 397 566 706 898 0
57 224 398 569 700 899 0
58 225 399 557 730 900 0
59 226 399 570 731 901 0
60 227 400 571 732 902 0
61 228 401 532 733 903 0
14 203 402 572 734 904 0
54 229 393 539 735 905 0
62 230 403 573 736 853 0
30 231 404 574 671 906 1008
63 232 405 536 725 907 0
64 233 391 515 737 908 0
65 234 385 487 738 909 0
66 235 406 575 739 910 0
67 236 407 572 740 911 0
68 237 345 576 741 912 0
69 238 408 552 742 913 0
70 239 368 527 743 914 0
8 172 409 577 744 915 0
71 235 375 578 734 897 0
48 240 410 579 744 849 0
72 236 355 547 598 916 0
73 241 369 580 745 917 0
7 242 411 565 746 918 0
74 220 345 581 747 919 0
52 243 412 575 668 920 0
75 197 413 582 748 862 0
76 244 379 534 741 921 0
77 238 362 514 749 858 0
49 245 414 583 750 885 0
78 246 415 515 691 919 0
24 247 387 584 751 922 0
68 248 390 553 752 887 0
79 249 347 585 753 923 0
80 250 416 586 754 924 0
81 251 417 587 755 890 0
82 229 384 588 756 909 0
52 252 418 589 748 925 0
83 253 409 590 741 926 0
84 244 419 591 750 848 0
85 254 397 592 757 927 1024
86 252 359 531 758 928 0
87 255 374 541 759 870 0
88 174 418 593 760 929 0
71 256 420 594 679 930 0
9 257 371 595 761 931 0
77 258 421 596 762 932 0
62 259 363 597 675 933 0
10 260 422 548 763 934 0
89 261 423 598 732 872 0
34 185 401 558 764 886 0
90 212 359 599 765 935 0
91 262 331 600 730 936 0
92 263 424 561 702 830 0
62 264 397 534 766 937 0
93 221 425 559 767 938 0
7 265 366 601 754 881 0
94 266 421 521 768 939 0
20 212 426 579 695 937 0
86 267 427 602 617 869 0
95 268 370 582 769 905 0
33 269 428 603 687 845 0
96 270 429 604 717 940 0
97 228 430 605 770 923 0
80 271 431 606 718 941 978
20 272 432 607 771 893 0
6 273 433 608 730 942 965
98 243 434 530 769 887 0
79 247 435 609 755 912 0
5 274 436 540 765 943 0
36 206 342 610 772 845 0
99 270 437 511 710 943 0
76 225 385 585 773 880 987
100 275 438 589 774 944 995
37 276 414 611 692 945 0
101 220 439 612 751 880 0
102 273 344 571 735 889 0
88 277 440 613 693 911 1019
103 278 380 614 697 946 0
77 279 441 615 720 926 0
53 280 442 528 752 865 0
71 281 413 602 775 947 0
104 282 392 616 776 948 0
94 192 443 617 711 949 0
22 262 444 599 777 950 0
105 233 341 618 778 946 0
106 240 398 619 779 951 0
67 226 352 618 728 915 0
107 283 445 620 758 927 0
108 281 344 538 780 938 0
109 284 446 601 781 846 0
110 228 422 583 782 952 0
60 285 420 556 696 953 0
111 282 439 500 783 868 0
42 286 433 520 784 954 0
51 211 399 565 770 904 0
112 287 428 621 678 931 0
99 209 373 622 784 955 0
26 288 415 623 785 903 0
113 242 447 511 786 956 0
17 260 448 624 787 844 1017
114 289 449 602 725 957 0
97 207 419 625 768 958 0
60 193 369 626 788 959 0
81 285 450 536 789 960 0
3 216 443 627 769 843 0
115 182 451 628 778 942 0
116 290 452 629 683 856 0
67 284 438 533 790 961 0
117 239 348 557 791 882 0
112 291 441 550 779 962 0
46 213 453 630 704 932 0
91 250 454 556 792 963 0
118 292 455 477 719 955 0
79 293 456 631 762 964 991
119 204 457 632 793 879 0
95 294 458 633 744 906 0
96 292 394 634 686 965 0
120 295 390 588 794 915 0
121 256 434 635 795 918 0
104 177 398 564 790 966 0
27 296 459 578 796 850 0
80 233 460 636 797 967 0
122 270 449 600 798 886 0
48 179 461 504 767 909 0
123 189 412 574 783 941 0
101 201 367 580 799 968 0
21 297 462 637 737 969 0
1 298 441 638 750 935 0
73 175 463 518 726 888 0
124 248 464 639 800 873 0
70 227 465 596 801 970 0
38 299 445 475 784 971 993
103 173 466 529 802 966 1002
32 190 411 640 740 972 0
100 247 453 641 800 973 1018
117 268 429 642 803 952 0
125 263 357 643 742 872 0
126 251 381 644 740 974 1003
44 288 467 645 804 912 0
108 241 414 592 801 918 0
127 200 419 608 805 847 1019
128 208 458 513 806 975 0
53 239 468 646 807 976 0
16 187 469 647 749 977 0
102 300 408 620 743 968 0
101 290 333 594 808 961 0
120 210 470 648 681 936 0
14 301 464 564 809 889 0
66 187 471 643 787 922 0
129 284 363 649 810 967 0
130 302 472 483 644 945 0
113 264 473 612 811 978 0
11 303 463 634 791 979 0
72 258 450 650 808 875 0
88 304 430 577 812 927 0
105 184 375 651 760 980 0
131 293 440 545 788 981 0
113 304 474 525 722 953 0
58 305 434 636 771 928 0
26 176 431 526 698 982 0
106 175 445 614 755 969 0
127 192 432 541 691 888 0
122 186 422 652 813 983 0
132 217 343 653 814 972 0
18 306 433 654 799 921 0
65 307 416 608 815 984 0
133 180 475 607 788 885 0
31 218 476 512 713 985 0
128 308 423 587 768 864 0
134 201 465 636 761 855 0
120 198 477 593 695 939 0
55 309 388 655 723 898 0
135 255 478 589 816 986 0
115 271 410 561 733 974 0
83 223 377 622 817 958 0
40 173 447 656 818 970 0
34 298 479 538 687 964 0
63 309 396 620 819 987 1012
136 306 455 606 820 980 0
137 310 392 626 810 949 0
93 285 394 605 718 925 0
112 243 381 551 812 857 0
138 311 407 590 776 988 0
36 311 437 482 738 870 0
133 279 438 610 815 982 0
139 312 469 609 781 984 998
13 308 413 626 818 941 0
140 194 458 567 676 989 0
123 216 480 514 813 951 0
141 313 481 654 781 957 0
124 267 357 537 746 990 0
61 280 482 655 790 991 0
142 234 483 647 716 961 0
22 314 484 583 754 892 0
81 315 485 657 803 992 0
143 316 472 518 821 952 1021
119 317 352 658 666 876 0
144 225 372 546 683 977 0
74 180 401 586 819 890 0
145 302 486 584 822 957 0
146 318 487 542 733 929 0
119 193 488 523 823 928 0
123 319 346 562 715 893 0
137 202 416 584 809 859 0
121 246 389 634 824 993 0
86 250 489 566 770 994 0
13 198 469 659 795 896 0
147 211 467 552 789 976 0
110 253 372 660 786 869 0
64 308 490 590 800 945 0
15 229 491 509 825 981 0
125 231 447 638 706 948 0
148 196 426 646 806 973 0
37 320 368 661 763 995 0
149 315 378 627 724 996 0
63 190 477 662 780 860 0
78 312 343 646 757 997 0
1 178 427 581 797 856 0
118 245 339 506 759 997 1001
150 217 460 591 748 903 0
151 266 474 651 745 900 1000
41 206 492 663 699 891 0
45 224 341 656 826 998 0
141 257 431 571 827 999 0
72 321 470 611 828 835 0
73 305 423 610 739 983 0
152 322 468 574 774 977 0
47 295 480 549 726 921 0
45 323 476 653 679 898 0
54 313 493 664 694 894 0
153 255 484 550 822 1000 0
154 275 367 665 721 998 0
117 324 486 666 732 1001 0
154 246 451 570 810 861 0
65 214 442 658 829 877 0
134 299 365 572 787 907 0
152 179 351 627 804 1002 0
155 265 452 593 753 1003 1007
89 297 393 662 821 901 0
139 231 475 555 735 867 0
127 301 322 666 830 860 0
87 241 494 623 681 924 0
156 237 361 656 688 920 0
28 278 364 480 731 990 0
126 312 495 548 817 851 985
157 295 349 594 803 931 0
70 314 427 644 783 955 0
108 324 417 562 639 949 0
98 318 354 604 774 999 0
116 189 489 631 721 954 0
153 209 420 649 688 1004 0
151 169 429 659 698 911 0
93 259 492 614 773 1001 0
158 256 435 569 827 936 0
125 325 446 667 794 871 0
55 305 473 543 822 839 929
94 299 496 668 690 1005 0
83 303 370 648 761 1006 0
35 177 409 531 801 978 0
4 313 461 642 727 913 0
156 261 497 504 831 923 0
61 326 403 637 792 962 1005
47 182 406 640 831 846 0
132 326 362 601 685 877 0
157 194 440 600 780 920 0
159 291 400 451 832 897 0
12 205 452 669 833 960 0
137 222 498 661 834 852 0
160 278 499 606 807 1007 0
128 254 432 629 778 883 0
161 219 383 621 785 864 0
142 254 338 526 835 934 0
3 327 500 513 796 959 0
19 328 417 664 836 1002 0
159 276 489 507 814 899 1006
23 227 476 532 835 843 0
142 309 491 670 745 976 0
111 214 490 667 772 901 0
42 326 501 659 836 987 0
107 306 340 554 834 1008 0
110 329 493 563 808 1009 0
38 230 360 652 767 865 0
10 183 496 568 789 946 0
155 328 491 591 813 933 0
140 323 428 650 773 950 0
162 257 376 671 798 859 0
163 287 502 542 775 913 0
135 297 449 629 837 1010 0
131 330 462 581 759 884 0
140 280 346 642 834 842 0
111 186 485 524 760 902 0
151 307 503 599 719 991 1010
164 288 472 588 707 971 0
145 296 404 573 738 953 958
131 244 356 619 689 916 1016
162 232 383 510 796 995 0
50 199 504 521 772 844 0
74 287 459 672 838 1010 0
152 181 492 630 839 924 0
82 303 421 586 830 986 0
109 237 505 554 839 934 0
130 275 501 595 684 891 996
165 202 465 655 731 1011 0
24 331 482 516 674 993 0
17 332 412 535 764 926 0
141 242 355 672 823 939 0
166 321 358 585 802 879 0
68 215 488 512 680 1012 0
84 333 499 603 702 867 0
155 215 436 673 828 948 0
160 172 448 631 795 1013 0
156 329 415 537 713 937 0
161 300 506 616 823 954 0
15 327 453 529 840 847 0
114 286 500 546 700 1012 0
96 184 497 647 776 881 0
165 259 495 582 794 1000 0
23 325 382 578 771 940 0
66 176 351 665 806 962 0
21 263 350 568 734 984 0
98 330 436 674 841 882 0
50 300 335 460 798 1013 0
149 334 455 528 712 1014 0
124 323 448 573 717 974 0
165 327 353 579 820 983 0
2 277 507 560 833 878 0
41 335 411 609 775 1011 0
97 317 354 519 729 1014 0
29 329 395 671 812 848 1021
59 223 496 517 842 973 0
32 188 505 530 815 902 0
89 222 386 613 824 956 0
106 320 502 570 673 980 0
148 314 389 669 699 1015 0
90 320 457 543 818 972 0
158 248 501 638 820 876 0
43 336 494 664 837 985 0
116 204 405 623 742 988 0
163 170 446 605 701 1013 0
167 319 483 524 837 1011 1017
133 289 379 628 791 963 0
129 276 439 523 720 947 0
168 234 400 597 680 1016 0
30 334 467 674 709 930 0
29 279 380 616 701 892 0
136 171 488 539 764 970 0
76 171 471 661 710 873 0
153 337 442 577 682 932 0
150 296 444 657 793 896 1023
130 219 466 673 762 917 0
167 226 424 635 705 1008 0
57 318 444 624 824 863 0
144 325 499 592 841 907 0
46 283 376 508 696 849 0
91 316 378 672 757 858 0
84 267 407 645 715 917 0
150 221 340 611 786 979 0
33 334 338 525 840 986 0
148 174 437 675 827 904 0
126 272 454 612 785 938 0
109 315 332 613 743 990 0
12 310 473 553 821 964 0
159 195 508 676 737 900 0
167 266 386 640 752 866 0
51 294 360 596 703 919 0
39 294 494 595 677 854 0
163 324 396 622 816 935 0
139 271 388 621 692 1009 0
147 277 358 479 704 910 0
158 307 377 567 782 878 0
64 230 509 632 841 956 982
107 235 493 545 777 868 0
90 269 408 576 832 1017 0
146 191 426 650 711 1006 0
56 330 485 633 805 988 0
143 289 457 535 836 967 0
147 274 443 597 838 1015 0
18 261 382 677 814 1018 0
35 338 508 625 694 871 0
157 188 404 663 802 994 0
134 328 478 569 747 866 0
69 264 374 657 697 975 0
164 185 450 654 779 840 0
104 316 425 676 816 910 0
135 249 454 549 693 875 0
40 333 391 633 819 925 0
161 260 463 649 753 906 0
146 298 405 663 728 1004 0
95 236 487 669 766 852 0
75 302 342 660 842 1019 0
166 240 510 653 722 1015 0
87 332 410 665 729 933 0
160 317 478 560 777 874 0
166 290 486 615 746 861 0
57 273 495 645 716 1005 0
75 238 462 555 763 966 0
105 336 468 540 766 971 0
121 321 403 576 805 1014 0
164 335 507 675 724 883 0
114 245 371 668 832 1007 0
138 249 395 558 736 989 0
82 281 505 619 736 1018 0
85 218 349 630 765 908 0
168 286 387 648 825 940 0
154 339 511 587 756 914 0
59 337 497 603 747 996 0
69 331 406 639 797 1020 0
115 268 456 625 809 944 0
162 293 484 618 799 992 0
149 197 510 544 825 857 0
100 269 481 559 843 994 0
31 339 479 651 792 999 0
102 208 424 660 829 951 0
136 272 348 641 838 1021 0
25 200 459 533 707 922 989
28 310 509 678 758 965 0
143 183 353 635 751 943 0
118 319 435 632 685 895 0
92 336 430 615 723 959 0
56 199 364 520 833 1020 0
78 203 503 519 708 1016 0
92 195 361 624 811 905 997
58 301 481 522 712 975 0
132 282 456 517 756 1020 0
11 251 498 563 749 908 0
122 291 366 641 793 894 0
145 252 402 667 804 914 1009
2 253 466 607 831 930 0
25 283 490 604 826 916 0
103 262 512 598 829 944 0
99 322 470 678 739 862 0
144 258 418 628 817 969 0
5 292 402 670 682 899 0
39 224 471 474 727 1003 0
129 232 503 575 705 884 0
43 265 425 617 689 968 0
138 274 461 679 811 942 0
85 311 502 677 782 981 1022
168 304 464 637 807 947 992
