1024 350
6 18
6 6 6 6 6 6 6 6 6 6 6 6 6 6 6 6 6 6 6 6 6 6 6 6 6 6 6 6 6 6 6 6 6 6 6 6 6 6 6 6 6 6 6 6 6 6 6 6 6 6 6 6 6 6 6 6 6 6 6 6 6 6 6 6 6 6 6 6 6 6 6 6 6 6 6 6 6 6 6 6 6 6 6 6 6 6 6 6 6 6 6 6 6 6 6 6 6 6 6 6 6 6 6 6 6 6 6 6 6 6 6 6 6 6 6 6 6 6 6 6 6 6 6 6 6 6 6 6 6 6 6 6 6 6 6 6 6 6 6 6 6 6 6 6 6 6 6 6 6 6 6 6 6 6 6 6 6 6 6 6 6 6 6 6 6 6 6 6 6 6 6 6 6 6 6 6 6 6 6 6 6 6 6 6 6 6 6 6 6 6 6 6 6 6 6 6 6 6 6 6 6 6 6 6 6 6 6 6 6 6 6 6 6 6 6 6 6 6 6 6 6 6 6 6 6 6 6 6 6 6 6 6 6 6 6 6 6 6 6 6 6 6 6 6 6 6 6 6 6 6 6 6 6 6 6 6 6 6 6 6 6 6 6 6 6 6 6 6 6 6 6 6 6 6 6 6 6 6 6 6 6 6 6 6 6 6 6 6 6 6 6 6 6 6 6 6 6 6 6 6 6 6 6 6 6 6 6 6 6 6 6 6 6 6 6 6 6 6 6 6 6 6 6 6 6 6 6 6 6 6 6 6 6 6 6 6 6 6 6 6 6 6 6 6 6 6 6 6 6 6 6 6 6 6 6 6 6 6 6 6 6 6 6 6 6 6 6 6 6 6 6 6 6 6 6 6 6 6 6 6 6 6 6 6 6 6 6 6 6 6 6 6 6 6 6 6 6 6 6 6 6 6 6 6 6 6 6 6 6 6 6 6 6 6 6 6 6 6 6 6 6 6 6 6 6 6 6 6 6 6 6 6 6 6 6 6 6 6 6 6 6 6 6 6 6 6 6 6 6 6 6 6 6 6 6 6 6 6 6 6 6 6 6 6 6 6 6 6 6 6 6 6 6 6 6 6 6 6 6 6 6 6 6 6 6 6 6 6 6 6 6 6 6 6 6 6 6 6 6 6 6 6 6 6 6 6 6 6 6 6 6 6 6 6 6 6 6 6 6 6 6 6 6 6 6 6 6 6 6 6 6 6 6 6 6 6 6 6 6 6 6 6 6 6 6 6 6 6 6 6 6 6 6 6 6 6 6 6 6 6 6 6 6 6 6 6 6 6 6 6 6 6 6 6 6 6 6 6 6 6 6 6 6 6 6 6 6 6 6 6 6 6 6 6 6 6 6 6 6 6 6 6 6 6 6 6 6 6 6 6 6 6 6 6 6 6 6 6 6 6 6 6 6 6 6 6 6 6 6 6 6 6 6 6 6 6 6 6 6 6 6 6 6 6 6 6 6 6 6 6 6 6 6 6 6 6 6 6 6 6 6 6 6 6 6 6 6 6 6 6 6 6 6 6 6 6 6 6 6 6 6 6 6 6 6 6 6 6 6 6 6 6 6 6 6 6 6 6 6 6 6 6 6 6 6 6 6 6 6 6 6 6 6 6 6 6 6 6 6 6 6 6 6 6 6 6 6 6 6 6 6 6 6 6 6 6 6 6 6 6 6 6 6 6 6 6 6 6 6 6 6 6 6 6 6 6 6 6 6 6 6 6 6 6 6 6 6 6 6 6 6 6 6 6 6 6 6 6 6 6 6 6 6 6 6 6 6 6 6 6 6 6 6 6 6 6 6 6 6 6 6 6 6 6 6 6 6 6 6 6 6 6 6 6 6 6 6 6 6 6 6 6 6 6 6 6 6 6 6 6 6 6 6 6 6 6 6 6 6 6 6 6 6 6 6 6 6 6 6 6 6 6 6 6 6 6 6 6 6 6 6 6 6 6 6 6 6 6 6 6 6 6 6 6 6 6 6 6 6 6 6 6 6 6 6 6 6 6 6 6 6 6 6 6 6 6 6 6 6 6 6 6 6 6 6 6 6 6 6 6 6 6 6 6 6 6 6 6 6 6 6 6 6 6 6 6 6 6 6 6 6 6 6 6 6 6 6 6 6 6 6 6 6 6 6 6 6 6 6 6 6 6 6 6 6 6 6 6 6 6 6 6 6 6 6 6 6 6 6 6 6 6 6 6 6 6 6 6 6 6 6 6 6 6 6 6 6 6 6 6 6 6 6 6 6 6 6 6 6 6 6 6 6 6 6 6 6 6 6 6 6 6 6 6 6 6 6 6 6 6 6 6 6 6
18 18 18 18 18 18 18 18 18 18 18 18 18 18 18 18 18 18 18 18 18 18 18 18 18 18 18 18 18 18 18 18 18 18 18 18 18 18 18 18 18 18 17 18 18 18 18 17 18 18 18 18 17 17 18 18 17 17 17 17 17 18 17 17 17 17 18 17 17 18 18 18 18 18 18 18 17 17 17 17 17 17 18 17 17 17 17 18 17 18 17 17 18 18 18 17 18 18 17 17 17 18 18 17 18 17 17 18 17 17 18 17 17 17 18 18 17 18 18 17 18 17 18 17 18 18 17 18 17 18 18 17 17 17 18 18 18 18 18 17 18 17 18 17 18 17 18 18 17 18 18 18 17 17 17 18 18 17 18 17 18 18 18 18 18 18 18 17 18 17 17 17 17 17 17 17 18 17 17 17 17 18 18 17 18 17 18 17 18 18 17 18 17 18 18 18 18 17 17 18 17 17 18 18 17 18 18 18 17 17 17 18 17 18 17 18 18 18 17 18 17 18 18 18 18 17 17 17 17 18 17 17 18 18 17 18 17 17 18 17 17 18 17 17 18 18 18 17 17 17 18 18 17 18 17 18 18 18 17 17 18 18 18 18 18 17 18 17 17 18 18 18 17 17 17 18 17 18 17 17 17 18 18 17 17 17 18 18 17 18 18 17 17 18 17 18 18 18 18 17 17 17 17 18 17 18 17 17 17 17 17 17 18 17 18 18 17 17 17 17 18 17 17 18 18 17 18 18 18 17 17 18 17 18 17 17 18 17 17 17 18 18 18 17 17 18 18 17 17 18
1 134 197 234 271 342
2 29 92 118 225 346
3 38 55 60 83 90
4 11 19 75 77 242
5 151 188 230 297 340
6 47 147 174 191 263
7 16 112 143 256 307
8 28 81 87 159 235
9 101 131 178 236 267
10 62 255 266 333 343
12 15 109 125 154 334
13 44 213 274 283 284
14 79 133 158 273 330
17 71 165 221 293 308
18 85 88 169 189 238
20 129 162 298 312 347
21 103 194 232 269 348
22 33 135 195 200 277
23 113 121 198 222 289
24 26 46 52 248 264
25 48 57 89 100 296
27 35 138 156 201 217
30 287 305 319 336 338
31 97 104 146 268 325
32 63 66 170 185 219
34 149 160 183 203 301
36 45 91 106 137 260
37 122 209 253 309 326
39 58 82 140 190 192
40 120 173 246 315 318
41 54 72 78 282 335
42 68 69 108 116 186
43 99 153 171 247 322
49 218 252 290 323 349
50 61 136 179 206 314
51 74 204 270 272 300
53 105 155 286 332 337
56 76 107 214 215 311
59 95 110 208 257 262
64 93 119 258 328 344
65 115 117 127 128 327
67 111 141 303 313 341
70 144 207 227 259 294
73 126 176 228 243 288
80 94 139 157 226 237
84 142 152 254 320 324
86 114 193 210 275 331
96 124 150 168 175 182
98 145 177 181 316 339
102 167 172 187 223 265
123 132 212 216 233 291
130 161 250 280 285 350
148 224 241 245 279 329
163 166 205 240 304 306
164 196 231 281 321 345
180 211 244 249 292 310
184 202 239 251 261 299
199 229 278 295 302 317
203 220 272 276 282 284
1 199 235 247 255 340
2 30 63 131 146 220
3 4 42 94 151 330
5 21 27 150 170 262
6 37 109 215 249 270
7 53 127 222 257 316
8 70 91 135 233 299
9 129 189 243 258 293
10 25 40 167 245 304
11 52 161 275 290 313
12 82 136 152 173 281
13 187 210 256 291 344
14 144 145 162 180 241
15 23 26 176 271 305
16 104 139 314 329 342
17 120 149 202 269 323
18 45 89 122 182 303
19 166 195 236 311 337
20 39 41 110 285 302
22 71 72 79 138 324
24 35 38 57 190 292
28 51 61 217 327 349
29 163 196 226 259 326
31 67 186 244 295 321
32 83 86 174 261 279
33 34 128 134 164 238
36 58 171 191 287 332
43 49 93 121 200 209
44 73 103 116 263 266
46 66 105 157 169 333
47 159 289 318 325 347
48 165 198 207 230 276
50 77 126 172 184 225
54 64 148 242 334 348
55 76 119 175 227 268
56 84 88 218 223 229
59 87 107 111 183 224
60 117 141 153 213 306
62 177 216 221 231 338
65 100 154 237 239 298
68 130 143 300 315 322
69 92 123 201 234 312
74 75 124 192 197 339
78 90 212 246 253 286
80 160 181 254 260 328
81 96 125 133 267 350
85 114 204 232 240 273
95 106 108 248 265 308
97 142 155 288 296 331
98 101 179 264 278 309
99 132 178 208 211 320
102 194 250 277 310 336
112 140 185 228 252 294
113 137 156 193 214 343
40 115 158 219 258 317
118 147 297 307 335 341
112 168 205 251 319 320
155 188 224 274 280 345
88 206 259 262 283 287
38 219 222 301 346 350
1 54 158 215 290 296
2 137 169 244 330 349
3 45 65 87 152 194
4 105 284 294 302 318
5 29 127 129 135 300
6 18 95 216 301 314
7 124 217 243 273 281
8 14 139 190 223 282
9 90 113 118 295 329
10 22 58 313 344 345
11 27 73 104 209 298
12 49 130 145 226 297
13 17 19 109 241 346
15 91 165 229 256 306
16 71 123 175 274 310
20 60 62 131 136 323
21 41 153 249 264 338
23 32 111 120 171 204
24 44 77 146 240 340
25 92 181 211 242 272
26 99 147 227 232 327
28 48 79 116 319 339
30 75 107 174 324 326
31 192 202 263 286 322
33 56 168 198 246 248
34 83 143 293 309 343
35 47 64 182 230 285
36 100 179 180 268 269
37 46 82 151 251 260
39 68 70 170 311 336
42 101 210 231 250 270
43 63 96 167 201 299
50 53 67 197 276 291
51 97 98 279 308 312
52 76 191 233 267 315
55 110 125 126 149 333
57 59 164 255 261 348
61 66 106 245 271 277
69 114 115 252 292 305
72 140 206 239 266 325
74 108 144 157 278 335
78 80 85 184 207 247
81 121 163 177 185 238
84 148 196 234 236 275
86 172 200 221 302 307
89 186 188 195 212 347
93 95 141 156 176 337
94 132 162 183 228 304
102 117 119 133 289 332
103 122 161 205 237 317
128 173 208 218 235 288
134 154 191 265 316 331
138 178 187 199 203 341
121 142 213 225 321 342
150 160 189 253 280 334
159 193 220 257 264 328
166 254 283 293 303 349
50 63 103 188 190 214
1 46 166 231 269 289
2 35 132 206 313 316
3 15 97 167 216 236
4 8 23 136 160 215
5 102 131 140 241 254
6 66 119 130 165 320
7 99 246 303 333 336
9 43 45 114 197 266
10 17 85 209 257 319
11 87 143 169 265 276
12 34 184 186 245 262
13 76 106 189 192 235
14 123 152 202 287 309
16 24 109 170 286 330
18 20 268 271 272 324
19 137 204 288 297 314
21 71 74 89 183 332
22 31 237 267 294 338
25 73 168 193 247 323
26 72 83 155 181 317
27 78 84 98 111 277
28 37 40 77 331 335
29 125 292 325 339 344
30 110 113 145 232 291
32 56 116 117 179 345
33 51 151 161 187 259
36 44 112 128 275 347
38 79 120 129 157 321
39 49 175 203 240 279
41 88 104 174 300 304
42 64 135 173 274 301
47 55 61 69 164 205
48 60 147 228 250 328
52 156 163 270 307 348
53 100 185 283 285 329
54 82 101 298 306 346
57 105 218 225 233 273
58 65 144 172 234 350
59 139 200 230 305 315
62 91 142 242 322 341
67 154 252 255 301 326
68 96 176 196 282 340
70 158 220 263 280 312
75 162 194 219 248 256
80 107 180 210 318 327
81 108 214 258 261 284
86 138 162 213 260 311
90 177 217 223 251 296
92 133 221 224 239 246
93 118 149 207 281 310
94 153 195 222 308 334
115 126 150 159 178 226
70 122 148 171 243 244
124 208 215 239 277 295
13 127 201 278 290 320
64 134 146 212 229 249
141 227 231 245 253 292
116 182 211 259 337 342
19 55 58 198 199 299
109 111 238 266 302 328
47 49 79 236 248 343
1 22 63 95 309 327
2 124 155 187 209 348
3 171 252 257 335 342
4 163 224 247 268 291
5 52 97 281 284 319
6 81 197 298 336 345
7 167 213 230 269 326
8 31 168 250 293 316
9 12 28 105 174 313
10 50 90 128 254 270
11 185 212 217 232 260
14 53 62 148 189 205
15 33 120 180 225 263
16 103 129 141 198 331
17 188 267 272 295 311
18 113 115 153 202 340
20 87 184 222 300 344
21 99 181 290 299 321
23 84 100 201 258 333
24 43 51 173 237 314
25 93 143 150 151 338
26 42 146 172 323 329
27 40 46 48 274 322
14 29 66 89 176 199
30 54 61 120 147 337
32 60 71 82 126 134
34 138 145 192 211 289
35 101 112 160 249 308
36 68 75 178 190 221
37 38 127 175 186 228
39 91 102 118 210 255
41 92 214 227 241 256
44 98 133 206 305 334
45 96 278 280 304 324
56 67 72 169 196 312
57 88 136 234 317 343
59 85 142 157 179 330
65 149 164 174 177 195
69 107 119 121 243 264
73 76 219 244 262 303
74 83 110 275 283 306
77 117 216 244 285 318
78 86 130 131 154 158
80 123 125 248 261 341
94 122 156 218 276 325
104 165 181 273 279 332
16 106 166 208 220 294
108 207 238 253 339 349
114 135 242 286 310 350
132 159 223 271 297 315
137 144 203 246 287 307
139 194 201 240 339 347
51 140 193 226 233 296
152 161 170 191 200 289
22 182 265 282 288 306
183 193 229 251 336 346
60 81 204 245 290 302
77 93 98 186 235 325
1 41 154 246 324 328
2 117 202 273 301 347
3 35 124 237 238 315
4 72 128 167 241 336
5 43 80 187 216 229
6 132 150 171 255 275
7 25 199 236 263 293
8 155 214 221 225 252
9 18 142 159 175 338
10 152 203 261 310 337
11 24 107 164 280 287
12 91 113 247 269 312
13 30 31 64 70 343
15 56 108 140 209 230
17 156 158 162 206 250
19 46 100 123 190 253
20 21 94 116 233 295
23 205 210 239 262 279
26 137 276 281 298 309
27 50 224 235 294 313
28 38 119 196 211 256
29 45 83 85 103 215
32 133 153 189 296 349
33 68 76 136 243 257
34 114 147 223 318 330
36 51 125 169 188 321
37 61 99 234 284 304
39 40 131 320 327 334
42 73 84 96 157 332
44 183 227 271 285 345
47 57 67 82 165 286
48 86 96 163 249 335
49 53 92 126 194 274
52 160 178 265 272 342
54 75 145 186 198 254
55 95 101 139 300 311
58 59 115 170 212 270
62 138 149 191 222 278
63 88 177 207 308 341
65 106 168 204 268 292
66 109 122 197 242 257
17 69 74 90 105 185
61 71 213 303 331 340
78 121 127 240 260 314
79 110 134 135 166 264
87 102 231 282 317 333
89 141 208 251 323 350
97 200 232 259 329 346
104 151 172 220 258 305
111 112 118 146 161 226
129 182 217 218 228 291
130 180 294 316 319 348
143 144 176 266 277 283
116 148 192 297 299 326
83 173 179 195 219 322
59 79 137 184 267 334
131 152 198 288 307 339
26 39 92 150 206 344
1 80 120 161 167 244
2 52 205 212 221 292
3 105 145 310 345 349
4 22 165 225 248 328
5 63 67 77 94 106
6 78 217 245 264 317
7 68 88 247 295 306
8 117 146 169 297 324
9 86 115 185 282 330
10 48 133 229 243 275
11 71 256 278 283 301
12 127 182 221 280 348
13 20 177 249 263 332
14 27 33 101 302 305
15 175 188 258 318 337
16 29 37 84 180 299
18 55 65 184 273 307
19 97 108 231 252 286
21 178 204 238 281 343
23 30 130 151 269 331
24 147 207 211 255 338
25 49 224 265 311 314
28 70 155 189 200 271
31 66 93 128 227 236
32 142 164 237 291 293
34 119 122 179 233 340
35 109 260 284 288 323
36 60 118 195 209 215
38 43 124 296 319 341
40 55 56 141 148 197
41 85 199 251 277 298
42 45 54 140 144 313
44 58 95 193 253 316
46 113 163 201 218 279
47 81 138 183 208 300
50 57 250 289 304 329
53 99 123 228 266 315
62 74 103 107 112 176
64 105 216 234 239 240
69 203 219 223 232 316
72 90 226 268 290 350
73 87 172 261 308 321
75 100 121 153 303 347
76 82 125 181 194 276
89 134 136 210 222 322
91 111 126 173 187 196
98 132 158 327 333 342
102 170 171 214 272 309
104 152 159 168 241 344
43 110 143 154 190 325
100 114 162 235 262 326
129 174 285 287 320 346
135 156 192 213 267 335
139 160 166 202 242 270
149 157 254 259 305 312
85 118 191 220 230 274
1 64 175 243 329 333
2 23 48 181 227 302
3 24 39 71 125 144
4 116 191 219 304 347
5 62 78 162 263 268
6 126 136 140 311 328
7 9 259 261 292 298
8 59 74 98 109 210
10 233 241 251 282 326
11 131 214 230 338 342
12 254 284 289 321 336
13 107 124 132 194 246
14 75 97 154 217 226
15 70 117 161 300 303
16 32 177 275 277 281
17 18 84 87 150 312
19 88 106 250 315 319
20 46 93 127 213 220
21 36 291 297 318 322
22 69 120 146 179 187
25 142 171 231 238 313
26 34 47 166 209 235
27 157 184 195 325 350
28 45 163 202 236 332
29 178 234 258 269 308
30 108 114 138 244 270
31 33 170 247 264 307
35 73 102 196 232 344
37 89 94 110 112 167
38 68 77 135 199 224
40 60 145 169 242 295
41 111 122 200 327 339
42 82 176 189 218 309
44 165 201 211 341 346
49 65 206 245 249 260
50 91 92 153 287 348
51 53 216 253 255 330
52 121 141 145 285 340
54 95 99 159 174 225
56 79 123 130 160 335
57 101 113 265 324 327
58 80 96 262 293 334
61 86 186 207 229 288
12 63 149 172 192 272
66 83 198 203 205 267
67 133 156 280 294 331
72 183 237 243 299 310
43 76 155 193 248 278
81 104 128 180 306 337
90 119 139 143 168 262
103 134 151 208 301 349
115 129 165 271 296 323
137 147 148 273 274 320
158 187 212 228 240 257
140 164 173 197 283 343
23 182 188 223 252 276
185 190 215 279 314 345
204 222 256 266 286 317
40 101 132 147 239 290
1 28 44 107 229 299
2 149 211 247 261 296
3 92 136 273 290 318
4 10 102 141 204 342
5 9 49 87 124 211
6 52 58 60 63 339
7 169 184 260 271 335
8 48 90 232 258 347
11 29 68 122 246 343
13 21 42 125 155 251
14 98 196 198 208 263
15 94 152 249 253 331
16 81 100 111 222 230
17 78 99 142 191 334
18 108 117 163 275 280
19 131 133 172 257 270
20 67 123 164 199 346
22 91 128 148 151 159
24 115 161 245 254 301
25 66 117 166 287 315
26 71 84 106 202 300
27 80 117 174 214 231
30 119 178 184 240 310
31 126 135 216 235 297
32 75 96 183 223 325
33 138 233 292 304 308
34 46 118 194 267 303
35 116 154 256 312 332
36 64 289 294 298 337
37 144 221 268 273 305
38 86 104 203 248 349
39 171 180 181 188 236
41 59 73 127 218 250
45 51 109 120 160 176
47 56 97 144 212 348
50 114 173 182 227 269
53 103 210 264 324 333
54 168 170 192 209 340
55 72 185 220 225 320
57 110 186 189 215 282
61 74 139 162 193 266
62 272 281 316 344 350
65 143 155 219 226 255
69 129 177 237 288 309
70 95 113 241 313 322
76 85 150 224 234 259
77 238 274 276 278 319
79 82 89 239 329 336
83 93 146 175 206 321
88 205 228 293 307 331
105 153 265 323 326 330
112 286 291 295 328 338
121 130 147 156 242 311
134 162 167 179 190 252
137 195 284 285 317 341
157 200 207 213 244 345
158 197 201 238 277 306
16 187 217 279 283 302
21 32 88 243 272 314
1 29 49 74 216 250
2 108 219 282 291 311
3 18 54 80 81 164
4 38 56 111 170 306
5 39 156 220 261 303
6 9 128 223 247 281
7 239 244 254 315 342
8 68 97 148 150 304
10 78 192 292 295 312
11 59 72 132 190 274
12 185 188 222 288 327
13 41 158 209 221 266
14 43 103 159 179 283
15 46 47 198 215 350
17 151 265 299 317 328
19 63 116 202 213 271
20 73 207 270 289 319
22 27 112 113 136 172
23 76 197 199 206 300
24 75 152 233 333 348
25 86 123 124 191 241
26 104 105 140 231 255
28 109 133 252 318 329
30 127 210 267 285 332
31 89 143 214 218 260
33 163 169 262 309 338
34 50 55 87 189 341
35 44 175 178 225 301
36 61 70 194 204 279
37 58 93 154 173 230
40 42 259 316 336 340
45 69 71 141 248 297
48 85 126 161 246 263
51 64 82 102 269 339
52 95 234 242 280 293
53 83 91 193 235 249
57 62 171 237 264 308
60 100 110 146 176 294
65 67 227 277 278 330
66 94 135 212 313 343
77 79 153 167 232 284
84 183 257 276 286 296
90 115 130 138 181 346
92 122 137 166 180 322
96 134 139 203 256 275
98 106 131 240 290 324
99 177 205 226 335 347
101 125 228 245 314 326
107 120 201 302 325 349
114 118 119 142 145 224
121 165 253 287 337 345
129 168 186 255 307 310
149 182 200 298 320 321
157 160 174 196 217 323
195 208 229 258 268 331
129 236 251 280 305 344
111 139 174 229 290 334
1 133 150 220 237 343
2 18 99 162 192 254
3 21 118 132 165 242
4 90 122 198 271 300
5 16 48 75 218 265
6 160 200 231 235 278
7 26 57 262 312 341
8 10 103 154 212 227
9 30 125 170 277 299
11 54 114 136 151 303
12 167 176 258 302 329
13 59 145 207 243 301
14 20 71 156 171 194
15 25 65 105 244 248
17 76 128 163 195 340
19 52 53 158 196 328
22 168 264 276 315 335
23 190 191 311 330 338
24 124 126 285 310 344
27 92 106 252 317 339
28 31 32 62 181 245
29 41 96 146 283 333
33 37 91 295 325 327
34 40 72 116 130 217
35 45 84 155 261 268
36 56 177 201 219 274
38 225 269 304 305 307
39 93 251 259 286 349
42 131 205 208 209 318
43 85 172 185 186 313
44 66 67 148 250 322
46 144 147 178 183 291
47 169 216 228 323 337
49 73 113 120 138 210
50 164 211 221 275 350
51 86 121 184 197 236
55 179 241 284 298 332
58 134 137 143 213 282
60 80 101 233 253 347
61 104 157 223 239 324
63 68 87 142 203 249
64 97 166 247 292 321
69 77 110 267 308 326
70 112 153 214 289 297
74 94 175 199 232 256
78 159 188 266 270 336
79 100 187 189 193 281
81 135 161 234 260 316
82 180 182 204 224 296
83 89 140 240 272 287
88 108 115 149 263 345
95 206 222 226 238 246
98 119 173 215 257 348
102 107 127 152 273 306
109 279 293 294 320 342
123 141 230 314 319 334
24 34 172 202 288 346
4 6 15 158 208 309
1 23 125 207 249 348
2 87 91 190 236 246
3 155 176 202 210 293
5 85 149 196 214 332
7 119 120 194 314 330
8 101 260 273 322 334
9 136 220 265 279 304
10 183 199 226 320 331
11 90 263 282 299 324
12 160 165 234 292 338
13 134 200 242 268 308
14 70 132 218 224 344
16 38 113 142 174 284
17 52 83 225 271 337
18 94 201 229 230 250
19 141 180 216 258 275
20 30 55 103 253 350
21 40 51 73 309 329
22 26 109 117 131 188
25 56 127 256 270 277
27 31 49 137 318 328
28 72 124 151 212 287
29 64 143 170 193 341
32 80 98 99 239 297
33 78 123 129 254 340
35 108 167 197 251 272
36 57 182 231 301 335
37 146 159 189 245 346
39 77 84 138 164 179
41 162 169 177 211 215
42 46 102 128 156 321
43 184 203 286 339 343
44 48 153 173 204 311
45 105 121 168 306 327
47 95 116 185 227 303
50 112 150 166 267 290
53 139 191 298 310 313
54 115 248 291 294 315
58 81 106 147 342 347
59 62 65 192 232 238
60 135 255 259 317 319
61 67 221 222 274 325
63 111 163 252 278 300
66 152 154 171 175 213
68 82 133 187 241 307
69 88 89 161 269 349
71 75 122 181 195 312
74 126 148 217 247 257
76 114 186 205 280 336
79 97 140 219 276 305
86 92 237 289 326 345
93 104 130 198 262 333
96 118 206 235 264 302
100 178 209 244 288 316
107 145 157 266 281 296
110 223 233 240 243 323
144 177 228 261 285 295
56 85 180 194 261 283
1 60 77 283 334 337
2 32 69 138 306 333
3 9 11 213 239 327
4 86 100 133 143 157
5 50 240 305 316 325
6 87 88 98 193 294
7 12 104 225 228 270
8 33 153 191 321 346
10 66 112 182 244 258
13 36 80 126 152 282
14 59 135 140 275 318
15 29 101 144 171 187
16 44 46 79 210 280
17 38 51 148 168 263
18 75 146 227 243 286
19 34 99 215 237 285
20 70 111 181 301 340
21 159 206 217 236 331
22 67 90 110 150 320
23 242 256 260 296 345
24 92 96 132 160 257
25 162 233 288 300 341
26 139 196 212 302 330
27 130 219 273 292 349
28 142 214 234 248 279
30 117 154 155 259 304
31 113 197 205 290 311
35 74 127 211 307 317
37 68 156 165 266 319
39 107 122 147 172 204
40 61 62 235 250 299
41 58 161 179 189 291
42 95 184 192 255 276
43 91 125 129 315 329
45 175 198 218 264 326
47 145 231 246 265 332
48 71 108 131 247 314
49 94 128 251 269 293
52 84 109 118 174 203
53 170 226 281 303 312
54 89 97 137 185 277
55 102 123 188 245 313
57 65 83 163 176 230
63 82 183 216 295 347
64 136 190 209 241 267
72 114 121 178 201 298
73 229 271 274 328 350
76 158 287 308 323 339
78 93 120 169 284 343
81 141 173 186 221 344
103 202 278 289 310 342
105 116 119 134 272 336
106 115 167 200 262 335
124 164 223 249 268 322
149 199 208 253 297 338
151 207 222 252 254 309
10 60 166 224 232 324
73 195 220 238 296 348
1 6 230 238 300 332
2 81 217 265 268 286
3 20 53 56 142 221
4 35 76 270 279 322
5 126 132 157 167 337
7 140 147 161 267 323
8 71 96 100 128 328
9 46 164 165 168 257
11 146 152 218 248 304
12 80 89 106 211 276
13 18 112 137 188 199
14 82 87 117 243 340
15 116 163 283 310 341
16 49 77 201 246 259
17 32 57 72 135 331
19 22 43 61 233 287
21 30 141 160 288 345
23 118 159 208 231 293
24 129 148 278 311 343
25 36 109 234 281 306
26 48 170 177 210 225
27 83 120 213 247 344
28 136 180 232 251 312
29 98 154 203 271 318
31 114 139 184 254 348
33 102 202 205 244 294
34 54 105 107 108 329
37 63 169 194 224 315
38 198 214 236 327 330
39 143 250 274 308 347
40 134 181 183 220 324
41 42 75 150 263 349
44 90 99 172 326 339
45 52 166 179 200 295
47 78 176 193 206 297
50 66 95 125 256 338
51 104 182 185 266 316
55 131 269 275 303 319
58 88 92 94 264 298
59 155 195 260 291 309
62 122 187 261 262 280
64 68 101 235 237 350
65 69 91 189 317 321
67 84 158 175 226 239
70 124 130 186 284 290
74 151 228 255 325 346
79 127 145 209 223 258
85 156 222 314 320 333
86 111 119 190 212 305
93 196 301 334 336 342
97 115 162 191 197 249
103 149 173 178 252 313
110 133 207 216 242 245
113 171 277 282 285 292
121 138 204 227 299 335
123 174 215 272 273 289
144 192 219 229 240 253
104 153 176 275 285 307
58 135 219 241 250 302
1 78 79 87 205 350
2 45 82 171 184 321
3 95 117 160 286 319
4 60 235 282 338 348
5 6 178 181 207 295
7 158 186 200 249 299
8 9 134 224 226 262
10 35 37 96 271 298
11 57 106 123 126 195
12 30 76 266 273 342
13 116 157 232 257 294
14 93 252 280 288 320
15 75 237 287 292 340
16 131 151 162 253 293
17 66 103 167 274 303
18 61 105 220 236 335
19 85 159 301 309 341
20 83 109 119 144 161
21 156 190 302 313 327
22 32 197 216 268 329
23 59 128 129 202 317
24 41 53 102 242 326
25 115 145 164 276 331
26 27 38 54 94 310
28 74 88 118 121 187
29 43 138 139 238 264
31 36 90 101 203 330
33 40 108 154 206 229
34 111 142 185 239 337
39 132 173 213 217 277
42 77 136 204 233 261
44 114 163 194 290 312
46 73 112 189 255 315
47 175 192 270 281 324
48 98 169 209 222 345
49 63 70 97 208 333
50 124 127 265 297 346
51 68 191 201 225 260
52 193 223 244 246 279
55 143 215 234 278 349
56 64 125 263 284 307
62 80 113 165 304 325
65 133 188 254 269 306
67 91 100 172 251 332
69 166 182 300 323 336
71 86 140 168 180 243
72 148 152 199 228 259
81 137 153 196 240 248
84 110 230 231 322 347
89 146 170 221 314 339
92 99 107 141 149 212
120 218 256 289 308 328
122 155 177 283 318 344
130 211 245 267 305 343
147 150 241 247 258 316
174 179 198 227 296 311
104 115 183 210 214 334
235 245 259 272 291 310
1 31 88 99 148 281
2 38 165 180 295 303
3 113 159 209 254 278
4 95 240 292 296 326
5 74 125 143 182 318
6 77 214 253 273 313
7 62 63 85 195 288
8 106 267 312 329 345
9 33 122 190 331 334
10 20 92 120 174 316
11 192 201 269 300 337
12 53 60 72 111 137
13 16 56 65 118 322
14 54 206 227 233 349
15 67 89 131 168 348
17 58 108 130 141 223
18 24 91 185 200 342
19 69 73 86 142 246
21 109 124 140 213 347
22 119 147 169 252 325
23 25 79 225 226 274
26 161 186 208 266 311
27 43 128 239 249 280
28 50 102 176 263 323
29 52 80 220 222 228
30 163 211 217 315 321
32 48 194 205 260 286
34 112 162 196 218 305
35 66 75 224 289 346
36 49 134 156 277 344
37 81 101 123 170 276
39 198 282 283 298 328
40 41 44 157 191 319
42 105 199 257 268 287
45 47 149 188 244 275
46 83 202 204 304 336
51 127 167 234 243 291
55 247 272 285 290 338
57 94 133 145 203 333
59 126 160 175 271 339
61 154 241 264 297 350
64 121 150 183 231 279
68 152 207 210 236 265
70 179 238 270 308 317
71 132 250 306 307 330
76 110 177 184 212 258
78 107 153 261 294 301
82 90 96 155 164 215
84 93 103 139 172 189
87 136 146 166 197 332
97 100 173 181 256 341
98 117 171 178 248 262
114 219 230 237 284 327
116 151 158 193 242 320
129 138 144 216 232 302
135 251 309 314 324 340
41 187 255 293 299 337
90 221 229 321 335 343
1 18 53 138 267 319
2 15 60 103 186 275
3 34 74 224 248 249
4 63 73 132 153 221
5 19 25 96 144 194
6 49 57 141 192 242
7 91 94 206 207 346
8 16 127 188 251 264
9 17 107 139 244 283
10 42 277 347 348 350
11 76 80 145 159 330
12 79 119 150 309 317
13 169 202 231 326 329
14 125 204 237 259 303
20 47 77 88 196 245
21 93 122 229 285 324
22 30 123 161 214 339
23 106 124 146 185 318
24 27 32 87 154 269
26 44 56 75 205 257
28 92 218 293 306 338
29 51 115 177 230 307
31 37 48 52 136 320
33 67 157 162 166 212
35 82 135 168 311 334
36 69 143 173 280 284
38 117 164 181 209 342
39 59 105 228 278 297
40 172 176 182 240 344
43 64 111 140 210 232
45 61 68 134 254 255
46 121 155 158 262 316
50 109 226 243 261 349
54 110 175 247 263 336
55 84 167 191 288 325
58 126 131 142 256 295
62 81 130 178 296 328
65 86 201 208 216 286
66 217 270 305 335 340
70 118 128 291 332 345
71 147 170 234 238 287
72 180 187 198 235 260
78 108 225 239 300 310
83 148 222 265 292 302
85 193 197 203 322 327
89 101 174 213 294 341
95 98 252 273 298 331
97 149 163 179 223 343
99 133 160 195 250 279
100 152 183 184 266 272
102 114 211 281 299 304
104 189 227 301 312 313
112 215 236 241 253 323
113 116 190 268 276 333
120 137 200 219 220 233
129 151 156 199 282 289
165 171 258 274 290 315
246 271 276 290 308 314
1 55 75 98 130 182
2 9 42 70 141 234
3 143 163 192 203 222
4 5 40 123 137 189
6 71 145 167 257 315
7 93 185 218 242 287
8 13 94 111 236 245
10 83 223 278 299 341
11 22 121 125 206 270
12 44 162 324 332 350
14 90 151 214 298 316
15 148 183 194 262 313
16 50 72 74 119 200
17 102 177 297 327 329
18 29 128 161 166 252
19 56 62 139 152 156
20 51 135 150 208 261
21 23 45 97 169 342
24 159 196 251 267 304
25 118 212 271 282 294
26 30 116 164 216 296
27 67 76 88 220 288
28 46 138 239 328 334
31 47 73 108 217 306
32 136 157 225 230 256
33 95 115 224 272 347
34 131 187 207 246 321
35 36 105 258 325 343
37 126 147 190 197 233
38 195 204 264 265 283
39 254 263 291 337 346
41 49 52 103 165 247
1 60 120 178 239 297 355 411 470 529 586 644 702 760 819 877 935 993
2 61 121 179 240 298 356 412 471 530 587 645 703 761 820 878 936 994
3 62 122 180 241 299 357 413 472 531 588 646 704 762 821 879 937 995
4 62 123 181 242 300 358 414 473 532 589 643 705 763 822 880 938 996
5 63 124 182 243 301 359 415 474 533 590 647 706 764 823 881 939 996
6 64 125 183 244 302 360 416 475 534 591 643 707 760 823 882 940 997
7 65 126 184 245 303 361 417 476 535 592 648 708 765 824 883 941 998
8 66 127 181 246 304 362 418 477 536 593 649 709 766 825 884 942 999
9 67 128 185 247 305 363 417 474 534 594 650 704 767 825 885 943 994
10 68 129 186 248 306 364 419 473 537 593 651 710 758 826 886 944 1000
4 69 130 187 249 307 365 420 478 538 595 652 704 768 827 887 945 1001
11 70 131 188 247 308 366 421 454 539 596 653 708 769 828 888 946 1002
12 71 132 189 232 309 367 422 479 540 597 654 711 770 829 889 947 999
13 72 127 190 250 262 368 423 480 541 598 655 712 771 830 890 948 1003
11 73 133 180 251 310 369 424 481 542 599 643 713 772 831 891 936 1004
7 74 134 191 252 285 370 425 482 527 590 656 714 773 832 889 942 1005
14 75 132 186 253 311 338 426 483 543 600 657 715 774 833 892 943 1006
15 76 125 192 254 305 371 426 484 531 587 658 716 770 834 893 935 1007
4 77 132 193 236 312 372 427 485 544 601 659 717 775 835 894 939 1008
16 78 135 192 255 313 367 428 486 545 598 660 718 762 836 886 949 1009
17 63 136 194 256 313 373 429 479 528 588 661 719 776 837 895 950 1010
18 79 129 195 239 293 358 430 487 546 602 662 720 775 838 896 951 1001
19 73 137 181 257 314 374 412 466 547 603 644 721 777 839 897 952 1010
20 80 138 191 258 307 375 413 488 548 604 642 722 778 840 893 953 1011
21 68 139 196 259 303 376 431 489 549 599 663 723 779 841 897 939 1012
20 73 140 197 260 315 354 432 490 550 592 662 724 780 842 898 954 1013
22 63 130 198 261 316 368 433 491 546 605 664 725 781 842 899 953 1014
8 81 141 199 247 317 377 434 470 551 606 665 726 782 843 900 955 1015
2 82 124 200 262 318 370 435 478 529 607 666 713 783 844 901 956 1007
23 61 142 201 263 309 374 436 492 552 594 660 727 776 828 902 951 1013
24 83 143 195 246 309 378 437 493 553 606 664 728 784 845 877 957 1016
25 84 137 202 264 319 379 425 494 528 606 667 703 774 838 903 953 1017
18 85 144 203 251 320 368 437 495 554 608 668 709 785 846 885 958 1018
26 85 145 188 265 321 380 432 496 555 609 642 717 786 847 904 937 1019
22 80 146 179 266 299 381 438 497 556 610 669 729 763 826 905 959 1020
27 86 147 204 267 322 382 429 498 557 611 670 711 779 845 906 960 1020
28 64 148 199 268 323 370 439 499 558 608 671 730 787 826 907 957 1021
3 80 119 205 268 317 383 440 500 532 612 656 715 788 842 878 961 1022
29 78 149 206 269 324 354 413 501 533 613 672 731 789 848 908 962 1023
30 68 114 199 261 324 384 441 469 559 609 661 732 790 846 909 963 996
31 78 136 207 270 297 385 442 502 540 607 673 733 791 840 909 933 1024
32 62 150 208 260 325 386 443 479 559 614 674 734 791 849 910 944 994
33 87 151 185 258 301 383 404 458 541 615 675 735 775 844 899 964 0
12 88 138 204 271 326 387 444 470 556 616 676 714 792 850 909 954 1002
27 76 122 185 272 318 386 434 503 560 610 677 736 793 820 911 965 1010
20 89 148 178 261 312 388 428 496 542 617 674 714 767 851 912 966 1015
6 90 146 209 238 327 389 432 504 542 618 678 737 794 852 911 949 1016
21 91 141 210 261 328 364 412 477 561 590 676 738 780 853 903 957 0
34 87 131 206 238 329 376 445 474 529 619 664 739 773 854 906 940 1024
35 92 152 177 248 316 390 446 505 555 620 679 706 795 855 900 967 1005
36 81 153 203 258 291 322 447 503 562 621 661 715 796 856 913 956 1009
20 69 154 211 243 330 356 448 475 563 601 657 740 793 857 901 957 1024
37 65 152 212 250 329 391 447 506 564 601 680 741 762 840 888 935 0
31 93 120 213 263 331 386 449 507 531 595 681 742 786 842 890 968 0
3 94 155 209 236 332 371 384 508 555 622 660 743 797 858 914 969 993
38 95 144 202 273 310 384 450 504 532 611 663 701 762 859 889 954 1008
21 80 156 214 274 327 390 451 509 565 592 670 744 774 827 915 940 0
29 86 129 215 236 333 387 452 475 558 623 682 733 798 818 892 970 0
39 96 156 216 275 333 352 418 502 538 597 683 712 799 839 916 962 0
3 97 135 210 264 295 382 441 475 566 624 684 702 758 822 888 936 0
35 81 157 209 263 323 339 453 510 557 625 685 732 775 834 917 965 0
10 98 135 217 250 334 392 415 511 565 606 683 732 800 860 883 971 1008
25 61 151 177 239 335 359 454 475 544 626 686 745 787 854 883 938 0
40 93 146 208 233 309 393 411 498 562 627 666 746 801 859 918 964 0
41 99 122 215 276 336 371 445 512 567 599 683 744 802 861 889 972 0
25 89 157 183 262 337 378 455 489 568 616 687 710 795 833 905 973 0
42 83 152 218 273 327 359 456 486 567 616 685 720 803 862 891 958 1014
32 100 149 219 267 320 361 440 478 536 626 688 730 801 856 919 965 0
32 101 158 209 277 338 394 430 513 560 628 689 703 802 863 894 960 0
43 66 149 220 230 309 377 424 514 557 629 655 718 804 854 920 974 994
14 79 134 194 264 339 365 413 490 560 598 690 738 766 864 921 975 997
31 79 159 197 273 300 395 457 508 538 609 665 747 774 865 888 976 1005
44 88 130 196 278 325 396 438 502 545 619 661 748 759 851 894 938 1016
36 102 160 194 279 338 392 418 510 529 630 691 729 805 843 881 937 1005
4 102 142 221 267 331 397 423 494 548 590 690 716 791 831 905 954 993
38 94 154 189 278 320 398 458 515 547 600 692 749 763 828 922 945 1014
4 92 138 199 280 296 359 440 516 569 628 672 702 773 849 882 949 0
31 103 161 198 281 340 360 415 483 537 631 668 750 794 819 923 977 0
13 79 141 205 238 341 352 450 517 569 632 693 714 806 819 897 946 0
45 104 161 222 282 301 355 452 491 531 624 667 711 769 860 901 945 0
8 105 162 223 244 295 389 459 482 531 633 682 751 761 866 907 971 0
29 70 148 213 264 327 398 443 517 562 634 688 745 771 820 924 959 0
3 84 145 197 279 318 351 455 518 564 635 657 744 781 836 912 978 1000
46 95 163 198 257 325 370 426 490 570 610 672 740 803 867 925 969 0
15 106 161 186 275 318 385 410 515 561 615 647 701 807 835 883 979 0
47 84 164 224 281 328 363 453 500 549 621 694 705 808 864 894 972 0
8 96 122 187 255 342 396 426 474 555 626 645 707 771 819 926 953 0
15 95 118 207 274 335 361 427 519 528 636 689 707 798 843 877 949 1014
21 76 165 194 262 343 399 439 517 553 635 689 742 769 868 891 980 0
3 103 128 225 248 338 395 460 477 571 589 652 720 792 845 924 934 1003
27 66 133 217 269 308 400 446 487 564 608 645 735 802 862 893 941 0
2 101 139 226 270 329 354 446 472 572 605 694 722 798 869 886 955 0
40 87 166 227 259 296 378 428 518 558 613 695 750 809 830 925 950 998
45 62 167 228 283 313 359 439 481 568 630 658 739 798 842 915 941 999
39 107 125 166 239 332 387 449 514 563 637 678 734 795 821 880 981 1018
48 105 151 219 272 325 328 452 494 573 607 696 722 766 826 924 939 0
24 108 153 180 243 344 372 423 504 536 627 693 742 810 854 927 982 1010
49 109 153 198 271 296 401 418 480 574 638 667 707 783 853 928 981 993
33 110 140 184 256 323 391 449 483 575 587 667 717 792 869 877 983 0
21 99 147 212 257 312 397 405 482 566 632 697 705 766 862 927 984 0
9 109 150 213 266 332 368 451 469 576 624 649 713 801 845 907 980 0
50 111 168 182 269 342 402 438 473 562 639 674 743 785 840 900 985 1006
17 88 169 177 252 318 392 461 506 541 593 660 752 811 833 925 936 1024
24 74 130 207 284 345 403 459 500 550 625 695 708 796 817 875 986 0
37 89 123 214 247 338 357 393 520 550 599 677 753 786 834 910 962 1020
27 107 157 189 285 336 359 427 490 574 605 682 754 769 827 884 952 0
38 96 142 222 277 307 392 422 470 577 639 698 731 786 869 923 943 0
32 107 160 223 286 310 372 436 484 530 636 669 738 786 846 892 977 1016
11 64 132 191 237 337 381 418 503 551 640 662 740 779 836 895 967 0
39 78 155 201 279 341 404 439 509 566 628 699 720 812 867 922 968 0
42 96 137 198 237 346 400 442 482 532 585 686 718 808 847 888 964 999
7 112 116 204 266 346 392 439 521 546 629 679 710 770 851 904 987 0
19 113 128 201 254 308 388 451 514 546 619 656 728 813 860 879 988 0
47 106 158 185 287 321 405 436 505 578 595 692 747 784 850 929 985 0
41 114 158 229 254 333 363 462 488 571 636 681 754 810 841 875 956 1018
32 88 141 202 235 313 350 414 497 544 609 678 753 772 829 930 988 1013
41 97 168 202 280 298 362 424 484 489 491 662 727 771 821 928 961 0
2 115 128 227 269 346 382 410 496 578 588 696 740 777 843 889 974 1012
40 94 168 183 277 317 380 460 492 578 638 648 753 808 836 896 946 1005
30 75 137 205 251 263 355 430 503 577 619 648 750 781 870 886 989 0
19 87 162 173 277 340 397 448 522 579 621 677 747 814 843 918 966 1001
28 76 169 230 283 337 380 442 478 572 589 690 731 800 871 885 950 0
51 101 134 190 282 312 391 450 486 549 641 668 743 815 827 907 951 996
48 102 126 231 240 299 383 422 474 549 604 665 755 804 855 895 952 0
11 105 155 200 282 322 398 413 479 576 594 644 735 795 859 881 948 1001
44 92 155 229 264 329 400 416 493 561 604 691 711 764 827 916 970 1021
41 65 124 232 268 340 366 428 502 552 639 663 729 806 855 913 942 0
41 85 170 204 248 300 378 459 487 534 600 674 739 766 839 899 974 1007
16 67 124 205 252 347 406 462 513 580 584 668 735 778 839 931 990 0
52 100 131 183 281 348 374 450 522 571 609 695 725 804 872 892 971 993
9 61 135 182 281 324 353 420 485 574 614 662 738 797 832 891 970 1019
51 110 167 179 288 302 401 422 469 538 588 655 722 764 848 921 938 0
13 105 168 226 271 319 364 456 485 551 586 688 705 812 861 915 983 0
1 85 171 233 264 341 399 461 523 573 623 654 753 790 825 906 965 0
18 66 124 208 287 341 407 440 493 568 633 684 712 774 818 932 959 1009
35 70 135 181 274 320 399 416 472 546 595 650 746 782 849 926 957 1017
27 113 121 193 289 315 352 463 524 572 623 664 742 770 866 888 989 996
22 79 172 224 265 334 389 436 495 571 619 672 703 814 844 931 935 1015
45 74 127 216 290 332 408 460 510 573 585 680 724 784 844 925 943 1008
29 112 159 182 291 310 386 416 465 550 635 693 712 765 864 895 964 0
42 97 166 234 252 343 384 448 473 560 641 659 751 776 869 892 940 994
46 108 173 217 275 305 379 431 483 578 626 656 726 762 847 894 970 0
7 100 145 187 259 349 404 460 512 553 623 666 705 789 858 881 960 995
43 72 160 215 289 349 386 413 499 504 617 700 713 816 836 931 939 0
49 72 131 201 265 331 357 441 448 578 597 698 737 806 841 915 945 997
24 61 138 233 260 346 362 430 518 566 607 671 716 768 868 926 952 0
6 115 140 210 263 321 375 463 469 522 617 682 731 765 873 896 975 1021
53 93 163 230 250 350 384 463 487 536 616 691 715 778 865 877 978 1004
26 75 155 227 276 334 409 454 471 581 636 647 756 811 869 911 982 0
48 63 174 229 259 302 354 426 515 536 586 679 720 791 873 918 946 1009
5 62 148 203 259 345 374 461 487 543 595 665 757 805 832 930 990 1003
46 70 122 190 292 306 353 403 481 548 639 687 711 768 865 919 984 1008
33 97 136 228 254 319 397 446 520 569 629 676 709 817 866 923 938 0
11 99 171 218 281 297 404 423 497 558 593 687 727 783 846 917 953 0
37 108 117 197 240 304 377 458 479 512 610 646 727 799 871 924 966 0
22 113 166 211 283 311 407 456 522 533 598 674 730 807 837 906 990 1008
45 89 160 205 275 325 409 433 525 582 625 698 705 764 829 909 958 1017
13 114 120 220 281 311 401 464 526 540 601 643 749 803 824 930 966 0
8 90 175 229 288 305 403 449 487 541 631 671 719 777 835 879 945 1011
26 104 174 181 266 330 408 450 503 582 591 653 722 776 821 916 983 0
52 69 169 203 292 346 355 424 488 561 633 689 733 765 836 898 951 1007
16 72 167 221 224 311 405 415 510 523 587 673 723 810 832 904 958 1002
54 82 162 211 242 328 388 434 484 554 600 686 744 772 850 902 982 995
55 85 156 209 276 307 379 465 486 531 620 672 755 767 841 924 961 1013
14 91 133 183 284 327 358 444 462 579 588 653 730 767 860 878 991 1024
54 77 176 178 285 341 408 432 489 572 627 679 758 793 863 926 958 1007
50 68 151 180 245 300 355 439 523 569 596 669 754 764 833 913 969 997
48 116 144 196 246 336 403 460 507 580 602 677 715 767 864 891 959 0
15 89 121 187 273 322 362 441 476 554 618 673 750 787 853 896 947 1010
25 63 149 191 292 333 402 437 507 532 594 666 741 780 868 907 975 0
33 86 137 230 241 302 402 431 501 565 598 687 713 813 820 928 991 0
50 92 164 215 260 345 396 454 485 546 615 642 731 792 862 925 963 0
30 70 170 208 258 351 400 465 505 558 638 676 751 811 848 927 960 0
6 84 142 207 247 276 406 449 491 582 585 656 740 815 874 886 980 0
48 94 134 206 268 305 369 411 518 556 630 687 736 803 852 916 968 0
44 73 166 219 262 349 392 443 503 566 596 646 744 794 817 900 963 0
49 98 162 225 276 335 367 425 513 575 611 673 700 780 871 922 956 1006
9 110 172 229 267 330 373 435 492 556 617 697 747 811 823 928 971 0
35 109 147 202 275 351 380 430 523 541 622 672 733 793 874 920 982 0
56 72 147 222 251 348 370 459 501 572 634 659 701 782 864 878 976 0
49 104 139 197 256 284 398 412 501 571 606 690 718 790 823 927 961 0
48 76 146 235 293 347 366 466 505 581 634 670 710 796 863 881 963 993
26 96 167 194 294 326 389 457 494 570 617 651 745 790 875 918 984 1004
57 92 161 188 255 352 371 433 476 492 621 675 734 784 820 922 984 0
25 112 162 212 249 338 363 467 508 539 615 678 742 796 847 893 952 998
32 83 165 188 268 296 331 453 509 580 615 692 751 804 824 898 936 0
50 71 172 203 240 301 400 430 464 527 632 688 713 800 843 933 976 1019
5 117 165 177 253 322 369 466 501 539 631 662 743 770 861 911 942 0
15 67 174 189 250 319 377 443 509 555 632 671 733 802 851 925 986 996
29 80 127 177 267 312 404 467 523 538 603 645 746 808 837 885 988 1021
6 86 154 171 292 334 410 414 483 549 603 680 709 810 856 909 969 0
29 102 143 189 265 350 407 454 507 537 587 683 734 816 852 887 940 995
47 113 175 196 291 294 387 458 510 564 632 666 707 794 857 930 979 0
17 111 122 221 290 329 398 422 496 557 598 648 701 787 850 903 939 1004
18 77 165 228 276 351 382 433 524 583 600 690 759 799 827 883 983 1022
55 82 163 219 273 317 400 438 480 582 601 647 724 809 866 904 949 1011
1 102 152 185 244 337 384 465 526 547 621 669 728 810 838 926 979 1021
19 91 144 236 252 331 353 455 480 542 589 695 736 788 874 908 976 0
58 60 172 236 262 303 385 440 486 547 630 651 756 770 865 910 990 0
18 87 164 216 292 344 377 442 525 581 591 654 754 793 824 893 989 1005
22 101 151 232 257 290 388 444 526 577 611 658 747 773 856 887 972 0
57 75 143 190 254 298 408 434 490 544 642 646 752 785 839 912 947 0
26 59 172 206 289 306 394 455 500 573 626 675 740 783 845 915 979 995
36 106 137 193 295 336 373 468 473 557 634 676 731 814 849 912 948 1022
54 116 169 209 250 314 356 455 519 575 614 692 728 785 819 903 954 0
35 118 159 179 271 311 354 445 518 547 637 696 719 794 846 890 941 1001
43 91 161 227 286 335 375 453 525 545 597 644 757 812 823 919 941 1019
39 110 170 231 285 343 389 461 480 583 614 643 756 777 854 898 972 1009
28 87 130 186 240 310 382 432 507 540 614 697 746 806 853 879 961 0
47 71 150 222 269 314 399 418 506 552 619 646 714 780 875 919 964 0
56 110 139 235 265 317 375 444 471 474 620 673 729 769 872 902 985 0
51 103 165 233 249 333 356 464 504 568 593 665 724 808 869 922 958 1012
12 97 173 224 245 339 407 428 525 544 623 687 704 781 848 895 980 0
38 113 177 223 270 304 402 420 491 553 629 647 726 788 875 882 951 1003
38 64 120 181 231 318 382 467 509 542 638 673 717 815 858 924 987 0
51 98 125 180 280 301 393 447 493 529 618 659 745 812 838 931 972 1013
22 81 126 225 249 347 360 423 527 582 609 691 719 761 848 902 973 1016
34 95 170 214 283 347 388 443 502 553 590 655 736 768 870 904 955 998
25 114 119 221 278 351 394 414 512 530 611 693 725 816 818 929 989 0
59 61 175 220 285 345 410 428 508 533 586 650 759 790 834 901 989 1014
14 98 164 226 267 304 356 366 499 540 620 685 751 762 868 934 938 0
19 65 119 228 255 334 399 468 482 539 637 685 757 807 853 901 978 995
50 95 127 225 288 321 394 466 494 534 625 699 755 806 857 892 982 1000
53 96 117 226 242 316 376 440 515 578 634 655 758 787 825 905 937 1018
2 92 173 214 251 304 358 449 508 556 612 657 708 780 856 897 977 1017
45 82 131 229 291 346 395 423 512 575 637 651 741 803 825 897 967 0
43 94 140 234 270 326 378 412 505 567 593 678 716 814 874 890 986 0
44 112 167 210 268 347 391 464 519 576 618 700 708 805 865 901 962 0
58 95 133 233 294 301 364 453 470 583 585 658 748 816 846 934 950 0
5 91 146 216 245 310 410 420 482 558 641 658 744 760 867 929 956 1017
55 98 150 178 234 342 372 431 491 550 591 670 737 777 867 918 947 0
17 106 140 201 249 344 394 438 477 569 630 683 758 782 829 931 964 0
51 66 154 214 291 313 380 419 495 548 624 699 723 775 849 890 989 1021
1 101 163 215 274 323 393 435 515 563 633 653 726 779 858 913 975 994
8 60 170 189 296 316 405 432 493 564 591 696 732 801 822 876 976 0
9 77 163 180 238 303 378 434 501 584 621 645 719 788 834 919 987 999
45 99 169 195 258 299 379 457 513 565 586 694 717 801 831 929 948 0
15 85 162 237 286 299 373 431 516 526 637 683 759 760 844 920 975 0
57 99 159 226 231 314 393 469 517 535 625 667 704 803 847 899 977 1015
54 106 138 206 290 340 393 464 492 574 635 699 706 816 866 880 963 0
53 72 132 182 270 300 403 419 514 549 622 688 746 818 873 917 987 0
4 93 139 217 287 337 408 441 522 563 588 654 721 812 840 930 940 998
44 67 126 230 277 320 364 411 457 528 597 699 716 771 864 913 967 0
56 83 121 230 278 280 355 436 525 535 599 697 710 785 857 911 943 0
53 68 157 188 234 295 360 445 488 576 606 671 743 812 872 876 949 999
30 103 144 184 226 289 297 422 478 561 637 645 737 773 857 894 992 1019
33 60 161 196 242 308 361 437 471 534 627 691 738 781 873 914 968 1024
20 107 144 221 238 282 358 458 500 560 599 681 726 768 866 928 937 0
56 64 136 233 266 328 367 445 481 564 626 644 755 810 824 899 937 0
52 111 150 210 246 311 390 427 502 529 616 658 732 789 818 921 983 0
57 116 148 225 294 343 385 419 479 584 613 669 739 782 862 932 942 1011
34 112 158 218 241 304 372 466 523 551 605 686 757 811 830 896 981 1007
28 103 174 234 286 312 387 447 481 579 624 660 756 816 832 882 987 0
46 104 176 182 248 331 409 421 488 535 587 668 757 784 861 879 965 1023
10 60 156 218 269 302 375 447 512 550 580 684 734 805 851 933 965 0
7 71 133 221 270 317 365 468 497 573 630 663 721 795 870 927 970 1017
39 65 175 186 241 320 337 464 485 570 638 691 722 767 829 910 954 997
40 67 114 223 257 345 369 435 477 583 596 659 710 806 873 922 991 1020
43 82 118 203 235 344 409 417 515 559 613 684 727 773 865 876 948 0
27 104 148 224 249 340 381 445 476 553 633 649 721 799 856 903 976 0
57 84 156 223 282 306 396 417 471 533 610 700 701 800 849 923 967 1009
39 63 118 188 278 314 405 452 460 554 592 695 754 800 825 928 966 1004
6 88 143 220 251 303 367 415 480 561 636 652 715 791 859 900 968 1023
20 109 136 175 277 341 360 437 506 565 602 696 736 798 844 917 942 1022
50 107 171 187 293 330 376 451 520 543 590 650 737 761 855 919 978 1022
10 88 159 185 237 349 391 468 510 540 631 698 730 796 828 898 984 0
9 105 154 195 253 352 407 455 496 552 628 679 746 765 872 884 935 1011
24 94 147 192 242 336 395 415 499 583 610 654 755 761 838 910 988 0
17 75 147 178 245 308 374 435 505 562 612 689 739 797 861 887 953 0
36 64 150 211 248 333 408 436 485 545 631 663 708 763 852 920 973 1001
1 73 157 192 288 326 377 462 476 544 589 657 748 783 826 916 992 1012
36 59 139 192 253 330 402 454 511 528 635 669 753 815 876 914 984 1018
13 106 126 214 284 298 371 463 472 499 639 649 725 815 828 882 981 0
12 117 134 208 261 329 410 463 516 538 611 685 748 789 833 897 991 0
47 69 163 204 279 302 364 425 484 573 620 659 712 797 817 911 936 0
59 91 152 187 283 315 398 466 516 570 602 693 734 769 841 907 988 992
18 111 157 198 231 349 385 425 526 567 594 663 742 813 848 906 944 0
58 109 160 232 272 334 365 458 516 567 591 686 752 778 858 879 962 1000
53 84 153 206 284 314 388 467 527 557 640 650 726 763 857 918 983 0
52 117 174 220 272 307 366 456 484 563 584 692 714 800 830 899 960 0
55 70 126 227 243 315 373 425 511 534 632 698 741 779 852 877 985 0
31 59 127 219 293 342 363 419 509 530 623 652 711 813 822 908 990 1012
12 118 176 212 279 349 365 465 527 541 607 701 702 772 871 908 943 1022
12 59 123 223 243 323 381 421 524 569 622 656 750 804 859 929 960 0
52 78 146 212 280 326 406 448 524 552 604 700 717 813 817 914 950 0
37 103 143 191 287 327 372 468 521 570 613 675 716 761 821 903 972 0
23 86 118 190 289 307 406 446 489 579 635 665 749 775 831 910 975 998
44 108 170 193 293 353 381 453 513 539 642 697 723 776 830 883 969 1014
19 90 168 178 265 292 390 421 498 545 629 694 752 815 870 905 990 0
34 69 120 232 256 295 395 469 472 574 585 679 728 804 850 914 991 992
51 71 152 201 242 347 379 429 521 530 617 681 733 799 876 913 974 1023
56 80 158 200 234 336 356 417 495 537 627 653 725 813 831 880 978 0
14 67 145 176 246 303 379 452 519 563 640 646 739 777 832 933 955 0
43 112 123 195 285 316 348 456 498 566 640 681 707 785 829 923 980 1012
58 83 128 231 253 313 361 441 521 537 608 700 745 793 823 878 970 0
21 108 120 225 291 319 383 462 471 570 634 698 721 759 874 880 971 1013
5 115 131 193 288 350 362 429 493 560 629 667 756 794 855 917 962 1006
16 99 130 213 244 315 385 417 498 581 622 680 747 798 826 908 981 1003
57 66 151 236 256 350 370 457 470 543 594 652 732 814 824 933 985 1000
36 100 124 207 255 332 389 424 490 547 589 686 723 760 863 887 977 0
26 119 125 208 218 298 365 461 488 556 597 670 718 809 835 923 986 0
58 78 123 164 237 295 368 412 527 577 596 696 724 818 837 931 978 0
42 76 176 184 278 339 397 424 496 533 595 678 741 797 833 878 948 0
54 68 167 207 272 323 390 414 495 536 612 650 727 768 860 912 985 1011
23 73 158 216 271 345 368 409 499 584 612 693 706 808 872 904 973 0
54 97 133 213 279 293 361 459 526 532 639 677 703 779 861 921 955 1016
7 115 164 211 289 353 371 437 519 580 612 688 729 817 859 921 956 0
14 107 153 228 266 335 396 435 495 565 628 654 749 789 870 920 992 0
28 109 145 190 239 315 402 443 513 554 643 661 757 799 835 932 946 0
56 111 134 227 287 306 357 457 492 580 604 680 752 772 842 876 977 0
38 77 149 224 253 332 376 416 522 530 603 676 728 778 874 898 959 0
16 101 153 220 273 308 409 426 497 537 592 690 741 782 850 884 986 0
42 69 129 179 247 316 386 431 514 568 615 680 743 811 837 882 986 1004
35 74 125 193 258 340 376 467 528 576 641 648 738 807 868 932 992 0
30 100 154 216 288 299 391 427 489 535 602 681 735 787 851 902 991 997
49 65 171 179 246 348 387 394 511 559 633 697 706 796 873 886 966 1003
58 114 169 197 274 342 360 468 524 543 605 684 729 802 839 920 946 0
30 90 123 222 280 321 369 429 472 551 614 664 712 783 871 881 952 0
23 116 141 186 243 348 383 427 516 545 641 684 730 797 821 909 935 0
46 110 116 183 232 324 406 463 508 581 640 651 720 807 830 930 957 0
55 83 173 205 256 322 396 421 518 581 627 674 709 802 820 902 934 1019
33 100 143 217 261 351 399 429 514 572 616 649 755 763 867 889 979 0
34 75 135 196 260 343 381 462 520 582 618 699 749 765 863 900 987 0
46 79 142 192 272 297 362 451 506 574 625 652 758 790 852 932 950 1002
24 90 159 200 283 296 404 433 494 577 608 685 706 805 860 896 969 1020
28 82 142 218 245 350 405 419 520 576 628 694 736 792 840 880 947 0
41 81 140 222 239 324 401 442 451 539 608 677 704 788 837 929 979 1006
40 104 175 210 237 297 358 416 521 543 601 664 748 766 870 908 971 1015
53 74 128 212 260 344 390 411 517 551 596 661 735 786 838 884 947 1006
13 62 121 191 275 321 363 447 520 567 603 648 724 788 845 921 945 0
47 108 171 199 252 339 374 456 481 519 583 651 719 774 841 885 981 0
37 86 168 194 284 325 367 434 497 552 622 647 737 760 862 926 974 1002
10 89 155 184 257 342 401 411 506 548 607 695 703 807 854 915 988 0
11 93 174 228 271 324 352 452 483 585 641 649 702 809 875 885 959 1015
31 115 160 199 241 328 407 450 476 575 602 670 754 814 834 934 973 0
23 111 149 184 244 294 300 421 517 559 631 692 753 809 863 912 968 0
37 77 166 235 263 306 369 459 498 579 618 657 702 764 847 887 933 1023
23 98 136 195 259 305 375 420 521 554 603 653 756 795 822 914 955 0
49 102 141 200 286 290 353 442 475 562 605 675 749 792 868 916 951 0
5 60 138 219 254 339 380 448 507 559 600 668 718 771 831 932 973 0
42 115 172 217 282 335 383 444 524 555 592 666 723 772 835 927 980 1000
1 74 173 235 241 330 401 420 473 535 640 682 752 809 828 893 961 1010
10 113 145 238 274 309 373 465 478 568 586 675 750 778 872 934 982 1020
40 71 129 200 255 354 403 438 511 584 604 655 751 781 871 906 963 0
55 117 129 202 244 326 357 467 525 579 636 694 721 776 853 884 974 0
2 119 132 213 294 344 406 444 486 571 642 671 709 805 855 905 941 1023
16 90 165 204 290 298 397 414 477 575 624 682 745 789 867 895 944 1018
17 93 156 211 240 348 366 446 504 548 638 644 759 784 822 891 944 0
34 81 121 176 286 319 357 461 500 577 613 689 725 791 858 890 967 0
52 105 119 215 287 343 395 433 511 542 620 660 748 801 819 917 944 1002
