1024 250
3 14
3 3 3 3 3 3 3 3 3 3 3 3 3 3 3 3 3 3 3 3 3 3 3 3 3 3 3 3 3 3 3 3 3 3 3 3 3 3 3 3 3 3 3 3 3 3 3 3 3 3 3 3 3 3 3 3 3 3 3 3 3 3 3 3 3 3 3 3 3 3 3 3 3 3 3 3 3 3 3 3 3 3 3 3 3 3 3 3 3 3 3 3 3 3 3 3 3 3 3 3 3 3 3 3 3 3 3 3 3 3 3 3 3 3 3 3 3 3 3 3 3 3 3 3 3 3 3 3 3 3 3 3 3 3 3 3 3 3 3 3 3 3 3 3 3 3 3 3 3 3 3 3 3 3 3 3 3 3 3 3 3 3 3 3 3 3 3 3 3 3 3 3 3 3 3 3 3 3 3 3 3 3 3 3 3 3 3 3 3 3 3 3 3 3 3 3 3 3 3 3 3 3 3 3 3 3 3 3 3 3 3 3 3 3 3 3 3 3 3 3 3 3 3 3 3 3 3 3 3 3 3 3 3 3 3 3 3 3 3 3 3 3 3 3 3 3 3 3 3 3 3 3 3 3 3 3 3 3 3 3 3 3 3 3 3 3 3 3 3 3 3 3 3 3 3 3 3 3 3 3 3 3 3 3 3 3 3 3 3 3 3 3 3 3 3 3 3 3 3 3 3 3 3 3 3 3 3 3 3 3 3 3 3 3 3 3 3 3 3 3 3 3 3 3 3 3 3 3 3 3 3 3 3 3 3 3 3 3 3 3 3 3 3 3 3 3 3 3 3 3 3 3 3 3 3 3 3 3 3 3 3 3 3 3 3 3 3 3 3 3 3 3 3 3 3 3 3 3 3 3 3 3 3 3 3 3 3 3 3 3 3 3 3 3 3 3 3 3 3 3 3 3 3 3 3 3 3 3 3 3 3 3 3 3 3 3 3 3 3 3 3 3 3 3 3 3 3 3 3 3 3 3 3 3 3 3 3 3 3 3 3 3 3 3 3 3 3 3 3 3 3 3 3 3 3 3 3 3 3 3 3 3 3 3 3 3 3 3 3 3 3 3 3 3 3 3 3 3 3 3 3 3 3 3 3 3 3 3 3 3 3 3 3 3 3 3 3 3 3 3 3 3 3 3 3 3 3 3 3 3 3 3 3 3 3 3 3 3 3 3 3 3 3 3 3 3 3 3 3 3 3 3 3 3 3 3 3 3 3 3 3 3 3 3 3 3 3 3 3 3 3 3 3 3 3 3 3 3 3 3 3 3 3 3 3 3 3 3 3 3 3 3 3 3 3 3 3 3 3 3 3 3 3 3 3 3 3 3 3 3 3 3 3 3 3 3 3 3 3 3 3 3 3 3 3 3 3 3 3 3 3 3 3 3 3 3 3 3 3 3 3 3 3 3 3 3 3 3 3 3 3 3 3 3 3 3 3 3 3 3 3 3 3 3 3 3 3 3 3 3 3 3 3 3 3 3 3 3 3 3 3 3 3 3 3 3 3 3 3 3 3 3 3 3 3 3 3 3 3 3 3 3 3 3 3 3 3 3 3 3 3 3 3 3 3 3 3 3 3 3 3 3 3 3 3 3 3 3 3 3 3 3 3 3 3 3 3 3 3 3 3 3 3 3 3 3 3 3 3 3 3 3 3 3 3 3 3 3 3 3 3 3 3 3 3 3 3 3 3 3 3 3 3 3 3 3 3 3 3 3 3 3 3 3 3 3 3 3 3 3 3 3 3 3 3 3 3 3 3 3 3 3 3 3 3 3 3 3 3 3 3 3 3 3 3 3 3 3 3 3 3 3 3 3 3 3 3 3 3 3 3 3 3 3 3 3 3 3 3 3 3 3 3 3 3 3 3 3 3 3 3 3 3 3 3 3 3 3 3 3 3 3 3 3 3 3 3 3 3 3 3 3 3 3 3 3 3 3 3 3 3 3 3 3 3 3 3 3 3 3 3 3 3 3 3 3 3 3 3 3 3 3 3 3 3 3 3 3 3 3 3 3 3 3 3 3 3 3 3 3 3 3 3 3 3 3 3 3 3 3 3 3 3 3 3 3 3 3 3 3 3 3 3 3 3 3 3 3 3 3 3 3 3 3 3 3 3 3 3 3 3 3 3 3 3 3 3 3 3 3 3 3 3 3 3 3 3 3 3 3 3 3 3 3 3 3 3 3 3 3 3 3 3 3 3 3 3 3 3 3 3 3 3 3 3 3 3 3 3 3 3 3 3 3 3 3 3 3 3 3 3 3 3 3 3 3 3 3 3 3 3 3 3 3 3 3 3 3 3 3 3 3 3 3
13 13 13 13 13 13 14 13 13 14 13 13 13 14 13 12 12 12 12 12 12 12 12 13 12 12 12 12 13 12 12 12 12 12 12 13 13 12 13 12 12 12 13 13 14 12 13 12 12 12 12 12 12 14 12 12 12 12 12 12 13 12 13 12 12 12 12 12 12 12 12 12 12 13 12 12 12 12 12 12 12 12 12 12 12 13 13 12 13 12 12 12 12 12 12 12 12 12 12 12 12 13 12 12 12 12 12 12 12 12 13 12 12 12 12 12 12 13 12 12 12 13 13 12 13 13 13 12 13 13 14 12 12 12 13 13 13 12 12 12 12 12 12 12 12 13 12 12 12 12 13 13 12 12 12 12 12 12 13 12 12 12 13 12 12 12 12 12 12 13 12 12 13 12 12 12 12 12 12 12 12 12 12 13 12 12 12 12 12 12 12 12 12 13 12 13 12 12 12 12 13 12 12 13 13 13 13 12 12 12 12 12 12 12 12 12 12 12 12 13 12 13 12 12 12 12 12 12 12 12 12 12 12 12 13 13 12 12 12 12 13 12 12 12 12 12 12 13 12 12
1 96 141
2 194 245
3 85 168
4 23 162
5 68 247
6 31 67
7 47 63
8 19 45
9 14 59
10 62 176
11 114 243
12 169 213
13 130 139
15 42 112
16 143 191
17 24 110
18 91 188
20 122 222
21 35 174
22 74 76
25 106 197
26 86 137
27 177 198
28 61 189
29 239 246
30 94 123
32 34 105
33 161 238
36 202 208
37 54 209
38 128 236
39 115 203
40 81 215
41 78 134
43 171 224
44 87 138
46 90 152
48 117 182
49 219 248
50 136 227
51 155 201
52 101 180
53 206 249
55 60 124
56 157 159
57 111 216
58 160 178
64 75 119
65 66 82
69 193 204
70 109 221
71 84 92
72 107 135
73 79 167
77 148 183
80 228 241
83 217 232
88 146 242
89 207 234
93 125 126
95 156 184
97 108 113
98 154 170
99 172 226
100 151 181
102 149 212
103 132 140
104 118 211
116 230 237
120 153 190
121 131 144
127 166 192
129 164 195
133 186 218
142 235 240
145 158 225
147 150 173
163 200 250
165 179 187
175 185 199
196 210 220
205 231 244
214 223 233
165 195 229
1 228 249
2 10 98
3 119 220
4 20 66
5 117 178
6 181 208
7 39 196
8 239 240
9 82 131
11 23 132
12 42 219
13 43 172
14 34 180
15 125 173
16 31 245
17 53 234
18 49 60
19 61 232
21 52 244
22 48 215
24 64 224
25 70 177
26 148 207
27 54 124
28 159 199
29 101 143
30 141 154
32 40 90
33 68 72
35 184 227
36 84 230
37 127 176
38 51 112
41 118 238
44 93 113
45 69 88
46 129 225
47 73 250
50 102 120
55 111 218
56 167 223
57 200 211
58 77 97
59 85 201
62 140 179
63 92 212
65 78 80
67 99 107
71 87 162
74 185 221
75 158 197
76 116 236
79 169 170
81 123 139
83 137 187
86 186 190
89 100 233
91 122 204
94 136 242
95 145 161
96 217 237
103 171 231
104 142 150
105 126 209
106 243 246
108 121 146
109 144 151
110 247 248
114 155 216
115 135 166
128 156 183
130 134 198
133 152 194
138 168 189
147 174 229
149 160 191
153 213 226
157 205 241
163 182 222
164 175 203
188 214 229
192 206 235
2 193 210
104 171 202
1 111 113
3 35 48
4 94 207
5 177 187
6 54 227
7 112 198
8 65 213
9 62 212
10 28 183
11 33 79
12 36 46
13 138 233
14 96 107
15 122 143
16 53 74
17 105 250
18 59 185
19 24 133
20 158 192
21 109 170
22 69 132
23 164 209
25 93 102
26 118 220
27 56 240
29 139 230
30 38 64
31 87 205
32 142 156
34 71 190
37 116 241
39 40 108
41 50 91
42 95 140
43 146 217
44 76 248
45 100 160
47 189 225
49 148 246
51 120 206
52 55 197
57 82 90
58 129 201
60 172 178
61 114 147
63 228 247
66 174 245
67 75 199
68 121 128
70 99 152
72 84 125
73 176 242
77 222 244
78 165 191
80 163 221
81 86 159
83 169 192
85 115 202
88 150 197
89 135 184
92 215 224
97 194 238
98 117 173
101 203 232
103 144 153
106 181 200
21 110 130
119 131 167
123 124 161
126 220 226
127 141 243
134 186 208
136 157 196
137 204 216
145 210 239
149 218 236
151 162 249
154 195 211
155 223 237
110 166 193
168 194 235
175 216 231
55 179 234
136 180 219
182 190 214
8 72 188
1 12 48
2 167 171
3 70 191
4 19 85
5 94 175
6 155 212
7 141 214
9 139 150
10 162 198
11 180 208
13 20 105
14 145 224
15 73 133
16 140 146
17 18 237
22 27 201
23 56 149
24 157 165
25 33 215
26 138 228
28 78 126
29 89 113
30 62 239
31 164 169
32 187 238
34 160 189
35 53 203
36 69 183
37 144 222
38 163 172
39 60 132
40 119 219
41 74 127
42 77 211
43 82 234
44 117 131
45 49 206
46 122 135
47 86 109
50 98 111
51 52 118
54 185 210
57 176 178
58 87 232
59 200 213
61 107 124
63 174 246
64 129 134
65 101 236
66 100 154
67 76 142
68 143 209
71 147 196
75 80 97
79 90 249
81 96 245
83 125 181
84 218 221
88 153 161
87 91 128
92 235 242
93 115 240
95 99 241
102 123 250
103 158 188
104 152 182
106 121 157
108 173 225
112 217 227
114 226 248
116 168 170
120 230 247
130 156 243
137 184 197
148 166 177
151 179 199
113 159 193
150 186 205
139 195 204
16 202 233
40 207 229
215 223 244
38 135 231
1 20 165
2 94 181
3 10 188
4 25 42
5 213 223
6 8 77
7 169 218
9 39 41
11 222 234
12 61 121
13 50 199
14 26 98
15 138 153
17 70 147
18 95 101
19 57 109
21 46 126
22 82 125
23 75 230
24 54 117
27 91 226
28 79 201
29 163 187
30 34 241
31 49 224
32 144 155
33 62 232
35 56 238
36 44 179
37 225 245
43 127 149
45 134 250
47 65 202
48 73 148
51 191 193
52 108 162
53 107 186
55 68 85
58 123 220
59 146 152
60 194 195
63 74 119
64 114 143
66 120 156
21 67 160
69 170 212
71 78 184
72 104 136
20 76 86
80 102 204
81 128 239
83 99 159
84 207 240
88 209 211
89 176 205
90 210 233
92 100 124
93 154 185
45 96 175
97 132 190
103 130 227
105 140 244
106 122 235
110 161 229
111 177 189
112 142 167
115 151 158
116 118 173
129 153 246
131 137 141
133 228 243
145 168 178
164 182 236
166 171 180
172 216 249
172 174 208
43 183 196
117 192 237
198 222 242
200 203 219
9 206 221
214 232 248
195 217 247
49 230 231
1 87 171
2 105 248
3 71 243
4 7 226
5 119 186
6 115 141
8 13 46
10 67 207
11 137 185
12 41 234
14 56 109
15 104 175
16 111 215
17 97 154
18 157 189
19 40 184
22 30 133
23 121 163
24 142 246
25 39 116
26 92 140
27 231 245
28 91 247
29 79 146
31 80 118
32 204 218
33 210 211
34 77 152
35 68 90
36 37 78
38 74 88
42 82 168
44 139 242
47 156 244
48 95 199
50 169 183
51 75 176
52 131 240
53 167 239
54 113 147
55 203 241
57 96 198
58 213 229
59 69 158
60 93 223
61 125 228
62 122 224
63 192 227
64 83 174
65 123 205
66 112 250
70 128 181
72 81 110
73 155 197
76 94 144
84 178 209
85 120 219
86 103 177
89 173 194
98 132 165
99 138 151
100 182 201
101 124 134
102 114 179
106 188 193
107 126 202
108 135 200
127 145 159
129 136 206
130 191 235
143 166 170
148 221 225
149 220 249
150 162 237
137 160 161
164 187 196
180 212 233
190 216 217
208 236 238
54 66 214
1 136 223
2 148 184
3 222 240
4 16 139
5 11 225
6 41 231
7 125 239
8 17 198
9 20 241
10 60 135
12 51 245
13 115 128
14 102 182
15 121 229
18 163 176
19 112 181
21 23 204
22 162 250
24 39 84
25 87 172
26 206 217
27 53 193
28 42 76
29 82 91
30 153 178
31 120 188
32 213 228
33 78 119
34 65 74
35 47 131
36 189 227
37 207 238
38 97 144
40 117 171
43 72 100
44 145 201
45 126 155
46 56 116
48 52 86
49 57 191
50 174 210
55 130 159
58 99 215
59 173 246
61 88 208
62 77 247
63 183 203
64 104 177
67 140 216
68 134 214
69 71 73
70 123 219
75 152 248
79 92 202
80 98 226
81 105 196
83 132 249
85 106 147
89 199 236
90 124 164
93 122 186
94 138 165
95 109 230
96 143 244
101 150 179
103 133 212
107 194 197
108 142 234
110 168 221
111 232 235
113 129 149
114 157 169
118 185 242
127 167 190
141 180 205
146 156 175
151 161 243
154 220 224
158 211 218
160 192 200
7 166 195
108 170 187
62 209 237
28 178 233
1 120 211
2 65 129
3 139 155
4 217 236
5 71 115
6 43 52
8 51 76
9 19 177
10 113 192
11 150 159
12 181 204
13 107 132
14 37 128
15 21 232
16 134 157
17 83 118
18 125 245
20 146 220
22 179 214
23 161 186
24 77 202
25 53 100
26 175 239
27 144 183
29 55 229
30 54 86
31 69 105
32 49 162
33 166 199
34 135 215
35 93 94
36 185 249
38 169 246
39 57 80
40 50 160
41 99 154
42 81 163
44 133 174
45 98 142
46 73 74
47 58 193
48 106 123
56 172 242
59 126 230
60 121 171
61 165 200
63 95 223
64 90 235
66 148 212
67 173 206
68 92 127
70 140 213
72 222 237
75 168 208
78 170 216
79 153 221
82 227 244
84 138 182
85 117 205
87 109 124
88 203 225
89 103 250
91 152 207
96 218 233
97 196 240
101 210 243
102 141 209
104 151 184
110 164 167
111 112 238
114 176 195
116 198 224
119 147 241
122 189 248
130 180 187
131 149 231
136 137 143
145 234 247
156 194 226
158 219 228
188 201 238
190 191 197
1 47 75
2 22 172
3 153 245
4 18 119
5 43 126
6 109 165
7 37 45
8 171 179
9 48 114
10 82 88
11 30 85
12 143 167
13 125 142
14 63 94
15 80 86
16 222 229
17 156 178
19 141 247
20 71 110
21 145 213
23 24 26
25 65 175
27 89 136
28 52 53
29 115 198
31 161 177
32 113 203
33 69 163
34 188 242
35 196 221
36 60 232
38 40 212
39 67 122
41 180 237
42 127 155
44 104 244
46 123 216
49 61 137
50 73 124
51 134 147
54 99 121
55 166 182
56 206 210
57 93 169
58 72 187
59 190 234
62 201 218
64 81 138
66 197 239
68 98 139
70 186 246
74 102 158
76 135 249
77 100 130
78 103 248
79 96 207
83 92 189
84 128 192
87 140 225
90 217 241
91 200 202
95 173 191
97 150 219
101 204 227
105 111 185
106 195 233
107 112 117
108 230 243
116 183 214
118 133 160
120 157 236
129 199 240
131 208 224
132 205 211
144 159 220
146 223 250
148 164 226
149 194 215
151 193 209
143 152 162
154 184 228
168 207 231
170 176 181
157 158 174
154 230 235
1 160 246
2 41 146
3 54 218
4 107 221
5 61 212
6 33 242
7 168 249
8 111 219
9 32 245
10 25 110
11 194 214
12 104 241
13 57 92
14 129 162
15 119 172
16 116 184
17 44 216
18 113 123
19 97 122
20 89 232
21 128 136
22 156 166
23 34 173
24 180 213
26 191 205
27 165 237
28 72 102
29 67 228
30 36 198
31 223 235
35 108 226
37 139 200
38 48 210
39 130 185
40 190 209
42 84 98
43 73 248
45 55 70
46 66 187
47 127 147
49 79 179
50 96 181
51 177 203
52 63 132
53 137 211
56 64 71
58 141 142
59 87 112
60 220 225
62 134 144
65 192 224
68 75 153
69 93 231
74 117 195
76 227 229
77 174 175
78 145 164
80 131 140
81 85 101
82 182 243
83 115 167
86 88 233
90 163 197
91 150 170
39 94 201
95 133 222
99 196 247
100 114 240
103 206 208
105 116 186
106 132 152
109 135 217
7 118 215
120 151 232
121 126 238
124 188 244
87 125 149
138 155 234
148 178 204
159 202 248
161 180 183
66 169 171
16 176 246
162 189 239
193 223 236
121 199 244
3 137 250
1 82 99
2 157 161
4 224 243
5 22 191
6 110 150
8 146 168
9 83 188
10 133 187
11 15 200
12 14 33
13 59 184
17 42 124
18 86 164
19 182 185
20 70 238
21 114 146
23 179 192
24 93 127
25 36 142
26 72 113
27 65 67
28 64 173
29 102 144
30 31 108
32 176 214
34 199 226
35 61 166
37 120 233
38 78 96
40 47 206
41 44 197
43 106 245
45 95 115
46 55 141
48 170 229
49 68 112
24 50 225
51 98 222
52 139 175
53 75 212
54 160 234
56 80 85
57 101 194
58 90 103
60 147 239
62 138 156
63 134 178
69 117 136
71 179 211
73 151 213
74 81 89
76 85 169
40 77 125
79 186 195
84 123 167
88 171 247
91 130 215
92 193 219
94 140 197
97 218 242
100 122 221
104 183 250
105 109 201
107 177 210
111 145 205
61 118 129
119 135 214
126 137 241
128 190 220
131 158 217
25 143 159
131 148 165
17 149 227
86 152 155
56 153 181
154 163 207
172 203 237
174 198 209
38 139 189
196 202 216
107 204 240
123 184 208
159 228 231
74 177 230
37 171 235
99 225 236
41 240 249
1 134 221
2 36 155
3 39 217
4 203 244
5 42 206
6 59 178
7 89 161
8 157 173
9 15 223
10 136 230
11 67 218
12 103 196
10 13 47
14 133 193
16 141 199
18 98 151
19 220 237
20 153 215
21 22 113
23 111 156
26 115 194
27 45 190
9 28 54
29 211 245
30 43 229
31 100 119
32 136 168
33 66 173
34 112 165
35 45 205
44 61 207
46 144 192
48 142 158
49 54 104
50 53 163
51 140 243
52 138 169
55 65 249
57 208 239
58 74 181
60 77 170
62 90 118
63 87 114
64 204 205
68 89 172
69 194 241
70 209 231
71 131 233
72 131 176
73 130 236
75 93 187
76 92 129
29 78 117
79 111 125
80 124 246
81 122 213
82 94 147
83 102 207
84 175 248
14 88 216
91 105 206
95 200 220
96 118 219
36 97 166
101 126 242
106 109 226
108 186 232
37 110 132
47 116 234
43 120 185
7 121 150
127 198 204
128 201 228
24 135 238
143 183 224
145 152 227
148 201 235
86 149 174
154 162 202
159 160 195
122 164 250
167 189 222
125 180 182
127 184 188
135 191 196
87 210 222
146 151 212
15 123 247
1 39 126
2 102 130
3 14 248
4 137 235
5 7 152
6 129 241
8 63 163
11 44 45
10 12 236
13 54 170
1 85 169 255 338 422 502 586 668 753 840 927 1015 0
2 86 167 256 339 423 503 587 669 754 841 928 1016 0
3 87 170 257 340 424 504 588 670 755 839 929 1017 0
4 88 171 258 341 425 505 589 671 756 842 930 1018 0
5 89 172 259 342 426 506 590 672 757 843 931 1019 0
6 90 173 260 343 427 507 591 673 758 844 932 1020 0
7 91 174 261 344 425 508 582 674 759 825 933 997 1019
8 92 175 254 343 428 509 592 675 760 845 934 1021 0
9 93 176 262 345 418 510 593 676 761 846 935 949 0
10 86 177 263 340 429 511 594 677 762 847 936 939 1023
11 94 178 264 346 430 506 595 678 763 848 937 1022 0
12 95 179 255 347 431 512 596 679 764 849 938 1023 0
13 96 180 265 348 428 513 597 680 765 850 939 1024 0
9 97 181 266 349 432 514 598 681 766 849 940 986 1017
14 98 182 267 350 433 515 599 682 767 848 935 1014 0
15 99 183 268 334 434 505 600 683 768 835 941 0 0
16 100 184 269 351 435 509 601 684 769 851 912 0 0
17 101 185 269 352 436 516 602 671 770 852 942 0 0
8 102 186 258 353 437 517 593 685 771 853 943 0 0
18 88 187 265 338 386 510 603 686 772 854 944 0 0
19 103 188 235 354 382 518 599 687 773 855 945 0 0
20 104 189 270 355 438 519 604 669 774 843 945 0 0
4 94 190 271 356 439 518 605 688 775 856 946 0 0
16 105 186 272 357 440 520 606 688 776 857 876 1000 0
21 106 191 273 341 441 521 607 689 762 858 910 0 0
22 107 192 274 349 442 522 608 688 777 859 947 0 0
23 108 193 270 358 443 523 609 690 778 860 948 0 0
24 109 177 275 359 444 524 585 691 779 861 949 0 0
25 110 194 276 360 445 525 610 692 780 862 950 979 0
26 111 195 277 361 438 526 611 678 781 863 951 0 0
6 99 196 278 362 446 527 612 693 782 863 952 0 0
27 112 197 279 363 447 528 613 694 761 864 953 0 0
28 113 178 273 364 448 529 614 695 758 849 954 0 0
27 97 198 280 361 449 530 615 696 775 865 955 0 0
19 114 170 281 365 450 531 616 697 783 866 956 0 0
29 115 179 282 366 451 532 617 698 781 858 928 990 0
30 116 199 283 367 451 533 598 674 784 867 924 994 0
31 117 195 284 337 452 534 618 699 785 868 918 0 0
32 91 200 285 345 441 520 619 700 786 817 929 1015 0
33 112 200 286 335 437 535 620 699 787 869 892 0 0
34 118 201 287 345 431 507 621 701 754 870 926 0 0
14 95 202 288 341 453 524 622 702 788 851 931 0 0
35 96 203 289 368 414 536 591 672 789 871 951 996 0
36 119 204 290 366 454 537 623 703 769 870 957 1022 0
8 120 205 291 369 396 538 624 674 790 872 948 956 1022
37 121 179 292 354 428 539 625 704 791 873 958 0 0
7 122 206 293 370 455 531 626 668 792 869 939 995 0
38 104 170 255 371 456 540 627 676 785 874 959 0 0
39 101 207 291 362 421 541 613 705 793 875 960 0 0
40 123 201 294 348 457 542 620 706 794 876 961 0 0
41 117 208 295 372 458 512 592 707 795 877 962 0 0
42 103 209 295 373 459 540 591 691 796 878 963 0 0
43 100 183 281 374 460 523 607 691 797 879 961 0 0
30 108 173 296 357 461 501 611 708 755 880 949 960 1024
44 124 209 251 375 462 543 610 709 790 873 964 0 0
45 125 193 271 365 432 539 628 710 798 881 914 0 0
46 126 210 297 353 463 541 619 711 765 882 965 0 0
47 127 211 298 376 464 544 626 712 799 883 966 0 0
9 128 185 299 377 465 545 629 713 800 850 932 0 0
44 101 212 285 378 466 511 630 698 801 884 967 0 0
24 102 213 300 347 467 546 631 705 757 866 905 957 0
10 129 176 277 364 468 547 584 714 802 885 968 0 0
7 130 214 301 379 469 548 632 681 796 886 969 1021 0
48 105 195 302 380 470 549 633 715 798 861 970 0 0
49 131 175 303 370 471 530 587 689 803 860 964 0 0
49 88 215 304 381 472 501 634 716 791 834 954 0 0
6 132 216 305 382 429 550 635 700 780 860 937 0 0
5 113 217 306 375 450 551 636 717 804 875 971 0 0
50 120 189 282 383 465 552 612 695 805 887 972 0 0
51 106 218 257 351 473 553 637 718 790 854 973 0 0
52 133 198 307 384 424 552 590 686 798 888 974 0 0
53 113 219 254 385 474 536 638 712 779 859 975 0 0
54 122 220 267 371 475 552 625 706 789 889 976 0 0
20 134 183 287 379 452 530 625 719 806 890 923 966 0
48 135 216 308 356 458 554 639 668 804 879 977 0 0
20 136 204 305 386 476 524 592 720 807 891 978 0 0
55 127 221 288 343 449 547 606 721 808 892 967 0 0
34 131 222 275 384 451 529 640 722 809 868 979 0 0
54 137 178 309 359 445 555 641 723 793 893 980 0 0
56 131 223 308 387 446 556 619 682 810 881 981 0 0
33 138 224 310 388 474 557 622 715 811 890 982 0 0
49 93 210 289 355 453 525 642 677 812 840 983 0 0
57 139 225 311 389 470 558 601 724 813 846 984 0 0
52 115 219 312 390 477 520 643 725 788 894 985 0 0
3 128 226 258 375 478 559 644 678 811 881 891 0 0
22 140 224 293 386 479 540 611 682 814 852 913 1004 0
36 133 196 298 314 422 521 645 726 800 829 969 1012 0
58 120 227 313 391 452 546 646 677 814 895 986 0 0
59 141 228 276 392 480 560 647 690 772 890 933 971 0
37 112 210 309 393 450 561 633 727 815 883 968 0 0
17 142 201 314 358 444 525 648 728 816 896 987 0 0
52 130 229 315 394 442 555 636 724 765 897 978 0 0
60 119 191 316 395 466 562 616 711 805 857 977 0 0
26 143 171 259 339 476 563 616 681 817 898 983 0 0
61 144 202 317 352 456 564 632 729 818 872 988 0 0
1 145 181 310 396 463 565 649 723 794 868 989 0 0
62 127 230 308 397 435 534 650 730 771 899 990 0 0
63 86 231 294 349 481 556 624 717 788 877 942 0 0
64 132 218 317 389 482 544 621 708 819 840 925 0 0
65 141 205 304 394 483 536 607 721 820 900 952 0 0
42 110 232 303 352 484 566 651 731 811 882 991 0 0
66 123 191 318 387 485 514 652 719 779 862 984 1016 0
67 146 233 319 398 479 567 647 722 821 883 938 0 0
68 147 168 320 385 433 549 653 703 764 901 960 0 0
27 148 184 265 399 423 557 612 732 822 902 987 0 0
21 149 234 321 400 486 559 627 733 823 871 992 0 0
53 132 181 300 374 487 568 597 734 756 903 920 0 0
62 150 200 322 373 488 569 583 735 783 863 993 0 0
51 151 188 293 353 432 564 645 673 824 902 992 0 0
16 152 235 248 401 474 570 654 686 762 844 994 0 0
46 124 169 294 402 434 571 655 732 760 904 946 980 0
14 117 174 323 403 472 517 655 734 800 875 955 0 0
62 119 169 276 331 461 572 594 694 770 859 945 0 0
11 153 213 324 380 485 573 656 676 820 855 969 0 0
32 154 226 316 404 427 513 590 692 813 872 947 0 0
69 136 199 325 405 441 539 657 736 768 822 995 0 0
38 89 231 290 357 415 535 644 734 806 887 979 0 0
68 118 192 295 405 446 574 601 737 825 905 968 989 0
48 87 236 286 379 426 529 658 671 767 906 952 0 0
70 123 208 326 381 478 527 586 738 826 867 996 0 0
71 150 217 321 347 439 515 630 708 827 838 997 0 0
18 142 182 292 400 468 562 659 700 771 900 982 1007 0
26 138 237 318 376 471 553 627 704 770 894 921 1014 0
44 108 237 300 394 484 561 645 706 828 851 981 0 0
60 98 219 311 355 467 508 602 680 829 892 980 1009 0
60 148 238 275 354 487 538 629 672 827 907 991 1015 0
72 116 239 287 368 489 575 636 702 792 857 998 1010 0
31 155 217 314 388 473 513 598 725 773 908 999 0 0
73 121 211 302 406 490 572 587 739 766 905 978 1020 0
13 156 235 327 398 491 543 660 721 786 896 976 1016 0
71 93 236 290 407 459 531 661 740 810 909 911 974 975
67 94 189 285 397 481 558 597 741 796 823 994 0 0
74 157 186 267 408 438 567 623 737 818 847 940 0 0
34 156 240 302 369 484 551 600 707 802 886 927 0 0
53 154 228 292 337 488 511 615 720 824 906 1000 1011 0
40 143 241 252 385 490 502 662 690 773 887 936 953 0
22 139 242 328 407 430 496 662 705 797 839 907 1018 0
36 158 180 274 350 482 563 643 715 830 885 963 0 0
13 138 194 262 333 454 505 588 717 784 878 918 0 0
67 129 202 268 399 442 550 637 726 810 898 962 0 0
1 111 239 261 407 427 576 652 685 799 873 941 0 0
75 147 197 305 403 440 569 624 680 799 858 959 0 0
15 110 182 306 380 492 565 662 679 747 910 1001 0 0
71 151 233 283 363 476 534 609 742 802 862 958 0 0
76 144 243 266 409 489 537 663 687 809 904 1002 0 0
58 150 203 268 377 445 577 603 743 754 845 855 1013 0
77 159 213 307 351 461 559 658 707 792 884 983 0 0
55 107 207 329 371 493 503 634 744 831 911 1003 0 0
66 160 244 271 368 494 572 661 745 829 912 1004 0 0
77 147 227 262 332 495 566 595 730 816 844 997 0 0
65 151 245 330 404 482 578 653 746 826 889 942 1013 0
37 157 218 320 377 449 554 648 747 823 913 1002 1019 0
70 161 233 313 350 406 526 641 670 804 914 944 0 0
63 111 246 304 395 435 579 621 748 752 915 1005 0 0
41 153 247 260 363 475 538 588 702 830 913 928 0 0
61 155 197 327 381 455 577 664 684 774 885 946 0 0
45 162 241 272 321 436 573 600 738 751 841 934 0 0
76 135 187 319 404 465 580 665 719 751 909 959 0 0
45 109 224 331 389 489 543 595 742 832 910 922 1006 0
47 160 205 280 382 496 581 620 737 753 880 1006 0 0
28 144 237 313 401 496 578 605 693 833 841 933 0 0
4 133 245 263 373 495 519 613 747 766 836 1005 0 0
78 163 223 284 360 439 516 622 695 815 915 961 1021 0
73 164 190 278 410 497 561 654 744 809 852 1007 0 0
79 84 222 272 338 481 563 631 673 778 911 955 0 0
72 154 248 329 411 492 582 614 709 774 866 990 0 0
54 125 236 256 403 460 575 654 679 813 894 1008 0 0
3 158 249 325 409 453 570 639 749 759 845 953 0 0
12 137 225 278 344 457 573 618 711 834 891 963 0 0
63 137 188 325 383 492 583 640 750 816 874 967 1024 0
35 146 168 256 411 422 535 630 675 834 895 924 0 0
64 96 212 284 412 413 521 628 669 767 916 971 0 0
77 98 231 322 405 480 545 635 729 775 861 934 954 0
19 159 215 301 413 470 542 623 751 808 917 1004 0 0
80 164 250 259 396 433 577 608 689 808 878 985 0 0
10 116 220 297 392 458 516 656 750 835 864 975 0 0
23 106 172 329 402 479 549 593 693 795 903 923 0 0
47 89 212 297 409 477 526 585 684 831 886 932 0 0
79 129 251 330 366 485 566 604 675 793 856 888 0 0
42 97 252 264 411 498 576 660 701 776 833 1009 0 0
65 90 234 311 339 473 517 596 750 794 914 966 0 0
38 163 253 320 410 483 514 643 709 812 853 1009 0 0
55 155 177 282 414 457 548 609 736 833 901 1001 0 0
61 114 228 328 384 437 503 653 748 768 850 921 1010 0
80 134 185 296 395 430 574 617 732 786 853 996 0 0
74 140 240 332 374 426 562 605 718 822 893 993 0 0
79 139 172 279 360 497 583 660 712 791 847 977 0 0
17 165 254 319 340 486 527 666 696 828 846 1010 0 0
24 158 206 280 402 436 532 659 724 836 918 1008 0 0
70 140 198 253 397 499 575 667 713 787 908 948 0 0
15 160 222 257 372 491 541 667 729 777 843 1011 0 0
72 166 187 225 415 469 581 594 725 803 856 958 0 0
50 167 248 331 372 486 523 626 746 837 897 940 0 0
2 157 230 249 378 480 568 664 745 763 882 947 972 0
73 84 246 333 378 420 582 656 733 806 893 1006 0 0
81 91 241 307 414 497 557 650 697 819 919 938 1011 0
21 135 209 227 328 475 568 667 716 815 870 898 0 0
23 156 174 263 416 463 509 657 692 781 917 998 0 0
80 109 216 330 348 456 560 614 739 838 865 941 0 0
78 126 234 299 417 488 581 631 728 784 848 988 0 0
41 128 211 270 359 483 537 666 714 817 902 999 1003 0
29 168 226 334 370 487 555 606 728 832 919 1005 0 0
32 164 232 281 417 462 548 646 694 795 916 930 0 0
50 142 242 333 387 447 518 596 731 831 920 970 998 0
82 162 196 332 392 471 576 644 741 777 904 956 970 0
43 166 208 291 418 490 522 635 710 821 869 931 987 0
59 107 171 335 390 429 533 648 723 749 915 957 984 0
29 90 240 264 413 500 546 639 740 821 921 965 0 0
30 148 190 306 391 477 584 652 746 787 917 973 0 0
81 167 243 296 393 448 542 651 710 785 903 1012 0 0
68 126 246 288 391 448 580 586 741 797 888 950 0 0
66 130 176 260 383 498 567 634 699 757 879 1013 0 0
12 161 175 299 342 464 528 637 687 776 889 982 0 0
83 165 253 261 419 501 551 604 736 763 864 906 0 0
33 104 229 273 336 434 544 615 745 825 896 944 0 0
46 153 242 250 412 499 550 640 704 769 919 986 0 0
57 145 203 323 420 499 522 589 727 824 909 929 0 0
74 124 244 312 344 447 580 649 714 755 899 937 0 0
39 95 252 286 417 478 553 665 730 760 897 989 0 0
81 87 192 238 376 494 579 603 742 801 908 943 988 0
51 134 223 312 418 493 570 641 697 756 900 927 0 0
18 163 221 283 346 416 504 638 683 818 877 1008 1012 0
83 125 247 336 342 466 502 632 743 782 837 935 0 0
35 105 229 266 362 468 579 657 740 803 842 1001 0 0
76 121 206 322 367 493 506 646 726 801 876 925 0 0
64 161 238 324 358 425 556 664 744 783 865 992 0 0
40 114 173 323 398 469 532 642 731 807 912 1002 0 0
56 85 214 274 408 467 528 665 748 780 922 999 0 0
84 159 165 335 401 464 515 610 683 807 874 951 0 0
69 115 194 326 356 421 564 629 735 752 923 936 0 0
82 146 250 337 421 443 507 661 749 805 922 973 0 0
57 102 232 298 364 419 571 599 698 772 826 993 0 0
83 141 180 334 393 498 585 649 733 814 867 974 0 0
59 100 251 289 346 431 569 663 713 830 880 995 0 0
75 166 249 315 400 491 571 633 752 782 924 1003 1018 0
31 136 244 303 410 500 560 589 738 837 925 976 1023 0
69 145 247 269 415 495 584 638 701 778 916 943 0 0
28 118 230 279 365 500 533 655 666 827 854 1000 0 0
25 92 243 277 388 460 508 608 716 836 884 965 0 0
75 92 193 316 390 459 504 650 739 820 920 926 0 0
56 162 199 317 361 462 510 658 727 764 907 972 1020 0
58 143 220 315 416 454 574 628 696 758 899 991 0 0
11 149 239 327 408 424 578 651 735 812 842 962 0 0
82 103 221 336 399 455 565 642 703 828 838 930 0 0
2 99 215 310 367 443 512 602 670 761 871 950 0 0
25 149 207 301 406 440 545 618 718 753 835 981 0 0
5 152 214 326 420 444 547 663 685 819 895 1014 0 0
39 152 204 324 419 423 554 659 722 789 832 985 1017 0
43 85 245 309 412 494 558 617 720 759 926 964 0 0
78 122 184 318 369 472 519 647 743 839 901 1007 0 0
