1024 650
3 6
3 3 3 3 3 3 3 3 3 3 3 3 3 3 3 3 3 3 3 3 3 3 3 3 3 3 3 3 3 3 3 3 3 3 3 3 3 3 3 3 3 3 3 3 3 3 3 3 3 3 3 3 3 3 3 3 3 3 3 3 3 3 3 3 3 3 3 3 3 3 3 3 3 3 3 3 3 3 3 3 3 3 3 3 3 3 3 3 3 3 3 3 3 3 3 3 3 3 3 3 3 3 3 3 3 3 3 3 3 3 3 3 3 3 3 3 3 3 3 3 3 3 3 3 3 3 3 3 3 3 3 3 3 3 3 3 3 3 3 3 3 3 3 3 3 3 3 3 3 3 3 3 3 3 3 3 3 3 3 3 3 3 3 3 3 3 3 3 3 3 3 3 3 3 3 3 3 3 3 3 3 3 3 3 3 3 3 3 3 3 3 3 3 3 3 3 3 3 3 3 3 3 3 3 3 3 3 3 3 3 3 3 3 3 3 3 3 3 3 3 3 3 3 3 3 3 3 3 3 3 3 3 3 3 3 3 3 3 3 3 3 3 3 3 3 3 3 3 3 3 3 3 3 3 3 3 3 3 3 3 3 3 3 3 3 3 3 3 3 3 3 3 3 3 3 3 3 3 3 3 3 3 3 3 3 3 3 3 3 3 3 3 3 3 3 3 3 3 3 3 3 3 3 3 3 3 3 3 3 3 3 3 3 3 3 3 3 3 3 3 3 3 3 3 3 3 3 3 3 3 3 3 3 3 3 3 3 3 3 3 3 3 3 3 3 3 3 3 3 3 3 3 3 3 3 3 3 3 3 3 3 3 3 3 3 3 3 3 3 3 3 3 3 3 3 3 3 3 3 3 3 3 3 3 3 3 3 3 3 3 3 3 3 3 3 3 3 3 3 3 3 3 3 3 3 3 3 3 3 3 3 3 3 3 3 3 3 3 3 3 3 3 3 3 3 3 3 3 3 3 3 3 3 3 3 3 3 3 3 3 3 3 3 3 3 3 3 3 3 3 3 3 3 3 3 3 3 3 3 3 3 3 3 3 3 3 3 3 3 3 3 3 3 3 3 3 3 3 3 3 3 3 3 3 3 3 3 3 3 3 3 3 3 3 3 3 3 3 3 3 3 3 3 3 3 3 3 3 3 3 3 3 3 3 3 3 3 3 3 3 3 3 3 3 3 3 3 3 3 3 3 3 3 3 3 3 3 3 3 3 3 3 3 3 3 3 3 3 3 3 3 3 3 3 3 3 3 3 3 3 3 3 3 3 3 3 3 3 3 3 3 3 3 3 3 3 3 3 3 3 3 3 3 3 3 3 3 3 3 3 3 3 3 3 3 3 3 3 3 3 3 3 3 3 3 3 3 3 3 3 3 3 3 3 3 3 3 3 3 3 3 3 3 3 3 3 3 3 3 3 3 3 3 3 3 3 3 3 3 3 3 3 3 3 3 3 3 3 3 3 3 3 3 3 3 3 3 3 3 3 3 3 3 3 3 3 3 3 3 3 3 3 3 3 3 3 3 3 3 3 3 3 3 3 3 3 3 3 3 3 3 3 3 3 3 3 3 3 3 3 3 3 3 3 3 3 3 3 3 3 3 3 3 3 3 3 3 3 3 3 3 3 3 3 3 3 3 3 3 3 3 3 3 3 3 3 3 3 3 3 3 3 3 3 3 3 3 3 3 3 3 3 3 3 3 3 3 3 3 3 3 3 3 3 3 3 3 3 3 3 3 3 3 3 3 3 3 3 3 3 3 3 3 3 3 3 3 3 3 3 3 3 3 3 3 3 3 3 3 3 3 3 3 3 3 3 3 3 3 3 3 3 3 3 3 3 3 3 3 3 3 3 3 3 3 3 3 3 3 3 3 3 3 3 3 3 3 3 3 3 3 3 3 3 3 3 3 3 3 3 3 3 3 3 3 3 3 3 3 3 3 3 3 3 3 3 3 3 3 3 3 3 3 3 3 3 3 3 3 3 3 3 3 3 3 3 3 3 3 3 3 3 3 3 3 3 3 3 3 3 3 3 3 3 3 3 3 3 3 3 3 3 3 3 3 3 3 3 3 3 3 3 3 3 3 3 3 3 3 3 3 3 3 3 3 3 3 3 3 3 3 3 3 3 3 3 3 3 3 3 3 3 3 3 3 3 3 3 3 3 3 3 3 3 3 3 3 3 3 3 3 3 3 3 3 3 3 3 3 3 3 3 3 3 3 3 3 3 3 3 3 3 3 3 3 3 3 3 3 3 3 3 3 3 3 3 3 3 3 3 3 3 3 3 3 3 3 3 3 3 3 3 3 3
5 5 5 5 5 5 5 5 5 5 5 5 5 5 6 5 5 5 5 5 5 5 5 5 5 5 5 5 5 5 5 5 5 5 5 5 5 5 5 5 5 5 5 5 5 5 5 5 5 5 5 5 5 5 5 5 5 5 5 5 5 5 5 5 5 5 5 5 5 5 6 5 5 5 5 5 5 5 5 5 5 5 5 5 5 6 5 5 5 5 5 5 5 5 5 5 5 5 5 5 5 5 5 5 5 5 5 5 5 5 5 5 5 5 5 5 5 5 5 5 5 5 5 5 5 5 5 5 5 5 5 5 5 5 5 5 5 5 5 5 5 5 5 5 5 5 5 5 5 5 5 5 5 5 5 5 5 5 5 5 5 5 5 5 5 5 5 5 5 5 5 5 5 5 5 5 5 5 5 5 5 5 5 5 5 5 5 5 5 5 5 5 5 5 5 5 5 5 5 5 5 5 5 5 5 5 5 5 5 5 5 5 5 5 5 5 5 5 5 5 5 5 5 5 5 4 4 5 6 5 4 5 5 4 4 4 4 5 5 5 5 4 4 5 5 5 5 5 4 5 4 5 4 5 4 5 4 5 5 4 5 5 4 5 4 4 5 4 4 5 5 4 5 5 5 5 4 4 4 4 4 5 4 5 5 5 4 5 4 5 5 4 5 4 5 4 5 4 4 5 5 5 5 4 5 5 5 4 5 5 4 5 4 5 4 4 5 4 4 5 5 4 4 4 5 5 5 4 5 5 5 5 5 4 5 4 4 5 5 5 5 4 5 5 4 4 4 4 5 6 5 4 4 5 5 5 5 5 5 4 5 5 5 5 4 4 5 5 4 4 5 5 5 4 5 5 5 4 4 5 5 4 5 5 5 5 5 5 5 5 5 5 5 4 5 5 5 5 4 5 4 5 4 5 5 4 4 5 4 4 5 4 4 5 4 4 5 4 5 4 5 5 4 4 4 4 4 4 5 4 5 4 5 4 5 5 5 4 4 5 4 5 4 4 4 5 4 4 5 4 5 4 4 5 5 5 4 4 4 5 5 4 4 4 4 5 5 5 4 4 5 4 4 4 5 4 4 5 5 5 5 5 4 4 4 5 4 4 5 4 4 4 4 5 5 4 5 4 5 4 4 5 5 5 5 4 5 4 4 5 5 4 4 5 5 5 5 4 4 5 5 5 5 5 4 4 5 4 5 4 4 4 5 4 5 5 5 4 5 4 5 5 5 4 5 5 4 4 5 5 5 4 4 5 5 5 5 4 5 5 4 5 5 5 5 4 5 5 5 4 4 5 5 5 5 5 5 5 5 4 5 5 4 5 4 5 4 4 5 5 5 4 5 5 5 5 5 4 5 5 5 4 4 4 5 5 4 4 5 5 5 4 5 4 4 5 5 4 5 5 4 4 4 5 5 4 4 5 4 4 5 4 5 4 4 4 4 5 4 4 5 5 5 4 5 5 6 5 5 4
1 248 364
2 504 636
3 219 436
4 54 419
5 172 642
6 70 168
7 112 155
8 36 105
9 21 139
10 143 447
11 278 632
12 426 550
13 322 349
14 88 271
15 353 487
16 32 266
17 208 474
18 293 570
19 55 433
20 152 162
22 242 493
23 186 329
24 435 491
25 118 472
26 619 635
27 203 284
28 35 233
29 394 621
30 505 526
31 86 525
33 292 616
34 249 507
37 153 542
38 137 305
39 415 571
40 160 313
41 166 352
42 243 443
43 553 641
44 302 580
45 362 502
46 195 438
47 515 645
48 68 254
49 361 372
50 215 536
51 370 417
52 94 232
53 58 106
56 460 494
57 193 549
59 97 115
60 170 253
61 73 368
62 291 406
63 564 625
64 533 592
65 274 630
66 501 607
67 185 198
69 317 412
71 125 132
72 297 347
74 342 558
75 281 375
76 258 488
77 176 200
78 98 471
79 572 608
80 230 389
81 116 163
82 260 356
83 225 355
84 321 457
85 582 591
87 145 523
89 113 156
90 343 624
91 136 201
92 133 214
93 183 309
95 456 599
96 282 399
99 467 534
100 600 648
101 122 328
102 377 586
103 141 250
104 366 496
107 499 557
108 188 532
109 626 627
110 283 391
111 144 395
114 191 584
117 190 479
119 173 495
120 381 481
121 159 638
123 210 613
124 199 227
126 221 614
127 204 637
128 189 575
129 231 594
130 237 490
131 418 559
134 207 373
135 453 540
138 314 416
140 413 437
142 161 263
146 218 223
147 473 597
148 251 606
149 367 492
150 180 336
151 318 622
154 279 290
157 194 238
158 296 593
164 213 631
165 259 286
167 262 469
169 288 359
171 339 528
174 196 333
175 206 378
177 486 643
178 434 513
179 407 427
181 351 629
182 222 484
184 310 562
187 402 567
192 497 618
197 256 357
202 598 644
205 312 538
209 386 396
211 272 425
212 360 369
216 548 617
217 511 640
220 400 634
224 555 577
226 545 556
228 464 524
229 461 633
234 510 520
235 307 387
236 269 408
239 287 485
240 241 610
244 335 405
245 273 411
246 267 531
247 431 522
252 298 482
255 380 551
257 382 537
261 311 601
264 388 477
265 498 578
268 326 350
270 508 527
275 384 449
276 428 565
277 303 506
280 295 573
285 574 579
289 338 547
294 429 451
299 358 587
300 424 445
301 446 560
304 421 516
306 331 478
308 430 503
315 454 468
316 325 552
319 420 529
320 541 628
323 450 568
324 385 605
327 458 546
330 444 448
332 583 604
334 440 519
337 442 489
340 354 603
341 409 463
344 432 500
345 480 544
346 596 647
348 371 514
363 393 623
365 475 517
374 576 646
376 465 639
379 459 476
383 521 581
390 401 649
392 466 590
397 398 561
403 452 539
404 410 483
414 518 620
422 509 569
423 439 543
441 530 585
455 512 535
462 470 588
554 609 611
563 612 615
566 595 602
329 589 650
1 247 597
2 392 508
3 47 130
4 99 520
5 400 490
6 279 486
7 324 640
8 125 295
9 155 529
10 230 423
11 106 161
12 61 340
13 405 553
14 338 372
15 445 636
16 142 238
17 309 515
18 29 560
19 31 576
20 390 450
21 40 582
22 170 239
23 137 563
24 235 383
25 131 463
26 100 274
27 60 454
28 362 559
30 345 387
32 147 209
33 193 474
34 587 611
35 254 419
36 104 621
37 601 622
38 86 363
39 51 526
41 573 598
42 290 355
43 613 626
44 367 510
45 206 523
46 275 402
48 212 447
49 167 528
50 108 583
52 103 479
53 273 647
54 151 595
55 292 320
56 288 409
57 417 574
58 67 471
59 95 492
62 343 625
63 335 420
64 416 591
65 518 555
66 535 603
68 395 415
69 227 540
70 365 477
71 253 533
72 489 546
73 105 298
74 208 550
75 91 152
76 205 240
77 465 590
78 132 442
79 272 592
80 84 637
81 344 536
82 129 525
83 120 628
85 159 282
87 530 648
88 222 369
89 117 302
90 476 524
92 396 606
93 424 633
94 382 586
96 286 604
97 101 421
98 207 545
102 330 588
107 225 554
109 223 631
110 258 589
111 255 584
112 412 514
113 236 434
114 158 565
115 189 497
116 351 422
118 451 578
119 561 596
121 413 503
122 310 316
123 519 531
124 449 548
126 234 256
127 331 568
128 326 407
133 336 404
134 506 539
135 333 470
136 241 267
138 388 414
139 176 469
140 184 612
141 150 181
143 187 398
144 202 213
145 283 522
146 507 509
148 306 353
149 277 459
153 220 259
154 401 427
156 501 610
157 174 491
160 265 269
162 311 327
163 169 216
164 504 552
165 266 512
166 448 594
168 257 495
171 374 452
172 228 438
173 322 570
175 371 557
177 248 276
178 182 381
179 480 482
180 242 285
183 224 357
185 229 494
186 436 446
188 350 600
190 321 521
191 237 385
192 410 511
194 328 547
195 468 585
196 287 334
197 299 430
198 312 602
199 305 458
200 467 473
201 397 639
203 481 527
204 211 291
210 619 646
214 393 429
215 221 293
217 261 411
218 517 542
219 457 556
226 268 466
231 364 543
232 347 558
233 244 426
243 262 460
245 513 630
246 296 638
249 496 498
250 380 632
251 303 499
252 437 464
260 575 608
263 358 375
264 370 516
270 307 418
271 569 624
278 348 356
280 361 478
281 301 379
284 455 599
289 378 645
294 432 642
297 431 544
300 366 453
304 408 617
308 359 389
313 373 643
314 360 650
315 318 403
317 549 580
319 487 567
323 332 377
325 337 614
339 346 505
341 352 607
342 484 593
349 461 493
354 551 620
368 439 483
376 433 629
384 425 627
386 537 538
391 541 564
394 441 443
399 571 623
406 428 579
435 532 566
440 502 618
444 562 605
456 500 589
462 534 609
472 577 649
420 475 581
485 615 616
164 488 649
494 572 634
537 624 635
338 364 641
208 476 644
1 273 615
2 348 638
3 66 505
4 324 425
5 331 334
6 278 432
7 88 480
8 97 376
9 337 599
10 453 506
11 341 600
12 157 608
13 191 458
14 96 321
15 51 358
16 83 305
17 123 176
18 220 434
19 299 360
20 104 378
21 180 532
22 218 367
23 539 559
24 357 443
25 62 72
26 71 230
27 56 91
28 181 259
29 92 562
30 102 223
31 89 450
32 438 545
33 54 578
34 192 558
35 75 276
36 415 625
37 107 252
38 198 518
39 81 473
40 127 596
41 197 373
42 57 398
43 128 606
44 471 593
45 388 448
46 103 316
47 404 617
48 94 408
49 161 236
50 136 297
52 229 467
53 90 189
55 168 489
58 527 605
59 457 577
60 214 255
61 145 265
63 121 315
64 401 512
65 319 565
67 196 213
68 268 554
69 293 603
70 93 640
73 108 504
74 80 394
76 171 609
77 227 594
78 82 526
79 452 516
84 241 622
85 217 470
86 169 482
87 349 369
95 233 619
98 110 397
99 354 478
100 124 387
101 307 474
105 177 588
106 244 416
109 120 308
111 418 582
112 240 485
113 509 584
114 303 583
115 412 585
116 174 446
117 522 573
118 182 353
119 194 514
122 291 650
125 186 633
126 407 579
129 386 581
130 312 430
131 483 510
132 205 604
133 185 541
134 429 547
135 250 381
137 531 586
138 251 501
139 140 302
141 327 339
142 318 614
143 508 542
144 437 477
146 306 374
147 270 414
148 465 511
149 513 571
150 245 246
151 210 279
152 340 365
153 292 352
154 301 439
155 355 536
156 195 424
158 216 575
159 239 243
160 309 396
162 256 399
163 253 523
165 313 417
166 456 484
167 363 384
170 226 347
172 423 493
173 449 598
175 178 383
179 380 519
183 335 447
184 333 409
187 502 566
188 289 549
190 392 592
193 261 422
199 492 643
200 311 631
201 611 627
202 323 410
203 280 406
204 330 351
206 325 647
207 405 634
209 379 433
211 468 630
212 632 644
215 496 524
219 249 591
221 262 568
222 403 620
224 260 616
225 636 641
228 362 623
231 507 530
232 286 371
234 590 635
235 375 642
237 247 285
238 274 479
242 419 488
248 435 551
254 328 607
257 454 499
258 413 548
263 612 645
264 431 459
266 451 462
267 295 567
269 500 618
271 402 535
272 395 515
275 326 344
277 469 648
281 317 564
282 570 628
283 332 601
284 521 563
287 304 553
288 370 595
290 540 556
294 460 569
296 436 576
298 455 626
300 400 599
310 427 475
314 534 543
320 440 466
322 409 497
329 336 372
342 528 574
343 445 491
345 560 602
346 472 613
350 538 550
356 520 621
359 496 561
361 389 557
366 382 428
176 368 385
79 377 529
304 390 442
270 391 646
376 393 517
254 411 525
421 499 597
14 426 639
441 481 617
444 487 495
193 461 503
463 490 533
464 546 587
481 486 544
498 610 629
34 552 572
555 580 611
458 549 637
1 350 570
2 66 228
3 420 460
4 174 267
5 548 555
6 63 180
7 230 450
8 83 648
9 201 388
10 72 612
11 147 428
12 261 337
13 37 356
15 80 177
16 192 413
17 98 280
18 123 343
19 108 395
20 226 387
21 393 540
22 238 332
23 128 630
24 132 322
25 129 421
26 431 634
27 33 543
28 190 243
29 403 464
30 265 437
31 187 467
32 175 324
35 92 503
36 138 216
38 417 590
39 284 323
40 164 222
41 468 609
42 144 478
43 232 532
44 380 487
45 154 528
46 148 616
47 136 525
48 205 221
49 224 629
50 70 334
51 475 506
52 111 639
53 197 517
54 179 585
55 274 621
56 309 601
57 368 501
58 81 84
59 297 569
60 331 607
61 291 492
62 165 255
64 200 495
65 301 561
67 359 535
68 444 522
69 272 641
71 316 626
73 78 509
74 245 455
75 424 618
76 476 584
77 493 565
82 285 440
85 375 537
86 181 385
87 312 429
88 114 498
89 207 344
90 580 595
91 342 547
93 338 510
94 333 646
95 235 251
96 156 596
97 212 512
99 386 544
100 113 362
101 302 446
102 271 574
103 560 594
104 139 508
105 202 619
106 112 186
107 152 644
109 539 567
110 383 588
115 134 168
116 199 315
117 396 453
118 244 449
119 131 622
120 382 485
121 300 326
122 151 282
124 126 576
125 339 466
127 482 541
130 149 586
133 591 614
135 234 500
137 253 278
140 178 198
141 215 391
142 275 459
143 425 484
145 436 465
146 456 645
150 398 451
153 294 415
155 558 573
157 203 369
158 162 566
159 345 515
160 314 319
161 474 643
163 208 412
166 169 277
167 442 562
170 370 605
171 321 600
172 188 264
173 414 422
182 219 298
183 246 516
184 355 624
185 627 632
189 259 374
191 361 552
194 335 507
195 336 635
196 317 521
204 401 615
206 341 377
209 213 220
210 490 534
211 311 408
214 260 631
217 593 613
218 293 314
223 457 640
225 434 461
227 358 604
229 241 313
231 637 638
233 526 620
236 296 533
237 397 452
239 372 497
240 613 623
242 310 598
247 250 542
248 489 571
249 373 519
252 328 592
256 330 423
257 443 504
258 273 480
262 587 597
263 573 575
266 441 529
268 357 410
269 325 625
276 384 483
279 303 550
200 281 578
283 389 416
286 477 567
287 360 513
288 479 649
289 320 473
284 290 430
292 445 582
295 364 524
299 392 551
305 352 390
306 366 602
307 489 494
308 339 432
86 318 636
327 400 419
152 329 353
246 340 418
147 346 608
347 363 589
348 427 511
349 379 568
192 351 603
354 530 563
365 462 560
367 405 502
371 471 578
378 402 486
381 439 572
394 505 650
146 399 463
404 448 546
86 406 642
407 505 583
411 438 469
426 536 579
433 456 531
435 545 647
447 559 628
187 454 577
421 470 523
9 349 472
338 488 527
141 491 645
5 248 514
518 553 556
377 520 606
351 538 564
554 581 610
238 557 559
204 593 633
1 195 576
2 404 550
3 83 357
4 85 188
6 190 225
7 101 149
8 96 605
10 411 436
11 437 616
12 38 295
13 136 535
14 64 643
15 261 397
16 229 468
17 120 517
18 201 482
19 84 285
20 115 385
21 326 499
22 198 486
23 471 625
24 291 539
25 290 422
26 193 223
27 119 590
28 155 543
29 380 610
30 41 533
31 381 497
32 91 180
33 442 478
34 58 276
35 125 516
36 312 372
37 330 646
39 258 267
40 163 431
42 128 208
43 495 568
44 87 273
45 309 589
46 108 620
47 106 274
48 148 373
49 529 628
50 503 575
51 133 211
52 66 168
53 642 649
54 171 355
55 310 523
56 256 275
57 112 332
59 371 541
60 154 244
61 76 153
62 264 511
63 173 368
65 252 638
67 122 124
68 270 301
69 105 400
70 449 586
71 212 579
72 213 507
73 229 606
74 343 414
75 245 617
77 297 595
78 135 388
79 331 363
80 156 393
81 100 306
82 293 361
88 288 466
89 520 546
90 572 648
92 460 647
93 376 387
94 247 451
95 282 524
97 356 435
98 554 582
99 189 601
102 179 364
103 329 405
104 144 609
107 417 515
109 390 396
110 429 481
111 230 350
113 129 391
114 185 398
116 232 392
117 137 240
118 159 551
121 367 521
123 321 557
126 455 562
127 402 600
130 565 624
131 358 599
132 359 549
134 178 596
138 164 320
71 139 241
140 181 389
142 527 581
143 325 510
145 577 641
150 317 341
151 207 631
157 408 569
158 262 300
160 194 375
161 327 556
162 177 479
165 433 522
166 210 239
167 286 619
169 228 335
170 504 564
172 271 475
174 584 597
175 354 494
176 205 250
182 305 350
183 203 303
184 233 594
186 386 395
191 384 467
196 254 542
197 333 574
199 440 647
202 215 545
206 611 633
15 209 536
214 340 514
216 383 419
217 259 563
218 537 555
219 344 461
220 302 454
221 307 502
222 362 446
224 480 591
1 218 438 657 879 0
2 219 439 658 880 0
3 220 440 659 881 0
4 221 441 660 882 0
5 222 442 661 872 0
6 223 443 662 883 0
7 224 444 663 884 0
8 225 445 664 885 0
9 226 446 665 869 0
10 227 447 666 886 0
11 228 448 667 887 0
12 229 449 668 888 0
13 230 450 669 889 0
14 231 451 646 890 0
15 232 452 670 891 1015
16 233 453 671 892 0
17 234 454 672 893 0
18 235 455 673 894 0
19 236 456 674 895 0
20 237 457 675 896 0
9 238 458 676 897 0
21 239 459 677 898 0
22 240 460 678 899 0
23 241 461 679 900 0
24 242 462 680 901 0
25 243 463 681 902 0
26 244 464 682 903 0
27 245 465 683 904 0
28 235 466 684 905 0
29 246 467 685 906 0
30 236 468 686 907 0
16 247 469 687 908 0
31 248 470 682 909 0
32 249 471 654 910 0
27 250 472 688 911 0
8 251 473 689 912 0
33 252 474 669 913 0
34 253 475 690 888 0
35 254 476 691 914 0
36 238 477 692 915 0
37 255 478 693 906 0
38 256 479 694 916 0
39 257 480 695 917 0
40 258 481 696 918 0
41 259 482 697 919 0
42 260 483 698 920 0
43 220 484 699 921 0
44 261 485 700 922 0
45 262 486 701 923 0
46 263 487 702 924 0
47 254 452 703 925 0
48 264 488 704 926 0
49 265 489 705 927 0
4 266 470 706 928 0
19 267 490 707 929 0
50 268 464 708 930 0
51 269 479 709 931 0
49 270 491 710 910 0
52 271 492 711 932 0
53 244 493 712 933 0
54 229 494 713 934 0
55 272 462 714 935 0
56 273 495 662 936 0
57 274 496 715 890 0
58 275 497 716 937 0
59 276 440 658 926 0
60 270 498 717 938 0
44 277 499 718 939 0
61 278 500 719 940 0
6 279 501 702 941 0
62 280 463 720 942 984
63 281 462 666 943 0
54 282 502 721 944 0
64 283 503 722 945 0
65 284 472 723 946 0
66 285 504 724 934 0
67 286 505 725 947 0
68 287 506 721 948 0
69 288 507 640 949 0
70 289 503 670 950 0
71 290 476 710 951 0
72 291 506 726 952 0
73 292 453 664 881 0
74 289 508 710 895 0
75 293 509 727 882 0
30 253 510 728 842 860
76 294 511 729 918 0
14 295 444 730 953 0
77 296 468 731 954 0
78 297 489 732 955 0
79 284 464 733 908 0
80 298 466 688 956 0
81 299 501 734 957 0
48 300 485 735 958 0
82 271 512 736 959 0
83 301 451 737 885 0
52 302 445 738 960 0
68 303 513 672 961 0
84 221 514 739 962 0
85 243 515 740 951 0
86 302 516 741 884 0
87 304 467 742 963 0
88 264 483 743 964 0
89 251 457 744 965 0
8 282 517 745 940 0
49 228 518 746 921 0
90 305 474 747 966 0
91 263 502 674 920 0
92 306 519 748 967 0
93 307 513 749 968 0
94 308 520 704 969 0
7 309 521 746 931 0
77 310 522 740 970 0
95 311 523 730 971 0
52 312 524 750 896 0
71 313 525 751 972 0
96 296 526 752 973 0
24 314 527 753 974 0
97 315 528 754 903 0
98 292 519 755 893 0
99 316 495 756 975 0
86 317 529 757 938 0
100 318 454 673 976 0
101 319 515 758 938 0
62 225 530 759 911 0
102 320 531 758 977 0
103 321 477 760 978 0
104 322 480 678 916 0
105 291 532 680 970 0
106 220 533 761 979 0
107 242 534 754 980 0
62 287 535 679 981 0
80 323 536 762 925 0
108 324 537 750 982 0
109 325 538 763 948 0
79 326 487 699 889 0
34 240 539 764 973 0
110 327 540 689 983 0
9 328 541 744 984 0
111 329 541 765 985 0
88 330 542 766 871 0
112 233 543 767 986 0
10 331 544 768 987 0
94 332 545 694 965 0
76 333 494 769 988 0
113 334 546 770 858 0
114 247 547 667 846 0
115 335 548 698 922 0
116 336 549 761 884 0
117 330 550 771 989 0
118 266 551 757 990 0
20 284 552 747 844 0
33 337 553 772 934 0
119 338 554 697 933 0
7 226 555 773 904 0
77 339 556 737 950 0
120 340 449 774 991 0
121 311 557 775 992 0
99 293 558 776 974 0
36 341 559 777 993 0
112 228 486 778 994 0
20 342 560 775 995 0
71 343 561 779 915 0
122 344 433 692 983 0
123 345 562 714 996 0
37 346 563 780 997 0
124 262 564 781 998 0
6 347 490 750 926 0
125 343 510 780 999 0
53 239 565 782 1000 0
126 348 504 783 928 0
5 349 566 784 1001 0
97 350 567 785 936 0
127 340 525 660 1002 0
128 351 568 687 1003 0
67 328 454 639 1004 0
129 352 517 670 995 0
130 353 568 765 982 0
131 354 569 706 963 0
117 355 458 662 908 0
132 330 465 728 985 0
133 353 527 786 1005 0
81 356 570 787 1006 0
134 329 571 788 1007 0
60 357 536 789 971 0
22 358 530 746 1008 0
135 331 572 686 867 0
91 359 573 784 882 0
104 312 489 790 962 0
96 360 574 683 883 0
95 361 450 791 1009 0
136 362 471 671 850 0
51 248 575 649 902 0
120 363 528 792 993 0
42 364 556 793 879 0
127 365 498 794 1010 0
137 366 478 705 1011 0
60 367 475 765 898 0
101 368 576 751 1012 0
67 369 577 715 828 0
79 370 578 665 894 0
138 332 579 745 1013 0
26 371 580 774 1006 0
103 372 581 795 878 0
139 285 535 700 1004 0
128 259 582 796 1014 0
108 303 583 731 990 0
17 283 437 779 916 0
140 247 584 797 1015 0
100 373 551 798 997 0
141 372 585 799 925 0
142 261 586 738 942 0
122 332 498 797 943 0
80 374 493 800 1016 0
46 375 587 766 1013 0
143 343 557 689 1017 0
144 376 509 801 1018 0
113 377 459 802 1019 0
3 378 588 786 1020 0
145 337 455 797 1021 0
102 375 589 700 1022 0
133 295 590 692 1023 0
113 306 467 803 902 0
146 356 591 701 1024 0
73 305 592 804 883 0
147 379 565 675 0 0
101 278 505 805 0 0
148 349 593 658 999 0
149 357 488 806 892 944
70 227 463 663 969 0
105 380 594 807 0 0
48 381 595 695 972 0
27 382 512 808 1007 0
150 320 596 763 0 0
151 241 597 736 0 0
152 310 486 809 0 0
106 361 598 810 0 0
120 233 599 677 877 0
153 239 558 811 997 0
154 285 521 812 973 0
154 326 508 806 984 0
21 355 600 813 0 0
38 383 558 683 0 0
155 382 518 753 933 0
156 384 550 722 946 0
157 385 550 787 845 0
158 218 598 814 958 0
1 352 601 815 872 0
32 386 588 816 0 0
88 387 538 814 1004 0
115 388 540 736 0 0
159 389 474 817 937 0
53 280 561 764 0 0
44 250 602 644 1010 0
160 308 493 714 0 0
137 320 560 818 930 0
161 347 603 819 0 0
66 307 604 820 914 0
123 337 465 790 1018 0
72 390 591 800 0 0
162 376 575 668 891 0
124 383 589 821 992 0
112 391 605 822 0 0
163 392 606 784 935 0
164 341 494 685 0 0
16 345 607 823 0 0
157 326 608 660 914 0
165 379 499 824 0 0
152 341 609 825 0 0
166 393 547 642 939 0
14 394 610 742 1001 0
141 288 611 719 0 0
156 265 438 820 918 0
58 243 599 707 921 0
167 260 612 767 930 0
168 352 472 826 910 0
169 336 613 780 0 0
11 395 443 764 0 0
119 223 551 827 0 0
170 396 580 672 0 0
65 397 614 828 0 0
83 293 615 757 959 0
93 333 616 829 0 0
26 398 617 691 834 0
171 355 598 726 895 0
123 301 595 830 998 0
153 365 618 831 0 0
125 268 619 832 953 0
172 399 573 833 0 0
119 256 620 834 901 0
55 372 529 713 900 0
31 267 553 835 0 0
18 375 500 802 952 0
173 400 621 772 0 0
170 225 608 836 888 0
121 385 622 809 0 0
63 401 487 711 947 0
159 282 623 786 0 0
174 366 456 837 0 0
175 402 624 756 992 0
176 397 554 716 939 0
40 296 541 741 1021 0
169 388 523 827 1006 0
177 403 618 641 0 0
34 368 453 838 1005 0
178 335 546 839 951 0
151 393 516 840 1022 0
179 404 519 841 0 0
81 234 559 708 919 0
134 317 625 813 929 0
162 342 577 799 0 0
139 367 533 729 912 0
36 405 562 806 0 0
110 406 626 777 802 0
180 407 495 751 0 0
181 317 483 720 0 0
61 408 614 794 989 0
118 407 543 842 0 0
182 409 497 777 0 0
183 267 627 833 983 0
74 360 451 783 976 0
13 350 628 679 0 0
184 410 579 691 0 0
185 224 441 687 0 0
181 411 582 825 987 0
165 322 612 756 897 0
186 342 542 843 994 0
86 363 602 817 0 0
22 217 629 844 964 0
187 304 581 818 913 0
178 321 442 712 949 0
188 410 616 677 931 0
127 325 571 735 1011 0
189 365 442 702 0 0
155 273 570 792 999 0
117 323 629 793 0 0
190 411 446 668 0 0
172 231 436 734 870 0
126 412 542 759 841 0
191 229 552 845 1016 0
192 413 448 796 989 0
64 414 630 733 0 0
78 272 631 673 945 0
193 290 612 731 1020 0
194 246 632 776 0 0
195 412 633 846 0 0
63 381 565 847 0 0
196 395 439 848 0 0
13 415 511 849 869 0
165 359 634 657 969 1005
132 313 581 850 875 0
37 413 553 838 0 0
15 335 527 844 0 0
191 416 514 851 1003 0
73 256 555 788 928 0
72 395 635 669 960 0
137 356 461 824 881 0
174 391 452 805 980 0
125 404 636 717 981 0
142 406 456 831 0 0
45 396 637 791 952 0
41 245 593 740 1023 0
197 253 564 847 949 0
1 380 436 836 963 0
198 279 552 852 0 0
89 402 638 839 0 0
116 258 459 853 975 0
54 417 639 709 936 0
142 295 511 774 0 0
47 392 619 782 0 0
196 351 595 854 932 0
45 231 629 811 912 0
108 405 478 816 922 0
199 348 546 790 0 0
65 391 597 727 993 0
200 418 445 643 957 0
87 410 640 796 874 0
128 399 457 855 0 0
201 397 584 849 0 0
160 387 569 696 905 0
98 353 538 856 907 0
161 300 638 755 0 0
202 241 568 749 1017 0
167 419 564 826 1009 0
185 361 639 728 896 0
140 420 532 739 1008 0
151 246 515 675 957 0
163 327 482 665 948 0
70 404 637 829 985 0
203 237 641 838 967 0
93 421 642 766 970 0
204 219 574 837 972 0
197 374 643 676 950 0
28 422 503 857 0 0
94 277 611 674 1008 0
140 298 559 752 967 0
205 370 513 810 891 0
205 331 479 771 971 0
83 423 560 858 0 0
145 222 624 843 940 0
203 338 496 795 0 0
135 260 610 855 978 0
206 407 590 684 0 0
207 323 484 859 880 0
155 230 583 853 964 0
55 424 580 860 0 0
131 322 531 861 0 0
152 403 485 799 991 0
192 268 571 628 0 0
207 362 579 824 0 0
156 376 644 862 886 0
61 309 524 779 0 0
111 316 604 671 0 0
208 327 547 785 945 0
35 277 473 772 0 0
110 274 518 829 0 0
47 269 562 690 966 0
107 393 520 845 0 0
4 250 600 843 1017 0
182 273 431 659 0 0
177 302 645 680 868 0
209 313 575 785 901 0
210 227 566 818 0 0
175 299 556 723 0 0
141 419 441 768 0 0
12 382 646 863 0 0
131 338 625 848 0 0
168 424 638 667 0 0
173 374 537 729 968 0
179 366 533 834 0 0
158 401 606 681 915 0
193 400 443 841 0 0
19 418 584 864 996 0
130 310 455 804 0 0
23 425 601 865 960 0
3 358 622 769 886 0
111 389 545 685 887 0
42 349 469 862 0 0
210 417 554 856 0 0
189 426 627 726 1012 0
211 422 647 823 0 0
190 287 641 781 909 0
38 422 461 819 0 0
187 427 648 718 0 0
175 232 631 835 0 0
176 358 525 741 1023 0
10 261 570 866 0 0
187 346 482 859 0 0
167 319 567 753 941 0
184 237 468 663 0 0
173 314 607 771 958 0
206 348 507 810 0 0
109 402 447 752 0 0
180 244 603 867 1021 0
212 398 623 722 977 0
82 428 563 770 864 0
74 378 492 803 0 0
186 368 450 656 0 0
201 336 606 767 0 0
50 383 621 659 956 0
149 415 649 804 1020 0
213 429 607 852 0 0
192 242 650 858 0 0
148 389 651 684 0 0
200 286 548 769 0 0
204 379 627 759 953 0
84 369 488 686 1009 0
180 364 585 693 892 0
124 328 613 862 0 0
213 325 509 868 0 0
68 270 481 854 899 0
24 430 633 869 0 0
114 369 476 833 0 0
17 248 516 778 0 0
198 431 625 703 1001 0
201 297 437 724 0 0
163 279 545 830 0 0
178 396 514 694 909 0
96 264 599 832 995 0
194 354 444 820 1024 0
98 371 647 652 968 0
159 354 510 760 894 0
207 417 534 826 0 0
133 414 563 768 0 0
153 432 521 755 0 0
129 223 652 855 898 0
15 409 648 696 0 0
66 433 600 870 0 0
190 281 490 815 840 0
106 222 650 798 0 0
23 340 631 871 0 0
116 271 576 713 0 0
21 415 566 725 0 0
50 357 434 840 1003 0
97 347 648 715 917 0
89 386 587 636 0 0
136 312 628 811 907 0
164 386 653 730 0 0
90 388 603 645 897 0
193 428 609 763 0 0
59 339 540 709 0 0
41 426 572 853 1022 0
179 316 649 688 924 0
2 344 502 819 1000 0
29 412 440 857 861 0
169 324 447 703 0 0
32 334 594 792 943 0
166 219 544 744 0 0
209 334 522 721 0 0
150 258 534 734 987 0
144 362 548 848 935 0
212 345 496 738 0 0
130 384 549 831 0 0
196 309 528 872 1016 0
43 234 611 776 966 0
177 392 507 787 911 0
198 377 643 705 893 0
208 275 475 873 0 0
189 318 569 816 0 0
150 221 635 874 954 0
202 360 617 794 975 0
158 333 526 718 996 0
76 259 561 868 929 0
148 297 587 836 959 0
30 291 644 699 0 0
29 254 506 808 0 0
166 371 491 870 986 0
126 262 630 697 0 0
182 226 640 823 923 0
211 294 594 851 0 0
157 318 539 864 0 0
91 425 458 695 0 0
57 280 650 809 906 0
84 429 626 798 0 0
212 276 610 717 889 0
46 290 555 863 1015 0
161 420 435 727 1019 0
139 420 634 875 0 0
206 324 460 748 900 0
109 278 620 676 0 0
183 421 536 760 932 0
33 377 544 814 1010 0
210 380 626 682 904 0
194 401 652 739 0 0
147 303 469 865 1013 0
186 281 651 859 954 0
172 363 537 733 0 0
143 319 604 661 0 0
51 408 573 656 981 0
12 283 634 827 880 0
160 416 601 837 974 0
181 344 654 791 0 0
39 230 618 873 0 0
214 305 499 876 961 0
146 275 655 661 1019 0
147 378 620 873 994 0
90 351 637 877 976 0
64 381 471 773 0 0
107 245 460 866 877 0
176 235 632 743 852 0
205 315 636 716 0 0
134 427 466 781 977 0
215 240 617 851 1018 0
56 421 614 875 1000 0
168 311 497 725 979 0
216 425 572 775 0 0
135 409 608 748 830 0
184 321 589 849 917 0
209 394 621 711 991 0
18 350 615 657 0 0
35 423 549 815 0 0
69 434 654 856 955 0
170 255 526 773 822 0
171 269 630 742 1011 0
104 390 557 822 924 0
199 236 622 758 879 0
146 430 492 867 988 0
164 314 470 828 854 0
171 424 531 863 942 0
40 408 655 732 0 0
202 431 532 876 986 0
75 238 520 835 961 0
188 263 523 861 0 0
95 308 522 724 1002 0
211 364 524 706 0 0
87 300 539 761 941 0
174 249 651 821 0 0
213 304 517 749 0 0
217 307 428 847 919 0
204 286 596 690 903 0
75 274 588 762 1024 0
57 288 574 817 0 0
121 414 481 801 878 0
105 346 505 743 1007 0
216 266 619 732 947 0
195 315 477 737 982 0
114 218 645 821 1002 0
138 255 567 813 0 0
82 398 446 624 980 0
85 359 448 783 978 0
162 252 616 708 962 0
216 367 632 839 0 0
191 276 500 850 0 0
188 301 535 805 0 0
185 427 491 782 885 0
115 298 480 874 944 0
59 413 602 712 0 0
69 390 449 846 0 0
214 429 504 693 965 0
154 339 653 876 905 0
214 249 578 655 1014 0
215 329 605 666 0 0
100 257 633 801 812 0
102 411 543 762 0 0
215 432 438 795 0 0
31 432 591 698 887 0
143 403 484 647 946 0
136 426 609 723 0 0
25 373 512 745 998 0
208 416 590 808 920 0
28 251 635 707 0 0
118 252 508 754 0 0
197 423 593 812 0 0
78 394 435 788 979 0
56 272 473 825 899 0
92 257 623 720 0 0
92 419 578 789 0 0
183 292 615 866 923 0
132 418 653 701 0 0
58 384 585 678 0 0
122 306 577 800 990 0
11 387 586 789 0 0
149 299 530 878 1014 0
145 434 583 681 0 0
25 435 596 793 0 0
2 232 592 842 0 0
103 289 656 807 0 0
99 385 439 807 937 0
200 370 646 704 0 0
144 224 501 803 0 0
39 436 592 719 988 0
5 400 597 860 927 0
129 405 576 778 890 0
138 437 586 747 0 0
43 399 605 770 871 0
199 373 642 735 913 0
195 265 582 865 956 1012
85 294 613 664 955 0
203 430 433 832 927 0
217 406 529 857 0 0
