1024 600
3 6
3 3 3 3 3 3 3 3 3 3 3 3 3 3 3 3 3 3 3 3 3 3 3 3 3 3 3 3 3 3 3 3 3 3 3 3 3 3 3 3 3 3 3 3 3 3 3 3 3 3 3 3 3 3 3 3 3 3 3 3 3 3 3 3 3 3 3 3 3 3 3 3 3 3 3 3 3 3 3 3 3 3 3 3 3 3 3 3 3 3 3 3 3 3 3 3 3 3 3 3 3 3 3 3 3 3 3 3 3 3 3 3 3 3 3 3 3 3 3 3 3 3 3 3 3 3 3 3 3 3 3 3 3 3 3 3 3 3 3 3 3 3 3 3 3 3 3 3 3 3 3 3 3 3 3 3 3 3 3 3 3 3 3 3 3 3 3 3 3 3 3 3 3 3 3 3 3 3 3 3 3 3 3 3 3 3 3 3 3 3 3 3 3 3 3 3 3 3 3 3 3 3 3 3 3 3 3 3 3 3 3 3 3 3 3 3 3 3 3 3 3 3 3 3 3 3 3 3 3 3 3 3 3 3 3 3 3 3 3 3 3 3 3 3 3 3 3 3 3 3 3 3 3 3 3 3 3 3 3 3 3 3 3 3 3 3 3 3 3 3 3 3 3 3 3 3 3 3 3 3 3 3 3 3 3 3 3 3 3 3 3 3 3 3 3 3 3 3 3 3 3 3 3 3 3 3 3 3 3 3 3 3 3 3 3 3 3 3 3 3 3 3 3 3 3 3 3 3 3 3 3 3 3 3 3 3 3 3 3 3 3 3 3 3 3 3 3 3 3 3 3 3 3 3 3 3 3 3 3 3 3 3 3 3 3 3 3 3 3 3 3 3 3 3 3 3 3 3 3 3 3 3 3 3 3 3 3 3 3 3 3 3 3 3 3 3 3 3 3 3 3 3 3 3 3 3 3 3 3 3 3 3 3 3 3 3 3 3 3 3 3 3 3 3 3 3 3 3 3 3 3 3 3 3 3 3 3 3 3 3 3 3 3 3 3 3 3 3 3 3 3 3 3 3 3 3 3 3 3 3 3 3 3 3 3 3 3 3 3 3 3 3 3 3 3 3 3 3 3 3 3 3 3 3 3 3 3 3 3 3 3 3 3 3 3 3 3 3 3 3 3 3 3 3 3 3 3 3 3 3 3 3 3 3 3 3 3 3 3 3 3 3 3 3 3 3 3 3 3 3 3 3 3 3 3 3 3 3 3 3 3 3 3 3 3 3 3 3 3 3 3 3 3 3 3 3 3 3 3 3 3 3 3 3 3 3 3 3 3 3 3 3 3 3 3 3 3 3 3 3 3 3 3 3 3 3 3 3 3 3 3 3 3 3 3 3 3 3 3 3 3 3 3 3 3 3 3 3 3 3 3 3 3 3 3 3 3 3 3 3 3 3 3 3 3 3 3 3 3 3 3 3 3 3 3 3 3 3 3 3 3 3 3 3 3 3 3 3 3 3 3 3 3 3 3 3 3 3 3 3 3 3 3 3 3 3 3 3 3 3 3 3 3 3 3 3 3 3 3 3 3 3 3 3 3 3 3 3 3 3 3 3 3 3 3 3 3 3 3 3 3 3 3 3 3 3 3 3 3 3 3 3 3 3 3 3 3 3 3 3 3 3 3 3 3 3 3 3 3 3 3 3 3 3 3 3 3 3 3 3 3 3 3 3 3 3 3 3 3 3 3 3 3 3 3 3 3 3 3 3 3 3 3 3 3 3 3 3 3 3 3 3 3 3 3 3 3 3 3 3 3 3 3 3 3 3 3 3 3 3 3 3 3 3 3 3 3 3 3 3 3 3 3 3 3 3 3 3 3 3 3 3 3 3 3 3 3 3 3 3 3 3 3 3 3 3 3 3 3 3 3 3 3 3 3 3 3 3 3 3 3 3 3 3 3 3 3 3 3 3 3 3 3 3 3 3 3 3 3 3 3 3 3 3 3 3 3 3 3 3 3 3 3 3 3 3 3 3 3 3 3 3 3 3 3 3 3 3 3 3 3 3 3 3 3 3 3 3 3 3 3 3 3 3 3 3 3 3 3 3 3 3 3 3 3 3 3 3 3 3 3 3 3 3 3 3 3 3 3 3 3 3 3 3 3 3 3 3 3 3 3 3 3 3 3 3 3 3 3 3 3 3 3 3 3 3 3 3 3 3 3 3 3 3 3 3 3 3 3 3 3 3 3 3 3 3 3 3 3 3 3 3 3 3 3 3 3 3 3 3 3 3 3 3 3 3 3 3 3 3 3 3 3 3 3 3 3 3 3 3 3 3 3 3 3 3 3 3 3 3 3 3 3 3
6 6 6 6 6 6 6 6 6 6 6 6 6 6 6 6 6 6 6 6 6 5 5 5 5 5 5 5 5 5 5 5 5 6 5 5 5 5 5 5 5 5 5 5 5 5 5 5 5 5 5 5 5 6 5 5 5 5 5 5 5 5 5 5 5 5 5 5 5 5 5 6 5 5 5 5 5 5 5 5 6 5 6 5 5 5 5 5 5 5 5 5 5 6 5 5 6 5 5 5 5 5 5 5 5 5 5 5 5 5 5 5 5 5 5 5 5 6 5 5 5 5 5 5 5 5 5 5 6 5 5 5 5 5 5 6 5 5 6 5 5 6 6 5 5 5 5 5 5 5 5 5 5 5 5 5 5 5 5 5 5 5 6 5 5 6 5 5 5 5 5 5 5 5 5 5 5 5 5 5 5 5 5 5 5 5 5 5 5 5 5 5 5 5 5 6 5 5 5 5 5 5 6 5 5 5 5 5 5 5 5 6 5 5 5 6 5 6 5 5 5 5 5 5 5 5 5 5 5 6 5 5 5 5 5 5 5 5 5 5 5 5 5 5 5 5 5 5 5 5 5 5 5 5 5 5 5 5 5 5 5 6 5 5 5 5 5 5 5 5 5 5 5 5 5 5 5 5 5 5 5 5 5 5 5 5 5 5 5 5 5 5 5 5 5 5 5 6 5 5 5 5 5 5 5 5 5 5 5 5 5 5 5 5 5 5 5 5 5 5 5 5 5 5 5 5 5 5 5 5 5 5 5 5 5 5 5 5 5 5 5 5 5 6 5 5 5 5 5 6 5 5 5 5 5 5 5 5 5 5 6 5 5 5 5 5 5 6 5 6 5 6 5 5 6 5 6 5 5 5 5 5 5 5 5 5 5 5 5 5 6 5 5 5 5 5 5 5 5 5 5 5 5 5 5 5 5 5 6 5 6 5 5 5 5 5 5 5 5 5 5 5 6 5 5 5 5 5 5 5 5 5 5 5 5 6 5 5 5 5 5 5 5 6 5 5 5 5 5 5 5 5 5 5 5 5 5 5 5 5 5 5 5 5 5 5 5 5 5 5 5 6 5 5 5 5 5 5 5 5 5 5 5 5 5 5 5 5 5 5 5 5 5 5 5 5 5 5 5 5 5 6 5 5 5 5 5 5 5 6 5 6 5 5 5 5 5 5 5 5 5 5 5 5 6 5 6 5 5 5 5 5 5 5 5 6 6 5 5 5 5 5 5 5 5 5 5 5 5 5 5 5 5 5 5 5 5 5 5 5 5 5 5 5 5 5 5 5 5 5 5 5 6 5 5 5 5 5 5 6 5 5 5 5 5 5 5 6 5 5 6 5 5 6 5 5 6 5 5 5
1 229 337
2 465 587
3 202 402
4 50 387
5 159 593
6 65 155
7 104 143
8 34 97
9 20 129
10 133 413
11 258 584
12 394 508
13 298 323
14 82 251
15 327 450
16 30 246
17 193 438
18 271 526
19 52 401
21 142 151
22 225 456
23 174 305
24 404 454
25 110 437
26 571 588
27 189 264
28 36 217
29 365 573
31 467 486
32 83 485
33 273 568
35 232 469
37 144 501
38 130 283
39 384 527
40 152 291
41 157 328
42 227 410
43 511 592
44 281 535
45 336 464
46 183 406
47 476 596
48 67 237
49 338 345
51 201 496
53 344 386
54 90 216
55 58 102
56 427 457
57 181 509
59 94 111
60 162 238
61 72 342
62 274 376
63 522 577
64 493 547
66 257 581
68 466 560
69 176 187
70 296 382
71 120 126
73 278 324
74 319 516
75 263 349
76 242 452
77 167 191
78 96 439
79 529 561
80 219 362
81 114 158
84 245 333
85 213 332
86 301 424
87 538 546
88 140 484
89 113 150
91 321 576
92 135 194
93 132 206
95 178 292
98 425 554
99 267 372
100 434 495
101 555 598
103 121 309
105 353 541
106 139 239
107 346 460
108 463 517
109 184 494
112 578 579
115 269 367
116 145 369
117 188 540
118 186 445
119 170 459
122 358 447
123 163 589
124 205 566
125 197 221
127 215 567
128 199 590
131 190 532
134 226 549
136 231 458
137 392 515
138 204 352
141 422 502
146 300 391
147 390 409
148 166 255
149 214 222
153 441 552
154 247 562
156 350 462
160 182 318
161 304 574
164 275 284
165 198 236
168 287 548
169 212 583
171 254 279
172 259 442
173 285 347
175 329 491
177 203 320
179 210 360
180 461 594
185 414 479
192 388 405
195 341 582
196 228 455
200 303 521
207 381 528
208 470 570
209 260 348
211 551 595
218 308 500
220 371 378
223 272 407
224 355 359
230 512 572
233 478 591
234 383 585
235 518 534
240 506 519
241 436 490
243 432 580
244 477 487
248 307 374
249 277 395
250 290 468
252 253 563
256 331 396
261 282 398
262 280 499
265 417 492
266 302 453
268 370 514
270 368 504
276 314 556
286 379 449
288 473 537
289 330 357
293 481 498
294 377 429
295 416 530
297 313 480
299 311 536
306 539 542
310 354 513
312 418 431
315 366 545
316 419 428
317 430 525
322 412 489
325 343 472
326 421 483
334 443 471
335 351 531
339 420 507
340 523 597
356 440 544
361 399 565
363 446 524
364 435 444
373 553 569
375 433 505
380 448 497
385 397 564
389 423 475
393 474 510
400 520 550
403 575 600
408 411 533
415 451 599
426 543 557
482 559 586
488 503 558
1 212 255
2 300 424
3 47 575
4 200 472
5 20 375
6 135 318
7 12 183
8 227 567
9 174 358
10 15 230
11 170 297
13 103 114
14 22 186
16 334 387
17 427 430
18 180 277
19 247 319
21 244 553
23 374 478
24 62 134
25 106 489
26 381 461
27 273 457
28 314 592
29 129 285
30 156 496
31 226 399
32 116 163
33 75 331
34 388 517
35 326 355
36 422 589
37 150 237
38 303 486
39 49 522
40 51 536
41 373 428
42 59 542
43 175 240
44 143 526
45 235 368
46 140 439
48 111 274
50 77 435
52 351 521
53 336 371
54 154 214
55 198 451
56 546 565
57 253 400
58 118 574
60 558 577
61 101 353
63 71 494
64 532 555
65 289 346
66 569 580
67 360 487
68 209 488
69 271 386
70 215 433
72 173 499
73 122 544
74 119 458
76 272 597
78 158 549
79 293 316
80 287 394
81 412 545
82 88 450
83 115 462
84 337 579
85 325 403
86 396 550
87 479 514
89 492 554
90 390 397
91 224 505
92 356 453
93 259 500
94 455 510
95 126 298
96 218 533
97 117 171
98 229 282
99 443 557
100 177 417
102 310 559
104 124 590
105 380 490
107 164 475
108 153 582
109 211 312
110 507 585
112 250 377
113 137 295
120 449 473
121 363 570
123 204 523
125 238 423
127 491 518
128 241 294
130 182 588
131 147 466
132 407 591
133 232 252
136 341 354
138 166 587
139 556 564
141 330 481
142 181 584
144 190 299
145 288 599
146 202 220
148 208 405
149 187 307
151 249 551
152 256 548
155 495 512
157 213 365
159 193 384
160 254 379
161 234 262
162 333 444
165 414 581
167 456 506
168 302 513
169 278 370
172 197 586
176 284 393
178 448 476
179 242 426
184 203 349
185 270 493
188 264 420
189 468 529
191 315 483
192 267 409
194 269 525
195 392 596
196 415 563
199 480 511
201 296 432
205 416 527
206 258 540
207 261 304
210 280 378
216 290 327
217 411 600
219 452 576
221 446 573
222 257 345
223 260 531
225 263 305
228 335 436
231 366 498
233 515 538
236 320 322
239 362 539
243 460 497
245 369 454
246 339 535
248 471 541
251 352 504
265 401 464
266 329 395
268 359 408
275 431 485
276 317 344
279 328 566
281 357 583
283 301 593
286 311 484
291 398 474
292 340 528
306 391 442
308 418 441
309 313 350
321 367 425
323 477 578
324 376 562
332 413 437
338 383 470
342 508 561
343 547 595
347 361 509
348 419 445
364 385 520
372 459 537
382 503 571
389 543 568
402 447 560
404 434 598
162 406 516
349 410 502
421 501 594
429 482 534
133 438 552
50 440 530
463 467 519
465 469 561
180 524 572
1 329 541
2 113 164
3 250 320
4 206 304
5 136 477
6 186 509
7 192 236
8 317 483
9 314 414
10 73 272
11 80 187
12 38 83
13 400 464
14 48 350
15 215 284
16 408 428
17 58 380
18 33 335
19 201 239
20 420 434
21 123 147
22 308 345
23 26 158
24 40 124
25 151 416
27 240 340
28 379 423
29 137 372
30 71 482
31 53 577
32 234 514
34 260 369
35 214 449
36 425 513
37 264 599
39 229 351
41 168 196
42 439 573
43 81 391
44 195 306
45 132 481
46 179 547
47 135 474
49 190 476
51 56 587
52 72 525
54 289 528
55 562 595
57 143 505
59 466 469
60 152 370
61 218 385
62 141 443
63 424 452
64 69 316
65 287 579
66 115 572
67 256 388
68 199 585
70 241 589
74 97 202
75 139 537
76 341 353
77 100 455
78 107 507
79 108 382
82 344 515
84 211 224
85 166 231
86 357 446
87 298 453
88 261 489
89 470 588
90 213 462
91 171 504
92 170 467
93 159 473
94 235 243
95 437 557
96 356 501
98 413 442
99 312 427
101 125 233
102 114 568
103 548 555
104 167 569
105 150 560
106 130 419
109 252 381
110 154 463
111 262 384
112 295 493
116 265 307
117 399 524
118 148 321
119 246 282
120 208 333
121 200 552
122 181 366
126 173 209
127 309 411
128 212 318
129 371 395
131 279 407
134 302 468
138 177 594
140 323 490
142 327 586
144 347 422
145 342 403
146 263 268
149 364 565
153 359 417
155 210 303
156 358 426
157 401 448
160 343 546
161 526 578
163 226 326
165 387 523
169 189 227
172 185 488
174 205 319
175 232 406
176 405 447
178 315 394
182 244 518
132 183 310
184 354 580
188 373 499
191 376 503
193 291 374
194 221 433
197 360 457
198 297 550
203 311 540
204 378 398
207 542 598
216 334 335
217 247 301
219 461 479
220 338 415
222 249 294
223 355 564
225 325 339
228 242 412
230 288 511
237 293 435
238 418 512
245 392 581
248 494 529
251 273 590
253 377 517
254 396 440
255 556 563
257 389 498
258 485 522
259 313 454
266 409 571
267 280 583
269 324 534
270 536 545
271 441 496
274 286 300
275 276 363
277 346 600
278 352 520
281 328 444
283 299 543
285 432 472
290 456 593
292 388 533
146 296 584
305 491 596
322 460 558
330 393 553
331 375 497
332 429 478
336 438 535
337 501 559
329 348 431
361 527 597
362 475 506
365 402 519
107 367 471
216 368 570
383 539 544
264 386 390
102 397 510
21 404 576
410 429 445
41 421 480
430 484 566
170 436 465
450 492 532
451 478 521
458 551 592
158 435 459
486 500 502
487 530 575
298 495 567
508 538 554
516 574 582
531 549 580
77 411 591
1 14 154
2 310 512
3 418 499
4 169 545
5 364 466
6 30 116
7 196 379
8 197 283
9 79 474
10 67 401
11 85 340
12 249 564
13 76 83
15 378 498
16 59 276
17 126 584
18 162 265
19 147 471
20 163 595
22 207 444
23 254 454
24 490 556
25 93 548
26 229 567
27 479 481
28 31 304
29 286 321
32 366 566
33 211 353
34 302 306
35 44 352
36 90 535
37 433 489
38 368 494
39 46 289
40 42 55
43 356 553
45 78 551
47 73 461
48 250 524
49 176 355
50 348 365
51 473 491
52 195 447
53 70 557
54 125 177
56 74 434
57 360 531
58 440 492
60 403 419
61 220 536
62 362 552
63 96 581
64 267 391
65 184 560
66 193 409
68 300 518
69 396 495
71 463 532
72 182 513
75 135 231
80 420 534
81 275 294
82 159 539
84 122 241
86 185 232
87 131 376
88 213 414
89 281 457
91 189 222
92 432 598
94 392 540
95 113 149
97 103 330
98 167 358
99 305 385
100 239 522
101 104 258
105 165 171
106 111 550
108 287 334
109 390 480
110 349 523
112 389 408
114 204 456
115 209 516
117 133 559
118 230 503
119 308 446
120 123 233
121 266 497
124 424 571
127 226 508
128 438 533
129 297 407
130 526 591
134 242 268
136 144 455
137 180 415
138 380 486
139 188 493
140 359 572
141 465 505
142 519 583
143 350 537
145 319 568
148 301 387
150 259 324
151 155 470
152 554 597
153 546 599
156 244 563
157 318 452
160 371 410
161 218 327
164 174 421
166 468 585
168 344 575
172 361 600
173 309 544
175 525 578
178 203 246
179 217 431
181 510 541
183 201 290
186 243 543
187 320 425
190 236 325
191 338 375
192 235 282
194 206 277
198 382 475
199 341 398
200 326 450
202 248 590
205 472 482
208 373 400
210 397 558
212 271 484
214 256 296
215 520 547
219 288 430
221 279 582
223 502 590
224 403 542
150 225 253
227 312 460
228 357 445
234 436 596
71 237 395
238 270 393
240 350 417
245 303 425
247 262 394
178 251 451
252 453 527
255 399 476
257 467 487
260 381 536
261 377 424
263 367 530
269 292 593
272 317 343
273 285 413
176 274 458
278 354 363
280 307 314
284 426 579
137 291 586
293 312 521
295 422 496
299 313 517
311 506 538
244 315 573
76 316 449
322 464 561
174 323 577
110 328 342
207 331 402
332 483 500
333 477 485
336 428 576
337 514 593
339 406 515
287 345 587
10 346 404
347 529 562
171 351 511
369 384 555
370 448 592
372 464 528
374 433 507
383 423 565
386 416 459
405 549 599
129 412 441
427 462 501
437 569 574
439 488 570
442 469 594
406 443 588
459 504 509
61 460 589
1 200 322
2 544 595
3 25 163
4 430 469
5 6 554
7 73 466
8 66 496
9 203 526
11 570 578
12 118 220
13 30 68
14 242 373
15 297 535
16 23 450
17 196 229
18 166 376
19 165 500
20 289 389
21 153 305
22 219 585
24 257 509
26 29 188
27 246 379
28 400 587
31 404 510
32 443 533
33 88 518
34 364 494
35 135 319
36 158 362
37 42 426
38 43 358
39 524 545
40 208 462
41 269 441
44 366 530
45 124 177
46 84 517
47 439 480
48 227 490
49 50 182
51 325 341
52 204 565
53 562 566
54 127 308
55 216 572
56 75 241
57 132 579
34 58 498
59 346 513
60 255 313
62 64 197
63 413 537
65 329 421
67 87 564
69 225 448
70 252 394
72 205 370
74 107 492
77 280 489
78 449 512
79 85 543
80 411 553
81 120 401
82 167 249
83 94 583
86 116 317
89 156 420
90 384 442
91 262 472
92 344 348
93 359 381
95 234 393
96 423 497
97 143 395
98 108 499
99 271 429
100 149 342
101 468 516
102 159 272
103 112 191
104 345 474
105 411 532
106 187 427
109 183 212
111 338 339
113 134 311
114 155 221
115 160 251
117 487 557
119 299 397
121 415 471
122 277 428
123 232 567
125 300 388
126 211 446
128 173 301
130 133 263
131 528 575
136 164 185
138 318 542
139 521 597
140 236 481
141 157 574
142 195 561
144 265 571
145 267 298
146 551 582
147 172 445
148 248 281
151 335 581
152 279 455
154 546 573
161 256 594
162 235 453
168 237 270
169 407 447
170 290 541
175 193 293
179 331 451
180 314 463
181 525 569
184 222 586
186 258 486
189 228 369
190 511 539
192 334 352
194 199 563
198 493 505
201 307 504
202 315 316
206 273 458
209 226 396
210 465 534
213 357 577
214 478 592
215 456 556
217 482 503
218 527 540
223 387 423
224 356 398
230 330 333
231 337 418
233 354 382
238 321 483
239 360 484
240 328 377
243 250 520
245 432 506
247 264 303
253 368 555
254 261 422
259 375 438
260 323 552
266 332 550
268 343 437
274 336 523
275 454 508
276 286 589
278 374 568
282 399 417
283 365 378
284 416 558
285 435 470
288 363 529
291 292 452
294 310 409
295 519 531
296 385 414
302 419 434
304 320 588
306 431 507
309 502 515
324 355 477
326 457 596
327 386 491
340 392 412
347 351 538
349 405 547
353 444 488
361 473 598
367 383 548
371 436 475
372 408 440
380 391 479
390 402 485
54 410 514
461 522 580
230 467 591
476 560 576
495 536 600
139 549 584
502 525 559
1 72 375
2 262 344
3 298 591
4 350 512
5 391 472
6 218 377
7 81 142
8 166 510
9 118 597
10 203 436
11 370 409
12 372 580
13 129 216
14 527 588
15 196 361
16 97 212
17 163 368
18 83 573
19 136 143
20 94 537
21 444 594
1 201 403 608 811 1004
2 202 404 609 812 1005
3 203 405 610 813 1006
4 204 406 611 814 1007
5 205 407 612 815 1008
6 206 408 613 815 1009
7 207 409 614 816 1010
8 208 410 615 817 1011
9 209 411 616 818 1012
10 210 412 617 793 1013
11 211 413 618 819 1014
12 207 414 619 820 1015
13 212 415 620 821 1016
14 213 416 608 822 1017
15 210 417 621 823 1018
16 214 418 622 824 1019
17 215 419 623 825 1020
18 216 420 624 826 1021
19 217 421 625 827 1022
9 205 422 626 828 1023
20 218 423 592 829 1024
21 213 424 627 830 0
22 219 425 628 824 0
23 220 426 629 831 0
24 221 427 630 813 0
25 222 425 631 832 0
26 223 428 632 833 0
27 224 429 633 834 0
28 225 430 634 832 0
16 226 431 613 821 0
29 227 432 633 835 0
30 228 433 635 836 0
31 229 420 636 837 0
8 230 434 637 838 859
32 231 435 638 839 0
27 232 436 639 840 0
33 233 437 640 841 0
34 234 414 641 842 0
35 235 438 642 843 0
36 236 426 643 844 0
37 237 439 594 845 0
38 238 440 643 841 0
39 239 441 644 842 0
40 240 442 638 846 0
41 241 443 645 847 0
42 242 444 642 848 0
43 203 445 646 849 0
44 243 416 647 850 0
45 235 446 648 851 0
4 244 399 649 851 0
46 236 447 650 852 0
19 245 448 651 853 0
47 246 432 652 854 0
48 247 449 653 855 997
49 248 450 643 856 0
50 249 447 654 857 0
51 250 451 655 858 0
49 251 419 656 859 0
52 238 452 622 860 0
53 252 453 657 861 0
54 253 454 658 810 0
55 220 455 659 862 0
56 254 456 660 863 0
57 255 457 661 862 0
6 256 458 662 864 0
58 257 459 663 817 0
44 258 460 617 865 0
59 259 461 664 821 0
60 260 457 665 866 0
61 261 462 652 867 0
62 254 431 666 757 0
54 262 448 667 868 1004
63 263 412 646 816 0
64 264 463 654 869 0
65 229 464 668 857 0
66 265 465 620 782 0
67 244 466 607 870 0
68 266 467 645 871 0
69 267 468 616 872 0
70 268 413 669 873 0
71 269 441 670 874 1010
14 270 469 671 875 0
30 271 414 620 876 1021
72 272 470 672 848 0
73 273 471 618 872 0
74 274 472 673 877 0
75 275 473 674 865 0
76 270 474 675 837 0
77 276 475 676 878 0
48 277 476 639 879 0
78 278 477 677 880 0
79 279 478 678 881 0
80 280 479 630 882 0
52 281 480 679 876 1023
81 282 481 680 883 0
68 283 482 660 884 0
8 284 463 681 885 1019
82 285 483 682 886 0
83 286 484 683 887 0
84 287 466 684 888 0
85 253 485 685 889 0
49 288 486 591 890 0
86 212 487 681 891 0
7 289 488 685 892 0
87 290 489 686 893 0
88 221 490 687 894 0
89 291 467 587 869 0
90 292 468 688 886 0
91 293 491 689 895 0
24 294 492 690 785 0
52 243 493 687 896 0
92 295 494 691 891 0
77 296 404 680 897 0
71 212 486 692 898 0
93 271 459 693 899 0
94 228 495 613 877 0
95 284 496 694 900 0
96 251 497 695 820 1012
97 264 498 696 901 0
62 297 499 697 874 0
86 298 500 698 902 0
98 263 501 672 903 0
99 299 423 697 904 0
100 289 426 699 847 0
101 300 485 653 905 0
62 282 502 623 906 0
102 301 503 700 855 0
103 302 504 701 907 0
9 225 505 702 803 1016
34 303 490 703 908 0
104 304 506 674 909 0
80 305 443 530 858 0
10 306 398 694 908 0
105 220 507 704 897 0
79 206 445 668 839 0
106 307 407 705 910 1022
107 296 430 706 776 0
108 308 508 707 911 0
88 309 464 708 912 1002
76 242 509 709 913 0
109 310 455 710 914 0
20 311 510 711 915 1010
7 240 451 712 885 1022
33 312 511 705 916 0
94 313 512 713 917 0
110 314 513 575 918 0
111 304 423 625 919 0
112 315 497 714 920 0
113 316 514 680 888 0
77 233 489 715 753 0
20 317 427 716 921 0
36 318 453 717 922 0
114 292 515 718 829 0
115 247 492 608 923 0
6 319 516 716 898 0
116 226 517 719 878 0
37 320 518 720 914 0
71 266 425 600 840 0
5 321 479 671 890 0
117 322 519 721 899 0
118 323 520 722 924 0
53 324 394 624 925 0
99 228 521 626 813 1020
119 291 404 723 910 0
120 325 522 686 827 0
112 308 471 724 826 1011
67 326 488 682 875 0
121 327 439 725 926 0
122 328 523 611 927 0
97 211 478 596 928 0
123 284 477 686 795 0
124 329 524 726 919 0
125 262 502 727 907 0
22 209 525 723 784 0
126 239 526 728 929 0
60 330 527 648 772 0
127 287 508 653 847 0
81 331 528 729 762 0
128 332 444 730 930 0
129 216 402 706 931 0
51 311 501 731 932 0
117 303 529 667 851 0
42 207 530 732 895 0
91 333 531 662 933 0
130 334 524 673 910 0
96 213 408 733 934 0
60 316 413 734 894 0
95 335 532 708 832 0
26 336 523 677 935 0
104 312 446 735 936 0
67 337 533 736 891 0
131 338 409 737 937 0
17 321 534 663 929 0
79 339 535 738 938 0
132 340 442 651 915 0
133 341 439 614 825 1018
101 329 536 615 862 0
120 248 537 739 939 0
103 342 461 740 938 0
134 204 500 741 811 0
46 343 421 732 940 0
3 314 463 742 941 0
127 333 538 729 818 1013
108 299 539 692 853 0
100 344 525 743 868 0
80 345 406 738 942 0
135 346 540 627 786 0
136 315 499 744 844 0
137 259 502 693 943 0
128 347 516 745 944 0
138 293 470 636 906 0
122 201 504 746 895 1019
73 320 476 675 945 0
113 247 435 747 946 0
102 261 417 748 947 0
48 348 541 588 856 1016
27 349 542 730 948 0
139 283 454 722 949 1009
70 350 543 749 830 0
140 314 544 658 820 0
101 351 535 750 898 0
113 352 545 677 933 0
141 353 546 751 950 0
142 278 470 752 951 0
21 354 547 753 866 0
105 227 521 700 943 0
38 208 523 754 850 0
133 355 548 755 935 0
1 285 438 631 825 0
143 210 549 695 952 999
106 356 471 668 953 0
32 306 526 673 904 0
144 357 485 697 954 0
145 323 433 756 883 0
146 241 480 737 925 0
120 358 409 735 913 0
44 233 550 757 926 0
53 300 551 758 955 0
88 359 421 684 956 0
147 239 428 759 957 0
148 302 462 672 857 0
66 332 548 704 822 0
149 360 480 733 958 0
150 218 529 719 781 0
72 361 552 760 959 0
16 362 498 729 833 0
115 217 542 761 960 0
151 363 553 742 920 0
152 317 545 619 875 0
153 295 405 647 958 0
14 364 554 762 899 0
154 306 491 763 867 0
154 250 555 753 961 0
123 322 556 628 962 0
112 201 557 764 861 0
155 318 460 747 924 0
58 352 558 765 831 0
11 345 559 685 934 0
124 280 560 715 963 0
137 353 434 766 964 0
156 346 474 767 962 0
157 323 493 761 880 1005
65 354 513 768 908 0
26 335 437 590 960 0
158 365 495 624 916 0
159 366 561 698 965 0
83 338 562 661 917 0
160 367 513 704 966 0
93 339 563 769 845 0
161 334 564 758 926 0
18 260 565 746 887 0
141 265 412 770 890 0
31 223 554 771 942 0
55 243 566 772 967 0
119 368 567 670 968 0
162 369 567 622 969 0
152 216 568 738 903 0
63 328 569 773 970 0
123 370 506 750 922 0
157 347 562 774 870 0
40 371 570 676 920 0
156 285 498 737 971 0
34 372 571 615 972 0
119 330 417 775 973 0
125 225 572 771 974 0
163 373 566 634 969 0
121 268 458 688 792 0
164 313 549 749 975 0
165 256 449 642 828 0
153 348 573 732 928 0
36 374 534 776 976 0
81 375 574 769 976 0
166 267 550 777 929 0
167 302 545 670 977 0
168 296 494 778 978 0
61 343 575 747 979 0
169 211 537 702 823 0
13 282 473 603 917 1006
170 312 571 779 901 0
110 202 566 664 905 0
74 372 542 714 907 0
159 327 507 637 980 0
134 234 516 760 960 0
118 346 406 633 981 0
22 354 576 683 829 0
171 376 442 637 982 0
151 316 495 774 940 0
139 377 424 696 855 0
86 378 503 727 983 0
172 288 530 609 977 0
170 373 538 780 897 0
173 293 484 754 777 0
169 378 560 779 861 0
162 224 411 774 931 0
174 337 528 781 941 0
175 267 457 782 941 0
176 369 410 770 877 0
117 206 504 720 911 0
64 217 525 713 839 0
127 358 405 734 981 0
78 379 497 634 955 0
177 358 577 783 811 0
13 380 509 784 964 0
63 381 563 715 984 0
178 273 547 735 852 0
179 231 521 741 985 0
15 348 510 722 986 0
37 370 570 785 957 0
126 366 403 583 864 0
165 310 578 681 952 0
155 229 579 786 930 0
73 382 580 787 965 0
72 324 499 788 952 0
180 214 541 688 937 0
181 355 420 541 921 0
41 246 581 789 967 0
1 272 582 790 953 0
45 383 544 736 896 0
182 362 547 791 896 0
183 375 428 618 987 0
132 307 465 740 852 0
54 384 512 785 888 0
178 385 519 770 966 0
47 369 469 725 881 1005
45 352 424 792 892 0
89 256 568 793 860 0
125 386 511 794 988 0
137 387 583 649 881 0
65 333 395 690 989 0
116 378 416 712 759 1007
181 245 438 795 988 0
108 364 569 638 937 0
87 253 465 636 990 0
172 307 531 773 954 0
142 231 546 648 984 0
184 279 482 644 951 0
165 371 472 755 945 0
98 209 517 682 842 0
142 367 515 709 882 0
128 258 536 655 956 0
185 386 584 726 991 1018
70 359 585 659 840 0
186 298 567 773 975 0
187 388 514 612 838 0
28 320 586 649 972 0
174 356 501 635 846 0
93 379 587 768 992 0
161 241 588 641 961 1020
94 361 434 796 935 0
160 328 453 797 868 1014
140 246 505 721 993 0
83 389 430 798 994 1015
188 237 532 744 822 0
151 219 534 799 970 0
189 205 579 736 963 1004
55 381 533 674 826 0
167 295 555 767 957 1009
140 347 539 621 972 0
163 322 429 614 833 0
190 290 419 707 995 0
135 222 491 766 882 0
61 390 468 739 954 0
145 383 589 800 992 0
35 321 493 796 879 0
191 388 454 683 979 0
47 260 590 801 986 0
4 214 522 714 950 0
131 230 460 574 905 0
192 391 558 691 828 0
111 277 590 689 996 0
110 376 441 661 995 1008
107 340 552 679 987 0
193 330 578 758 883 0
12 268 528 761 867 0
152 366 505 757 885 0
155 274 556 665 943 0
191 277 591 745 901 0
156 374 539 740 951 0
185 227 496 764 971 0
194 250 415 744 834 0
19 365 518 617 874 0
3 392 586 786 996 0
195 273 512 657 752 0
23 393 592 793 835 0
131 315 527 802 989 0
42 394 526 791 808 0
141 305 506 702 927 0
196 367 418 691 994 0
111 338 561 663 977 1014
38 395 593 721 997 0
196 349 503 607 873 893
177 269 548 803 987 0
10 382 483 771 863 0
130 325 411 675 979 0
197 341 544 706 902 0
168 344 427 801 973 0
158 287 515 759 971 0
173 377 551 610 953 0
175 387 490 657 980 0
182 335 422 669 878 0
179 396 594 723 864 0
109 232 511 778 962 0
192 300 429 800 884 950
74 202 456 699 767 0
82 379 436 734 760 0
198 332 517 775 841 0
50 215 484 804 894 0
175 237 418 789 903 0
167 397 580 593 887 0
176 215 595 749 814 0
173 368 583 730 982 0
149 343 572 678 959 0
189 261 535 640 799 0
84 393 422 654 980 0
187 244 550 600 974 0
148 355 596 756 993 1013
24 382 481 805 966 0
17 398 581 701 963 0
68 242 440 806 849 0
184 399 556 656 994 0
114 377 565 803 845 0
124 376 483 807 879 0
180 286 455 808 836 0
187 324 570 627 990 1024
96 387 593 755 919 0
186 351 472 696 906 0
98 392 527 651 927 0
190 331 518 797 866 0
163 297 435 782 871 0
15 270 597 741 824 0
197 248 598 762 930 0
66 350 456 720 976 0
159 279 473 763 925 0
23 361 560 628 968 0
133 281 466 705 922 0
21 326 573 692 947 0
50 223 536 676 985 0
106 264 599 772 942 0
97 389 600 801 809 0
89 360 577 754 810 0
129 222 543 646 998 0
116 271 476 804 844 0
90 400 492 666 931 0
41 365 415 783 798 0
2 401 596 710 944 0
59 304 452 612 816 0
29 400 478 765 999 0
153 336 507 724 889 0
32 401 452 807 814 0
136 383 475 716 974 0
180 363 587 625 902 0
178 204 572 743 880 1008
164 297 479 650 991 0
193 374 445 616 892 0
192 291 585 739 993 0
43 331 446 764 1000 0
150 380 407 788 984 0
144 219 580 598 946 0
130 275 543 632 995 0
169 342 594 689 849 0
166 310 443 632 913 0
199 397 431 743 948 0
179 337 410 787 955 0
76 373 595 746 956 0
30 368 559 788 996 0
29 234 601 707 934 0
150 258 602 765 900 0
200 259 524 806 990 0
177 221 474 640 870 0
148 290 509 629 850 0
126 301 576 650 986 0
158 276 597 656 869 0
57 334 494 708 939 0
91 254 553 641 838 0
84 319 603 665 1001 0
46 226 565 778 817 0
190 360 579 698 884 0
166 356 558 621 859 0
157 262 532 610 886 0
139 280 601 787 827 0
33 396 482 582 804 0
109 395 601 751 983 1003
200 390 533 695 948 0
161 364 477 809 940 0
189 278 451 710 939 0
147 326 585 780 959 0
182 294 467 799 982 0
12 384 604 700 968 0
51 386 408 809 831 0
193 281 591 731 835 1011
39 342 549 795 936 0
143 319 551 609 871 1007
172 327 436 667 860 0
160 275 433 790 997 0
107 357 469 791 983 0
64 394 605 693 889 0
90 230 555 779 848 0
146 301 529 664 837 0
147 400 586 711 978 0
194 388 569 748 958 0
134 245 598 777 912 0
56 235 559 684 998 0
183 299 522 690 967 0
186 402 496 647 843 0
176 339 448 728 932 1003
18 240 520 703 818 0
35 344 584 763 949 1017
135 375 449 798 909 0
69 336 553 794 975 0
168 399 602 768 846 0
181 353 606 655 978 0
104 255 597 666 893 0
196 283 574 701 836 0
146 397 563 669 944 0
40 362 581 639 823 0
170 236 564 658 766 1001
164 389 464 712 863 1023
75 357 604 780 988 0
171 359 589 671 936 0
95 345 538 679 949 0
87 363 403 731 928 0
171 238 540 752 911 0
198 391 571 733 872 0
184 263 589 727 812 0
174 269 564 611 843 0
75 249 519 718 923 0
57 385 444 748 989 0
121 318 487 630 992 0
105 266 606 802 1002 0
194 274 537 687 965 0
138 317 599 645 918 0
114 398 500 659 964 0
188 218 578 644 873 0
82 276 604 717 815 0
85 255 487 796 961 0
162 309 557 629 947 0
198 286 481 652 900 0
200 252 577 745 973 0
199 288 582 694 1003 0
59 392 489 662 1000 0
69 384 401 783 915 0
115 381 450 794 854 0
154 341 557 719 938 0
191 309 546 619 865 0
185 249 514 800 853 0
100 370 595 635 854 0
102 208 603 631 904 0
31 391 486 713 970 0
188 257 488 805 932 0
136 298 588 806 819 0
25 390 561 699 916 0
143 402 459 709 856 0
28 351 440 781 923 1021
118 251 605 805 914 0
195 203 602 725 909 0
78 350 592 789 1000 0
56 252 432 784 945 0
92 380 520 728 819 0
92 272 458 775 858 0
149 257 531 606 998 1015
58 325 552 660 921 0
132 292 605 750 918 0
122 371 562 711 876 0
11 311 575 623 1002 0
145 294 461 724 830 0
199 329 510 776 933 0
2 308 447 792 834 0
25 303 475 808 981 1017
99 232 462 810 969 0
103 289 554 742 751 0
144 305 607 703 999 1006
39 224 599 797 946 0
5 372 573 769 790 0
129 396 508 807 924 1024
138 385 450 626 812 0
43 340 576 756 985 0
183 265 584 717 912 1012
85 393 540 678 991 0
197 313 437 718 802 0
195 349 568 726 1001 0
