1024 83
6 75
6 6 6 6 6 6 6 6 6 6 6 6 6 6 6 6 6 6 6 6 6 6 6 6 6 6 6 6 6 6 6 6 6 6 6 6 6 6 6 6 6 6 6 6 6 6 6 6 6 6 6 6 6 6 6 6 6 6 6 6 6 6 6 6 6 6 6 6 6 6 6 6 6 6 6 6 6 6 6 6 6 6 6 6 6 6 6 6 6 6 6 6 6 6 6 6 6 6 6 6 6 6 6 6 6 6 6 6 6 6 6 6 6 6 6 6 6 6 6 6 6 6 6 6 6 6 6 6 6 6 6 6 6 6 6 6 6 6 6 6 6 6 6 6 6 6 6 6 6 6 6 6 6 6 6 6 6 6 6 6 6 6 6 6 6 6 6 6 6 6 6 6 6 6 6 6 6 6 6 6 6 6 6 6 6 6 6 6 6 6 6 6 6 6 6 6 6 6 6 6 6 6 6 6 6 6 6 6 6 6 6 6 6 6 6 6 6 6 6 6 6 6 6 6 6 6 6 6 6 6 6 6 6 6 6 6 6 6 6 6 6 6 6 6 6 6 6 6 6 6 6 6 6 6 6 6 6 6 6 6 6 6 6 6 6 6 6 6 6 6 6 6 6 6 6 6 6 6 6 6 6 6 6 6 6 6 6 6 6 6 6 6 6 6 6 6 6 6 6 6 6 6 6 6 6 6 6 6 6 6 6 6 6 6 6 6 6 6 6 6 6 6 6 6 6 6 6 6 6 6 6 6 6 6 6 6 6 6 6 6 6 6 6 6 6 6 6 6 6 6 6 6 6 6 6 6 6 6 6 6 6 6 6 6 6 6 6 6 6 6 6 6 6 6 6 6 6 6 6 6 6 6 6 6 6 6 6 6 6 6 6 6 6 6 6 6 6 6 6 6 6 6 6 6 6 6 6 6 6 6 6 6 6 6 6 6 6 6 6 6 6 6 6 6 6 6 6 6 6 6 6 6 6 6 6 6 6 6 6 6 6 6 6 6 6 6 6 6 6 6 6 6 6 6 6 6 6 6 6 6 6 6 6 6 6 6 6 6 6 6 6 6 6 6 6 6 6 6 6 6 6 6 6 6 6 6 6 6 6 6 6 6 6 6 6 6 6 6 6 6 6 6 6 6 6 6 6 6 6 6 6 6 6 6 6 6 6 6 6 6 6 6 6 6 6 6 6 6 6 6 6 6 6 6 6 6 6 6 6 6 6 6 6 6 6 6 6 6 6 6 6 6 6 6 6 6 6 6 6 6 6 6 6 6 6 6 6 6 6 6 6 6 6 6 6 6 6 6 6 6 6 6 6 6 6 6 6 6 6 6 6 6 6 6 6 6 6 6 6 6 6 6 6 6 6 6 6 6 6 6 6 6 6 6 6 6 6 6 6 6 6 6 6 6 6 6 6 6 6 6 6 6 6 6 6 6 6 6 6 6 6 6 6 6 6 6 6 6 6 6 6 6 6 6 6 6 6 6 6 6 6 6 6 6 6 6 6 6 6 6 6 6 6 6 6 6 6 6 6 6 6 6 6 6 6 6 6 6 6 6 6 6 6 6 6 6 6 6 6 6 6 6 6 6 6 6 6 6 6 6 6 6 6 6 6 6 6 6 6 6 6 6 6 6 6 6 6 6 6 6 6 6 6 6 6 6 6 6 6 6 6 6 6 6 6 6 6 6 6 6 6 6 6 6 6 6 6 6 6 6 6 6 6 6 6 6 6 6 6 6 6 6 6 6 6 6 6 6 6 6 6 6 6 6 6 6 6 6 6 6 6 6 6 6 6 6 6 6 6 6 6 6 6 6 6 6 6 6 6 6 6 6 6 6 6 6 6 6 6 6 6 6 6 6 6 6 6 6 6 6 6 6 6 6 6 6 6 6 6 6 6 6 6 6 6 6 6 6 6 6 6 6 6 6 6 6 6 6 6 6 6 6 6 6 6 6 6 6 6 6 6 6 6 6 6 6 6 6 6 6 6 6 6 6 6 6 6 6 6 6 6 6 6 6 6 6 6 6 6 6 6 6 6 6 6 6 6 6 6 6 6 6 6 6 6 6 6 6 6 6 6 6 6 6 6 6 6 6 6 6 6 6 6 6 6 6 6 6 6 6 6 6 6 6 6 6 6 6 6 6 6 6 6 6 6 6 6 6 6 6 6 6 6 6 6 6 6 6 6 6 6 6 6 6 6 6 6 6 6 6 6 6 6 6 6 6 6 6 6 6 6 6 6 6 6 6 6 6 6 6 6 6 6 6 6 6 6 6 6 6 6 6 6 6 6 6 6 6 6 6 6 6 6 6
74 74 74 74 74 74 74 74 74 74 74 74 74 74 74 74 75 74 74 74 74 74 74 74 74 74 74 74 74 74 74 74 74 74 74 74 74 74 74 74 74 74 74 74 74 74 74 74 74 74 74 74 74 74 74 74 74 74 74 74 74 74 74 74 74 74 74 74 74 74 74 74 74 74 75 74 74 74 74 74 74 74 74
1 32 47 56 65 82
2 8 22 28 54 83
3 11 15 17 23 24
4 6 7 25 27 61
5 42 49 58 72 80
9 18 40 46 51 67
10 13 35 39 66 75
12 19 31 33 45 62
14 36 43 53 64 70
16 29 69 71 79 81
20 21 38 44 48 78
26 34 60 68 73 74
30 41 50 52 63 77
37 50 55 57 59 76
1 16 17 36 39 55
2 30 31 67 73 80
3 5 6 18 20 37
4 41 45 53 74 82
7 33 54 72 77 81
8 23 38 40 57 64
9 13 15 42 47 48
10 28 32 51 62 63
11 14 19 27 68 79
12 24 25 35 58 78
21 29 34 56 59 66
22 26 52 65 70 71
43 44 46 49 61 83
28 49 60 69 75 76
1 9 27 38 74 80
2 4 15 59 63 79
3 25 29 41 73 83
5 13 19 40 44 65
6 32 64 69 77 78
7 31 47 57 58 68
8 45 50 61 66 81
10 17 34 37 43 54
11 12 16 21 52 60
14 18 24 39 48 76
20 33 51 56 70 75
22 30 35 42 55 62
23 26 46 47 53 72
36 48 50 67 71 82
1 6 35 40 70 83
2 5 39 62 68 71
3 16 22 34 44 64
4 26 29 32 54 75
7 12 28 36 42 59
8 11 31 43 55 72
9 53 57 61 69 73
10 30 38 45 60 79
13 23 27 41 67 76
14 21 37 58 63 81
15 33 46 65 66 74
17 18 19 56 77 80
20 24 49 52 59 82
25 39 44 45 51 80
2 3 42 43 78 81
1 4 19 48 57 66
5 7 17 26 63 82
6 8 24 34 36 47
9 14 28 29 35 52
10 20 55 61 64 65
11 32 33 49 50 73
12 15 37 38 67 75
13 53 54 58 60 71
16 27 30 56 78 83
18 22 23 25 31 69
21 40 72 74 76 79
16 37 41 46 68 70
1 3 51 61 71 77
6 29 48 60 62 80
2 18 27 44 57 70
4 8 9 12 39 56
5 45 46 59 73 75
7 20 23 30 43 66
10 15 31 53 81 83
11 13 34 62 77 82
14 17 47 50 69 74
19 36 52 54 76 78
21 25 33 42 64 67
22 24 32 38 68 72
26 28 41 55 58 79
35 36 38 49 51 65
3 27 40 55 60 63
1 31 34 49 78 79
2 46 48 56 58 69
4 16 47 51 73 76
5 33 35 41 43 57
6 11 28 30 44 74
7 13 21 22 50 80
8 15 20 25 26 62
6 9 10 23 68 82
12 14 32 66 71 83
2 17 29 45 64 72
18 42 53 63 65 75
19 39 59 61 67 70
24 31 37 40 66 77
17 25 52 68 75 81
5 24 51 54 64 74
1 13 26 30 33 59
3 35 46 76 80 82
4 34 40 42 52 69
7 37 39 60 65 78
8 10 27 48 73 77
9 36 62 72 75 83
11 20 22 41 47 81
12 23 29 49 63 70
14 31 38 54 56 61
15 21 28 45 57 71
16 32 43 58 67 74
13 18 38 52 55 73
19 25 28 34 50 53
8 37 42 44 79 82
1 21 24 41 62 69
2 6 16 26 49 66
3 4 28 65 67 68
5 15 30 32 36 61
2 7 10 14 40 41
7 9 19 24 55 71
11 54 66 69 70 80
12 22 46 57 77 79
17 32 35 44 59 60
4 18 50 58 64 83
20 45 63 68 76 83
23 33 34 48 55 83
12 27 51 69 72 82
29 38 39 43 47 77
3 52 53 56 62 79
10 18 59 71 72 78
27 28 39 46 64 81
1 5 8 29 53 67
6 22 43 56 63 73
9 30 34 70 76 81
11 26 35 37 48 61
13 25 49 56 57 74
14 16 23 42 45 77
15 29 40 50 68 78
17 22 33 40 58 61
3 19 21 30 47 75
4 20 31 36 46 60
44 47 54 62 67 80
6 17 31 41 42 51
9 16 25 54 59 65
1 14 15 44 72 73
2 19 26 60 74 82
4 5 21 55 70 77
7 8 18 23 32 79
10 24 26 42 50 56
11 25 38 46 63 71
12 37 43 48 65 80
13 35 36 51 58 81
20 32 39 40 45 53
5 27 47 49 52 66
6 33 38 53 57 76
7 27 48 64 75 78
1 12 18 43 45 49
2 14 23 37 51 52
3 36 39 54 57 61
8 9 17 21 50 65
10 16 33 74 80 83
1 11 20 28 58 75
13 15 31 63 64 72
19 23 66 73 78 81
10 22 29 35 60 76
24 55 67 68 79 83
4 17 30 49 62 71
34 41 69 71 75 80
9 41 44 59 66 70
13 14 46 55 78 82
2 21 53 65 76 77
3 6 26 45 57 69
5 7 16 31 44 50
8 40 42 60 70 74
7 11 45 56 58 67
12 20 25 54 59 73
15 16 18 22 64 82
19 38 42 47 48 83
24 29 30 57 65 72
27 43 52 59 62 68
28 33 37 39 47 63
32 34 35 46 51 61
6 21 36 73 79 81
1 29 50 58 64 76
2 3 13 20 48 56
4 5 52 78 80 81
8 33 39 68 69 71
9 22 30 37 49 62
10 25 43 44 47 70
11 28 36 40 41 54
12 23 26 34 44 76
14 27 53 57 60 67
15 17 35 51 55 77
18 24 61 62 74 82
19 32 38 41 72 79
31 63 66 69 74 75
1 7 29 46 52 67
2 12 33 36 55 56
3 21 22 31 35 59
4 14 33 61 77 80
5 25 48 68 70 79
6 15 27 50 75 78
8 13 16 20 26 71
9 11 24 38 64 81
10 17 18 19 32 58
23 42 53 60 61 63
28 40 49 51 66 72
30 37 39 45 54 82
14 34 43 65 73 83
1 16 22 45 66 70
2 8 13 35 47 79
3 6 7 15 60 74
4 24 30 34 44 67
5 10 32 38 63 69
9 21 26 29 31 78
11 18 43 53 65 81
12 17 20 30 64 68
19 23 27 37 69 82
25 28 36 42 58 77
15 39 41 49 56 80
40 43 62 75 82 83
46 50 54 55 72 76
48 51 53 57 59 71
8 9 52 57 73 83
1 25 37 54 76 77
2 24 40 45 51 75
3 20 38 58 65 66
4 35 41 61 72 81
5 27 55 56 60 79
6 11 23 39 52 72
7 28 49 53 62 74
10 16 21 36 46 50
12 14 33 40 44 47
13 17 28 32 70 80
18 29 34 36 66 68
8 19 48 59 63 71
22 26 42 67 73 78
27 31 32 64 76 80
1 3 52 60 65 81
2 11 12 23 29 37
4 18 38 42 46 77
5 11 30 54 62 83
6 12 13 21 34 39
7 35 45 50 63 69
9 14 25 43 57 79
10 17 26 49 67 78
15 33 44 58 68 70
16 19 35 73 75 82
20 29 48 56 64 74
19 22 51 55 61 71
24 31 33 41 47 60
6 31 47 59 64 74
1 23 30 42 63 81
2 9 21 32 65 75
3 49 50 53 57 70
4 13 34 40 43 78
5 14 22 38 67 77
7 24 52 59 70 73
8 18 41 51 61 78
10 11 26 37 39 57
15 27 28 43 44 76
16 20 38 48 55 62
17 46 66 68 69 83
25 36 60 71 72 80
27 34 45 54 79 82
1 23 35 56 58 71
2 21 45 51 61 72
3 10 12 53 54 56
4 18 30 37 58 75
5 17 31 49 76 83
6 19 29 46 73 80
7 20 65 66 76 82
3 8 14 68 74 77
3 9 32 33 67 69
13 24 44 47 59 62
15 39 40 41 52 64
16 24 28 42 48 55
22 26 36 50 74 81
25 28 32 55 63 79
1 10 33 44 48 69
2 22 38 40 50 62
4 9 11 19 29 47
5 6 12 16 27 46
7 17 34 38 43 70
8 30 37 39 46 83
13 20 45 61 68 82
14 26 42 49 54 64
15 34 56 59 63 65
18 35 54 58 67 79
21 23 25 53 54 72
31 41 48 52 71 73
36 37 57 60 66 80
50 51 75 78 79 81
20 25 44 58 75 77
1 2 22 35 60 78
4 9 23 53 82 83
5 8 23 26 28 33
6 7 14 17 65 66
10 15 52 55 59 63
11 13 24 42 56 76
12 36 40 61 62 74
16 41 43 47 68 72
18 21 27 49 67 70
19 31 45 51 64 71
29 32 44 55 69 80
30 39 57 69 77 81
6 33 62 64 73 74
1 13 20 31 68 72
2 34 39 40 70 80
3 29 48 50 57 72
4 10 28 32 58 66
5 9 19 35 73 83
7 18 22 38 51 83
8 21 56 61 75 76
11 15 36 41 78 81
12 52 53 63 67 81
14 16 24 30 59 71
17 26 27 47 77 82
25 30 40 42 65 79
37 43 46 49 56 72
9 18 43 45 48 60
1 8 42 52 63 79
2 17 19 25 39 54
3 24 37 46 57 62
4 7 11 22 53 55
5 10 26 34 59 75
6 12 16 20 70 71
13 28 29 36 58 78
14 21 23 65 69 75
15 27 35 47 54 67
28 31 41 50 64 82
32 37 66 68 74 80
27 29 33 44 61 76
26 38 45 49 51 77
6 12 46 51 60 73
1 5 30 55 57 59
2 10 50 58 64 74
3 7 19 36 66 83
4 17 41 53 56 80
8 15 34 49 77 78
9 48 60 63 65 70
11 25 39 45 59 82
13 31 44 61 62 69
14 16 20 40 68 79
18 22 33 43 76 81
21 23 35 71 73 83
24 32 47 52 53 67
21 38 42 48 72 82
1 7 40 46 60 63
2 10 24 52 54 69
3 16 34 35 47 67
4 22 30 33 57 71
5 8 15 20 28 44
6 27 49 55 64 75
9 37 38 58 65 77
11 12 36 51 70 73
13 14 50 66 68 83
17 25 26 78 79 81
18 26 29 43 45 76
19 23 39 42 49 80
31 32 56 61 70 74
11 12 41 50 62 65
1 25 38 43 44 80
2 27 33 73 77 82
3 5 16 17 30 71
4 14 15 45 60 76
6 9 13 22 23 54
7 10 24 36 48 68
8 56 58 61 75 78
18 28 41 53 59 67
19 20 32 55 72 79
21 35 47 64 66 68
29 39 42 51 52 74
31 34 40 46 62 65
37 57 63 64 69 81
1 26 44 51 53 74
2 5 15 34 35 71
3 9 14 25 40 45
4 32 38 59 75 80
6 37 57 67 70 82
7 8 36 48 54 61
10 22 28 56 58 77
11 17 24 31 52 78
12 16 30 42 43 46
13 21 37 55 72 73
18 20 33 47 69 79
15 19 29 41 49 60
23 39 50 62 63 81
20 27 42 66 76 83
1 8 24 49 54 82
2 32 61 75 76 78
3 31 35 44 55 73
4 11 12 34 56 77
5 25 29 59 69 70
6 7 30 58 79 83
9 13 20 33 65 71
10 17 21 22 38 46
14 39 41 60 62 68
16 36 57 63 66 81
18 23 47 50 64 74
19 28 43 45 51 53
26 27 40 48 67 80
41 52 61 70 72 77
1 19 38 54 75 82
2 5 8 16 47 72
3 13 39 57 59 73
4 21 43 60 63 66
6 10 35 36 62 74
7 14 34 50 51 80
9 11 42 46 58 64
12 15 29 48 52 78
17 27 48 53 56 81
18 24 28 55 65 79
22 31 37 39 69 83
23 30 33 36 44 68
25 26 40 66 67 71
32 42 45 49 57 76
1 5 16 19 72 81
2 12 27 41 52 65
3 11 30 32 40 77
4 20 46 58 75 79
6 7 13 55 60 69
8 23 38 59 73 80
9 21 34 37 50 68
10 24 29 43 47 64
14 18 28 54 56 71
15 17 53 61 69 70
22 45 48 51 82 83
25 26 31 35 44 67
33 49 62 63 76 78
1 16 37 42 71 74
2 24 27 36 55 83
3 5 7 11 47 64
4 8 12 35 53 79
6 13 28 40 65 78
9 31 51 52 67 76
10 17 19 45 59 72
14 15 21 22 34 41
18 29 46 54 62 75
20 33 39 57 63 80
23 66 68 70 81 82
25 30 38 44 50 58
26 32 49 61 77 83
43 56 60 69 73 74
1 22 39 40 52 73
2 6 8 12 72 82
3 21 29 31 35 56
4 26 53 59 71 77
5 42 44 64 68 74
7 32 41 43 51 60
9 16 33 50 58 62
10 36 49 61 67 81
11 24 34 37 57 63
13 18 27 75 78 80
14 15 23 25 28 65
17 19 38 45 54 73
20 30 35 46 47 76
30 48 55 66 70 79
1 4 37 59 64 70
2 5 28 77 78 82
3 12 17 34 43 79
6 13 18 54 56 71
7 15 45 68 69 80
8 26 29 32 42 60
9 38 39 50 55 66
10 14 20 41 63 67
11 22 57 65 72 75
16 23 31 40 53 58
19 24 36 48 76 83
21 33 44 47 62 81
25 27 46 49 51 74
11 29 45 52 61 64
1 5 17 27 48 75
2 36 52 56 68 71
3 30 33 34 39 73
4 7 12 38 54 60
6 8 42 50 51 63
9 13 24 25 32 69
10 40 43 61 62 82
14 18 55 58 59 81
15 20 23 28 46 65
16 19 22 57 61 76
21 26 41 47 66 67
31 37 44 49 74 80
35 53 70 72 77 83
9 47 53 69 78 79
1 11 48 51 74 76
2 38 46 68 78 79
3 10 45 55 58 64
4 8 17 28 43 52
5 12 22 31 62 65
6 13 27 72 80 82
7 21 26 29 50 56
14 41 60 63 67 73
15 18 36 37 71 77
16 20 23 57 70 81
19 32 35 42 59 83
24 25 44 54 75 80
30 33 39 40 53 66
34 41 47 49 65 72
1 16 19 32 60 70
2 6 8 10 18 69
3 33 43 50 52 55
4 14 23 49 77 82
5 7 38 56 64 75
9 11 25 28 34 46
12 20 35 40 73 83
13 21 30 48 51 54
15 29 31 62 71 79
17 26 57 59 66 76
22 27 39 58 74 81
24 36 42 45 61 78
37 44 53 63 67 68
1 37 49 51 54 74
2 16 21 27 33 47
3 18 39 41 61 79
4 11 50 68 69 75
5 13 43 55 67 76
6 24 42 77 80 81
7 9 15 17 22 34
8 29 40 46 65 70
10 28 48 66 82 83
12 14 25 32 35 58
19 30 44 52 60 62
20 34 36 38 45 63
23 31 57 59 64 78
26 56 71 72 73 75
1 10 26 42 58 69
2 3 17 41 49 61
4 13 32 48 54 77
5 12 23 27 73 81
6 44 52 53 63 66
7 15 24 38 60 78
8 16 18 71 72 80
9 28 37 39 57 64
11 29 45 56 68 79
14 19 25 40 51 59
20 30 31 47 50 74
21 33 65 67 76 82
22 35 36 46 55 62
29 43 46 70 71 83
1 5 20 23 25 37
2 9 50 64 65 80
3 26 34 47 67 77
4 56 60 74 81 83
6 10 30 57 58 61
7 15 35 44 69 73
8 17 36 41 54 70
11 24 27 40 66 75
12 14 32 52 53 78
13 49 62 63 72 79
16 38 39 43 55 76
18 22 28 33 45 51
19 21 31 42 68 82
1 12 30 48 49 59
2 13 20 26 51 80
3 6 65 73 76 81
4 21 22 33 36 59
5 37 62 66 72 78
7 43 45 48 70 74
8 17 34 53 54 77
9 24 25 35 68 79
10 46 58 69 71 82
11 40 44 47 50 67
14 28 39 52 61 83
15 16 27 38 42 64
18 23 31 32 41 75
19 55 56 57 60 63
29 30 43 63 82 83
1 17 23 40 45 69
2 5 16 24 25 37
3 13 15 54 66 81
4 18 20 22 26 51
6 38 46 47 68 80
7 48 53 55 75 77
8 35 36 61 71 72
9 21 31 41 62 74
10 27 52 56 58 73
11 34 57 59 64 79
12 32 33 39 50 70
14 19 49 65 67 78
28 29 38 42 60 76
26 29 30 44 56 69
1 3 14 16 59 79
2 20 23 24 64 70
4 5 7 21 33 36
6 43 44 54 60 75
8 19 42 46 72 82
9 10 47 53 66 78
11 12 17 40 73 81
13 22 35 37 39 68
15 18 48 50 55 71
25 27 31 61 77 83
28 34 49 51 73 80
32 45 52 57 58 81
41 62 63 65 67 76
9 21 30 44 74 78
1 17 18 45 62 69
2 34 46 54 70 77
3 11 14 39 53 66
4 12 19 32 72 76
5 35 56 68 75 82
6 13 29 36 41 80
7 25 47 49 61 71
8 40 48 51 52 60
10 15 38 43 63 83
16 23 37 55 58 64
20 22 42 57 59 67
24 28 31 50 65 79
4 26 27 33 56 74
1 11 14 51 58 79
2 9 16 17 33 76
3 6 22 26 29 39
5 21 27 69 81 82
7 25 32 52 66 73
8 34 45 49 71 72
10 38 55 57 67 77
12 19 23 31 35 53
13 15 68 75 80 83
18 28 50 59 60 70
20 36 43 44 65 78
24 41 48 61 63 64
30 46 47 54 62 74
30 37 40 41 42 71
1 8 23 56 65 76
2 3 11 28 60 77
4 15 32 35 49 69
5 22 25 29 63 66
6 10 18 47 51 79
7 12 19 21 44 61
9 26 27 52 67 70
13 36 40 62 75 78
14 24 48 58 73 74
16 17 38 39 45 80
20 42 46 72 81 83
31 33 34 37 53 82
43 50 54 55 57 59
14 60 64 68 81 82
1 12 24 52 64 69
2 34 57 77 78 80
3 11 39 59 70 76
4 5 13 17 54 83
6 36 38 44 50 53
7 18 32 46 71 75
8 20 37 43 58 65
9 16 31 40 66 72
10 26 30 41 51 56
15 27 68 73 74 79
19 21 22 29 33 47
23 35 55 62 63 67
25 28 45 48 49 61
5 14 42 54 66 80
1 24 33 53 55 77
2 3 30 58 63 72
4 22 28 38 43 69
6 19 25 37 47 59
7 8 23 35 44 74
9 16 17 48 49 79
10 39 52 67 71 73
11 15 29 34 62 70
12 27 31 32 45 76
13 21 41 57 65 68
18 46 50 64 75 81
20 26 40 51 78 82
36 42 56 60 69 83
31 39 44 49 61 64
1 42 47 70 77 78
2 20 23 30 34 52
3 26 58 60 65 81
4 24 35 55 56 83
5 33 45 46 54 59
6 8 13 15 67 79
7 12 22 29 66 71
9 14 18 27 53 68
10 32 48 62 63 75
11 21 40 43 61 76
16 17 19 25 74 80
28 36 37 38 72 73
41 46 50 51 57 82
1 50 65 66 70 74
2 29 32 38 49 73
3 27 39 63 82 83
4 20 48 58 77 81
5 9 26 42 61 64
6 11 22 31 33 40
7 12 51 57 78 80
8 14 18 23 45 60
10 15 19 34 41 53
13 25 28 55 59 75
16 24 44 47 54 71
17 35 37 43 56 76
21 30 52 68 69 72
28 36 62 67 70 79
1 4 25 32 36 74
2 35 58 62 63 75
3 17 31 37 39 41
5 11 22 38 51 61
6 7 19 20 30 72
8 14 46 56 60 67
9 10 43 44 59 68
12 13 52 64 71 76
15 21 29 40 54 83
16 27 53 65 69 80
18 23 50 55 66 73
24 33 49 77 78 81
26 34 45 47 48 57
15 29 30 42 79 82
1 11 39 57 64 79
2 18 24 28 34 43
3 10 13 40 49 65
4 31 46 60 62 78
5 19 23 36 69 81
6 12 26 50 77 80
7 16 17 32 35 48
8 21 22 25 52 75
9 33 38 41 58 68
14 45 56 59 71 74
20 47 53 61 72 76
27 37 42 63 71 83
44 51 54 66 73 82
24 33 47 55 67 70
1 7 20 27 34 62
2 3 10 12 17 60
4 5 8 9 52 63
6 45 65 69 81 82
11 18 31 39 55 59
13 23 49 56 76 83
14 21 38 42 57 70
15 36 44 67 77 80
16 19 40 46 50 54
22 35 53 61 64 68
25 48 66 72 74 75
26 28 29 30 51 58
32 41 43 73 78 79
20 29 37 51 65 83
1 28 38 52 74 75
2 5 40 50 80 82
3 4 7 14 35 39
6 34 36 57 64 67
8 41 58 59 76 79
9 16 25 62 63 77
10 31 46 66 71 72
11 43 47 56 70 81
12 27 44 48 49 69
13 18 22 32 37 53
15 19 21 33 42 61
17 23 24 45 68 78
26 30 54 55 60 73
1 2 6 60 65 74
3 5 14 35 43 54
4 10 19 22 48 75
7 18 26 36 39 73
8 31 32 34 38 59
9 20 49 67 70 72
11 17 23 27 46 56
12 15 16 30 58 63
13 41 42 45 80 82
21 33 51 53 66 78
24 28 40 68 69 76
25 37 44 71 77 79
29 52 61 62 64 83
47 50 55 57 59 81
1 17 34 49 74 78
2 15 36 44 48 50
3 16 22 47 58 77
4 11 33 35 43 75
5 6 7 24 45 55
8 10 20 23 32 83
9 28 39 46 53 79
12 31 51 57 65 66
13 27 37 40 61 71
14 21 52 67 81 82
18 26 56 60 72 73
19 29 38 41 42 62
25 63 68 70 76 80
30 54 60 64 68 69
1 18 31 44 58 71
2 9 24 25 38 51
3 23 35 37 42 75
4 7 41 50 76 83
5 13 21 36 66 74
6 11 45 57 64 70
8 28 43 69 72 82
10 12 22 33 59 78
14 19 34 39 55 65
15 16 49 52 54 79
17 26 40 48 56 63
20 27 30 46 53 61
29 32 47 67 73 80
13 46 58 62 77 81
1 17 51 75 80 81
2 20 22 24 31 64
3 18 23 30 49 83
4 6 15 40 73 76
5 38 42 57 70 71
7 8 19 52 72 77
9 16 43 44 74 79
10 28 48 54 60 68
11 29 39 45 56 65
12 35 37 50 59 61
14 21 25 27 53 55
26 36 47 63 78 82
32 33 34 41 67 69
17 42 51 62 66 72
1 5 12 38 41 57
2 25 36 46 63 81
3 6 8 55 73 82
4 9 37 56 62 67
7 20 29 35 74 78
10 27 58 75 77 79
11 15 21 30 32 54
13 23 26 28 45 80
14 34 39 43 53 83
16 44 47 48 52 59
18 50 60 65 66 69
19 22 31 61 64 68
24 33 40 70 71 76
6 43 49 56 66 68
1 17 21 54 62 83
2 18 29 48 64 75
3 4 5 13 14 31
7 24 27 51 55 82
8 11 40 41 65 70
9 33 47 49 50 79
10 25 32 34 52 69
12 19 22 60 61 67
15 23 38 63 74 77
16 26 36 42 45 73
20 30 39 46 59 72
28 37 53 57 71 78
35 44 58 76 80 81
1 24 25 51 72 75
2 40 46 48 54 55
3 17 27 31 33 79
4 21 32 37 38 59
5 10 28 66 68 83
6 26 30 58 63 71
7 8 13 43 61 73
9 39 49 56 81 82
11 18 36 76 77 80
12 22 45 50 74 78
14 15 34 57 62 70
16 20 23 35 53 69
19 41 44 47 60 64
2 29 42 52 65 67
1 31 43 46 57 70
3 24 25 26 37 67
4 9 14 29 36 52
5 12 58 74 77 79
6 17 27 30 38 81
7 10 11 42 61 75
8 28 69 76 78 80
13 32 45 49 68 73
15 35 41 48 62 82
16 18 21 56 60 63
19 20 22 50 64 65
23 39 47 55 66 71
33 34 40 51 53 54
12 23 44 59 72 83
1 25 37 49 54 66
2 32 33 45 65 78
3 24 26 35 50 60
4 39 46 47 53 67
5 14 21 36 63 81
6 10 22 38 40 75
7 8 16 57 59 69
9 18 42 51 55 56
11 27 58 70 77 79
13 28 29 48 72 73
15 19 34 41 43 68
17 20 52 64 74 83
30 62 71 76 80 82
11 15 31 44 49 61
1 4 10 45 69 78
2 14 35 51 74 79
3 6 16 26 52 65
5 28 40 54 57 70
7 20 30 37 62 82
8 12 21 48 60 64
9 32 33 61 77 81
13 17 18 31 39 71
19 25 56 72 76 80
22 29 42 50 73 83
23 24 34 41 58 66
27 38 43 67 68 75
36 44 53 55 59 63
5 33 46 47 69 82
1 15 16 18 44 63
2 19 38 48 78 79
3 4 43 66 71 81
6 9 28 32 37 83
7 20 61 70 73 77
8 25 29 31 41 64
10 12 21 49 50 52
11 26 30 42 45 68
13 23 36 54 60 62
14 24 35 40 65 74
17 22 55 56 58 76
27 47 51 53 57 67
34 39 46 59 72 80
7 30 45 47 53 75
1 4 36 48 51 71
2 3 8 41 42 54
5 44 57 59 62 81
6 27 28 34 35 78
9 10 16 29 38 80
11 26 49 55 64 77
12 13 20 50 58 69
14 52 61 72 73 74
15 18 19 23 60 63
17 21 24 40 43 83
22 31 65 66 70 82
25 33 39 56 67 75
32 37 46 68 76 79
1 6 20 35 55 58
2 7 31 65 68 82
3 8 19 24 26 39
4 32 33 36 72 81
5 28 49 50 79 80
9 17 25 64 71 76
10 22 41 44 52 54
11 21 53 63 69 75
12 16 30 61 62 70
13 42 56 57 60 67
14 29 34 37 73 78
15 18 27 43 45 83
23 38 46 59 66 77
40 47 48 49 51 74
1 3 11 20 34 75
2 27 40 53 67 80
4 21 38 58 63 65
5 13 19 37 59 77
6 25 28 39 57 76
7 8 43 46 60 69
9 22 24 47 68 70
10 29 36 44 54 56
12 14 16 26 48 71
15 18 33 42 50 51
17 52 62 72 78 82
23 30 31 41 73 74
32 35 61 64 66 79
38 45 55 66 81 83
1 19 31 39 41 76
2 3 21 43 46 54
4 11 33 42 49 61
5 8 24 25 36 56
6 12 15 47 63 78
7 27 53 64 65 69
9 23 45 62 67 70
10 16 28 32 52 81
13 17 18 35 71 83
14 22 50 60 73 74
20 40 51 57 58 79
26 29 44 68 72 77
30 34 37 55 80 82
9 11 48 59 64 75
1 2 4 15 39 53
3 6 12 22 38 48
5 14 20 23 41 51
7 18 27 35 47 68
8 16 46 55 67 80
10 13 45 66 71 72
17 19 43 56 59 79
21 24 25 57 60 61
26 32 40 54 77 82
28 34 50 62 74 81
29 31 49 58 78 83
30 33 42 52 69 75
36 37 44 63 65 73
4 10 68 70 76 79
1 3 30 56 62 77
2 44 59 63 64 80
5 11 21 26 40 83
6 14 18 36 37 61
7 22 49 51 52 53
8 15 24 43 50 72
9 58 69 70 75 76
12 16 20 31 57 67
13 19 25 39 54 65
17 28 32 46 66 74
23 29 35 45 48 60
27 38 41 71 81 82
33 34 42 47 55 78
6 26 27 69 73 82
1 7 12 23 36 65
2 17 21 34 40 59
3 20 30 33 55 61
4 11 38 43 67 72
5 13 15 25 41 48
8 16 22 39 71 73
9 57 62 63 70 81
10 19 32 35 47 58
14 37 44 51 64 83
18 45 52 68 76 77
24 29 53 75 79 80
28 42 50 56 60 66
31 46 49 54 74 78
1 4 9 51 64 75
2 12 39 56 66 73
3 7 23 46 54 60
5 34 48 55 71 78
6 21 28 31 41 61
8 10 17 27 29 74
11 24 44 72 81 83
13 37 49 58 62 63
14 25 33 52 59 67
15 18 19 22 30 76
16 20 26 32 47 53
35 36 42 43 70 82
38 40 45 57 65 69
46 50 68 77 79 80
1 11 35 40 43 74
2 6 57 69 70 76
3 31 58 60 62 68
4 21 26 32 73 81
5 14 23 55 56 65
7 18 20 27 38 79
8 15 28 51 52 83
9 24 50 53 71 80
10 33 44 49 54 59
12 16 22 34 41 61
13 25 29 30 63 66
17 47 48 67 75 82
19 36 42 45 64 77
17 37 39 72 75 78
1 15 29 43 58 70 85 100 114 131 144 156 161 183 196 209 224 238 252 265 279 294 307 321 335 348 362 375 389 403 417 430 444 458 472 486 500 513 527 541 554 569 583 597 610 624 638 652 666 679 693 707 721 735 748 762 776 790 804 818 831 845 859 873 887 901 914 928 942 956 970 984 997 1011 0
2 16 30 44 57 72 86 94 115 118 145 157 170 184 197 210 225 239 253 266 280 294 308 322 336 349 363 376 390 404 418 431 445 459 473 487 501 514 528 542 555 570 584 598 611 625 639 653 667 680 694 708 722 736 748 763 777 791 805 819 832 844 860 874 888 902 915 929 943 956 971 985 998 1012 0
3 17 31 45 57 70 84 101 116 128 139 158 171 184 198 211 226 238 254 267 272 273 309 323 337 350 364 377 391 405 419 432 446 460 474 488 502 515 528 543 556 571 583 599 612 625 640 653 668 681 695 709 722 737 749 764 778 792 806 820 833 846 861 875 889 902 916 928 943 957 970 986 999 1013 0
4 18 30 46 58 73 87 102 116 123 140 146 166 185 199 212 227 240 255 268 281 295 310 324 338 351 365 378 392 406 420 433 447 458 475 489 503 516 529 544 557 572 585 600 609 626 641 654 669 682 693 710 723 737 750 765 779 793 807 820 834 847 862 873 889 901 917 930 944 956 969 987 997 1014 0
5 17 32 44 59 74 88 99 117 131 146 153 172 185 200 213 228 241 256 269 282 296 311 325 335 352 364 376 393 404 417 432 448 459 472 490 504 517 530 541 558 570 585 601 613 627 641 651 670 683 696 711 723 736 749 766 780 794 804 820 835 848 863 876 886 903 918 931 945 958 972 988 1000 1015 0
4 17 33 43 60 71 89 92 115 132 142 154 171 182 201 211 229 242 251 270 282 297 306 326 334 353 366 379 394 407 421 434 445 461 476 491 501 518 531 545 556 573 586 602 612 628 642 655 671 684 697 712 724 738 748 766 781 793 806 817 836 849 864 875 890 904 914 932 946 957 973 983 1001 1012 0
4 19 34 47 59 75 90 103 118 119 147 155 172 174 196 211 230 243 257 271 283 297 312 324 337 348 367 380 394 408 421 432 449 462 475 492 504 519 532 546 559 574 585 603 614 629 643 656 672 685 697 713 721 737 751 766 779 795 808 821 837 850 865 877 891 900 915 933 947 959 974 984 999 1016 0
2 20 35 48 60 73 91 104 113 131 147 159 173 186 202 210 223 235 258 272 284 296 313 321 339 352 368 380 389 404 422 433 445 463 476 489 501 520 533 547 560 575 587 604 615 624 644 656 671 686 698 714 723 739 752 767 782 795 806 822 837 851 865 878 892 902 916 933 945 960 975 989 1002 1017 0
6 21 29 49 61 73 92 105 119 133 143 159 168 187 203 214 223 244 253 273 281 295 311 320 340 354 366 377 395 409 423 435 450 464 477 485 505 519 534 542 561 576 588 596 611 630 645 657 673 683 699 715 723 740 753 768 777 796 807 823 838 847 866 879 890 905 919 934 948 955 976 990 997 1018 0
7 22 36 50 62 76 92 104 118 129 148 160 164 188 204 213 231 245 259 267 279 298 310 325 336 349 367 381 396 407 424 436 451 465 478 488 501 521 527 545 562 577 588 605 616 628 646 658 674 687 699 709 722 741 750 767 783 797 809 824 835 850 864 873 893 905 920 935 949 961 969 991 1002 1019 0
3 23 37 48 63 77 89 106 120 134 149 161 174 189 203 215 229 239 241 259 281 299 314 324 341 355 361 382 392 409 419 432 452 466 471 486 505 516 535 548 563 578 589 599 610 625 640 659 675 684 696 707 725 742 754 765 781 798 810 822 839 850 867 872 894 906 921 928 944 955 972 987 1003 1011 0
8 24 37 47 64 73 93 107 121 126 150 156 175 190 197 216 232 239 242 267 282 300 315 326 334 355 361 383 392 410 418 433 445 460 475 490 506 522 530 549 554 579 589 600 617 629 638 660 672 685 700 712 722 743 755 769 783 799 804 825 840 848 858 878 893 907 922 936 946 957 977 984 998 1020 0
7 21 32 51 65 77 90 100 111 135 151 162 169 184 202 210 233 242 255 274 285 299 307 327 342 356 366 384 395 405 421 434 453 461 477 491 507 517 529 550 555 571 590 602 618 631 641 661 671 688 700 709 726 744 756 770 780 789 811 820 837 852 868 880 895 907 923 931 950 961 978 988 1004 1021 0
9 23 38 52 61 78 93 108 118 136 144 157 169 191 199 208 232 244 256 272 286 297 316 328 343 356 365 377 397 408 425 437 454 465 479 493 503 522 536 549 564 580 583 599 610 632 637 651 673 686 698 716 727 737 749 771 784 800 812 820 841 847 863 874 896 908 924 936 951 958 973 992 1005 1015 0
3 21 30 53 64 76 91 109 117 137 144 162 176 192 201 211 219 246 260 275 287 298 314 329 339 352 365 376 386 410 426 437 454 462 480 494 508 519 532 546 565 571 591 605 618 626 647 659 671 687 701 706 728 745 755 763 785 793 810 826 841 853 869 872 887 909 925 937 946 956 975 988 1006 1017 0
10 15 37 45 66 69 87 110 115 136 143 160 172 176 202 209 231 247 261 276 282 301 316 326 343 350 364 383 398 404 417 430 450 467 481 495 500 514 533 551 565 570 583 606 611 633 645 657 676 689 702 713 729 740 755 764 785 796 813 827 842 854 865 875 887 905 922 936 949 960 977 989 1007 1020 0
3 15 36 54 59 78 94 98 122 138 142 159 166 192 204 216 233 245 262 269 283 297 317 322 338 357 364 382 396 411 426 436 455 460 472 489 509 519 528 547 560 569 589 597 611 633 641 657 676 690 695 713 722 746 754 762 786 790 803 818 833 849 870 880 897 910 919 938 950 962 979 985 1002 1022 1024
6 17 38 54 67 72 95 111 123 129 147 156 176 193 204 215 234 240 258 268 288 302 312 320 344 358 369 385 399 412 425 438 453 461 479 494 501 515 533 552 566 572 591 597 619 628 643 662 673 686 703 708 725 744 751 772 776 792 814 819 839 854 866 880 887 909 925 937 950 959 973 993 1006 1016 0
8 23 32 54 58 79 96 112 119 139 145 163 177 194 204 217 235 247 249 270 281 303 311 322 337 359 370 386 400 403 417 436 455 468 481 496 500 523 536 553 567 580 587 600 617 629 648 655 676 687 697 711 729 745 750 773 784 795 815 825 843 855 869 881 888 909 916 931 942 962 978 991 1006 1023 0
11 17 39 55 62 75 91 106 124 140 152 161 175 184 202 216 226 248 261 271 285 293 307 326 343 352 370 385 388 395 420 439 456 465 480 495 506 524 537 541 555 572 584 607 620 634 644 663 667 682 697 717 721 734 753 767 787 791 808 828 842 855 870 877 891 907 914 928 952 958 977 986 1007 1016 0
11 25 37 52 68 80 90 109 114 139 146 159 170 182 198 214 231 242 253 266 289 302 313 328 345 347 371 384 396 406 423 437 446 469 482 492 507 514 538 553 557 576 585 596 613 629 648 661 675 691 701 714 727 745 757 771 780 800 810 818 834 854 863 878 893 910 921 930 943 963 972 985 1001 1014 0
2 26 40 45 67 81 90 106 121 132 138 164 176 187 198 209 236 249 256 277 280 294 312 324 344 351 366 381 396 413 427 437 444 466 481 490 510 519 539 552 557 572 590 607 612 627 648 654 672 684 696 714 730 744 750 764 783 791 815 825 840 855 864 882 897 911 920 934 951 957 974 989 1006 1020 0
3 20 41 51 67 75 92 107 125 136 147 157 163 190 205 217 229 239 252 265 289 295 296 328 345 359 366 387 399 414 422 440 454 467 480 495 503 525 530 541 566 569 584 606 617 624 649 656 667 686 703 711 726 746 754 767 778 792 811 826 842 856 858 883 895 909 926 939 948 958 980 984 999 1015 0
3 24 38 55 60 81 97 99 114 119 148 165 178 193 203 212 225 250 257 274 276 299 316 323 346 349 367 382 389 412 424 431 452 468 477 497 511 518 532 548 561 570 584 608 621 632 638 652 669 689 704 708 720 746 758 766 777 791 816 821 831 846 861 883 896 910 916 934 945 963 975 994 1003 1018 0
4 24 31 56 67 80 91 98 112 135 143 149 175 188 200 218 224 244 263 278 289 293 318 322 341 357 362 377 393 415 428 441 454 470 477 497 505 522 536 541 561 570 592 603 614 627 650 655 676 688 693 714 731 740 759 774 777 800 805 824 831 846 859 881 892 912 919 932 945 963 978 988 1005 1021 0
12 26 41 46 59 82 91 100 115 134 145 148 171 190 202 214 236 245 259 277 286 296 317 325 333 357 358 375 401 415 428 442 447 463 482 492 509 526 527 543 555 572 582 609 612 630 646 663 668 683 705 712 732 747 751 772 786 801 811 827 836 846 861 875 894 906 916 936 953 964 972 983 1007 1014 0
4 23 29 51 66 72 84 104 126 130 153 155 179 191 201 217 228 237 260 264 282 302 317 329 332 353 363 388 401 411 418 431 453 470 472 491 510 514 530 548 565 577 592 609 613 630 647 660 673 681 702 718 721 743 754 770 787 800 809 821 833 849 867 884 898 904 925 929 947 959 981 983 1002 1016 0
2 22 28 47 61 82 89 109 112 116 130 161 180 189 206 218 230 233 260 276 278 296 310 327 330 352 369 381 400 412 425 434 454 459 480 489 505 521 534 552 564 581 593 608 619 625 650 654 677 688 692 708 732 735 758 768 782 797 811 829 835 851 868 876 890 904 918 932 949 965 979 995 1001 1017 0
10 25 31 46 61 71 94 107 127 131 137 164 178 183 196 214 234 239 248 270 281 304 309 327 332 358 372 386 393 410 424 438 446 463 471 492 508 520 535 540 568 581 582 602 612 627 648 659 672 680 701 706 732 734 760 773 788 798 808 819 844 847 868 882 892 905 924 935 953 966 980 994 1002 1021 0
13 16 40 50 66 75 89 100 117 133 139 166 178 187 207 212 216 241 252 268 284 305 316 318 335 351 364 383 394 414 419 441 456 457 474 498 507 523 537 545 554 568 582 596 622 623 646 653 667 691 697 706 732 747 755 775 787 792 810 828 836 849 871 877 894 900 922 939 954 967 970 986 1006 1021 0
8 16 34 48 67 76 85 97 108 140 142 162 172 195 198 214 237 250 251 269 290 303 307 330 342 360 373 382 391 413 428 435 446 467 483 490 508 525 537 553 566 576 592 608 617 635 645 660 665 684 695 710 725 741 752 769 776 791 815 820 833 845 872 880 892 911 915 939 942 966 977 996 1001 1013 0
1 22 33 46 63 81 93 110 117 122 147 152 181 194 204 213 233 237 253 273 278 304 310 331 346 360 370 378 390 416 419 442 449 463 477 496 500 522 529 549 566 579 594 600 614 626 643 660 674 680 693 713 733 744 752 767 788 802 810 824 834 852 860 879 890 913 917 940 949 964 979 991 1007 1014 0
8 19 39 53 63 80 88 100 125 138 154 160 180 186 197 199 232 246 250 273 279 296 306 332 344 351 363 385 395 414 429 439 450 469 474 498 502 514 538 552 557 579 585 609 611 635 648 652 670 684 704 715 720 745 757 765 783 802 816 823 833 857 860 879 886 912 917 937 944 967 982 986 1005 1019 0
12 25 36 45 60 77 85 102 112 125 133 167 181 190 208 212 234 242 255 264 283 287 308 325 339 350 373 376 392 408 423 437 452 460 474 499 505 519 524 543 560 578 593 598 615 635 639 659 667 687 705 708 721 738 752 762 784 802 812 824 841 857 869 883 899 904 924 928 954 965 982 985 1000 1020 0
7 24 40 43 61 83 88 101 122 134 151 164 181 192 198 210 227 243 247 265 288 294 311 329 345 350 371 376 391 407 428 433 446 456 484 496 506 522 539 546 561 575 590 601 617 626 649 656 669 690 694 713 730 737 749 765 778 799 808 830 842 853 861 874 896 904 914 940 950 959 980 991 1008 1011 0
9 15 42 47 60 79 83 105 117 140 151 158 182 189 197 218 231 234 263 277 291 300 314 327 337 355 367 380 398 407 414 431 451 468 473 494 511 524 539 547 557 575 585 602 620 631 642 664 677 692 693 711 728 738 751 763 780 801 805 827 839 847 863 885 895 901 917 935 945 968 973 984 1008 1023 0
14 17 36 52 64 69 97 103 113 134 150 157 180 187 207 217 224 239 259 268 284 291 319 323 331 354 374 379 384 413 423 430 452 458 483 494 512 513 534 541 558 570 590 606 623 635 644 655 677 690 695 718 734 744 759 770 778 799 807 829 834 846 859 877 890 913 924 931 954 968 973 992 1004 1024 0
11 20 29 50 64 81 83 108 111 127 149 154 177 194 203 213 226 240 256 261 280 283 312 333 347 354 362 378 396 403 422 441 455 464 475 487 504 524 532 551 565 573 581 605 616 633 642 654 677 680 696 715 727 735 752 773 777 794 804 826 834 849 864 884 888 905 926 930 941 957 981 987 1009 1016 0
7 15 38 44 56 73 96 103 127 130 152 158 180 186 207 219 229 242 259 275 284 305 308 322 341 359 372 387 397 405 413 439 444 464 474 498 510 515 534 551 564 579 590 599 612 633 640 658 665 681 695 707 725 737 751 768 784 798 812 828 838 856 862 880 899 912 916 932 942 956 978 989 998 1024 0
6 20 32 43 68 84 97 102 118 137 138 152 173 189 206 220 225 232 255 275 280 300 308 318 343 348 373 377 401 415 419 434 444 467 478 498 506 520 536 548 563 569 589 604 623 631 645 663 675 684 701 709 729 736 758 770 786 793 816 822 832 857 864 876 896 910 927 929 952 964 972 985 1009 1011 0
13 18 31 51 69 82 88 106 114 118 142 167 168 189 194 219 227 250 258 275 290 301 314 330 338 361 369 386 397 402 418 437 449 465 482 493 499 515 528 547 566 576 595 602 621 623 646 661 678 687 695 715 733 739 756 773 779 802 804 822 843 853 869 883 892 902 920 939 942 958 981 988 1001 1020 0
5 21 40 47 57 80 95 102 113 136 142 148 173 177 205 218 236 240 252 276 286 299 318 321 347 359 372 383 388 409 416 430 448 463 476 496 511 518 527 553 565 581 587 607 623 634 651 664 666 683 706 718 727 745 756 773 778 794 803 827 844 850 866 882 894 902 923 937 944 967 982 995 1008 1023 0
9 27 36 48 57 75 88 110 127 132 150 156 179 188 208 215 220 244 255 260 283 301 319 320 344 358 362 383 400 406 424 443 449 460 478 489 502 517 540 551 559 568 586 605 620 636 644 654 675 690 699 708 733 742 749 765 782 796 812 817 837 845 869 884 889 910 925 933 943 962 975 987 1008 1011 0
11 27 32 45 56 72 89 113 122 141 144 168 172 188 190 212 232 246 260 274 279 293 304 332 342 352 362 375 391 414 428 441 448 469 483 497 512 523 531 546 563 582 586 596 620 629 642 656 665 689 699 719 728 743 759 763 776 796 813 830 843 858 872 885 887 903 920 935 953 968 971 992 1003 1019 0
8 18 35 50 56 74 94 109 124 136 152 156 171 174 207 209 225 243 264 266 285 303 320 333 341 358 365 377 400 416 427 436 455 462 471 488 511 524 535 552 559 569 594 597 615 633 650 660 670 686 705 716 724 746 756 766 781 798 811 827 840 852 860 873 894 900 925 941 948 961 980 993 1009 1023 0
6 27 41 53 69 74 86 101 121 130 140 149 169 181 196 221 231 240 262 270 282 284 319 323 334 348 373 383 396 409 420 438 456 470 480 487 505 520 539 540 562 573 587 598 622 634 643 662 670 678 698 710 729 741 754 768 787 789 805 828 832 845 862 886 899 913 926 933 943 960 979 996 999 1010 0
1 21 34 41 60 78 87 106 127 139 141 153 177 180 188 210 232 250 251 274 281 301 317 329 346 350 371 385 399 404 424 432 456 469 482 485 499 514 537 543 563 573 588 603 622 628 648 655 666 689 705 717 720 742 761 764 788 801 813 823 843 856 862 886 898 900 927 934 946 959 982 991 1007 1022 0
11 21 38 42 58 71 86 104 125 134 150 155 177 184 200 222 235 248 261 276 279 290 309 320 340 347 367 380 401 410 411 427 457 468 472 486 507 521 529 554 559 574 591 604 621 632 650 657 674 682 705 713 731 743 750 763 786 797 813 819 832 853 868 878 888 901 927 936 955 957 980 988 1000 1022 0
5 27 28 55 63 83 85 107 115 135 153 156 166 187 206 219 230 245 254 269 286 302 319 333 339 353 359 386 389 416 429 442 451 470 483 499 503 513 528 550 554 580 593 603 615 626 650 657 665 680 704 709 726 743 753 762 785 792 817 823 838 852 859 872 893 906 918 927 944 966 974 996 1004 1019 0
13 14 35 42 63 78 90 112 123 137 148 159 172 183 201 221 231 243 254 277 280 292 309 330 336 356 361 387 399 408 423 441 450 464 476 492 502 516 537 542 563 579 591 608 619 636 642 662 678 679 703 712 729 736 761 763 779 799 814 823 840 855 861 882 893 907 918 937 951 965 975 995 1010 1018 0
6 22 39 56 70 83 87 99 126 142 151 157 181 192 206 222 225 249 258 266 292 303 312 333 334 355 372 375 400 408 427 435 449 470 476 486 507 513 536 552 555 572 593 604 610 628 646 663 678 685 696 719 732 734 757 769 777 790 803 821 831 857 866 874 898 901 927 937 952 958 974 992 997 1017 0
13 26 37 55 61 79 98 102 111 128 153 157 179 185 196 223 229 238 257 275 290 298 315 321 346 349 372 382 402 410 418 435 444 471 473 489 502 523 531 549 564 577 594 604 614 630 638 658 667 691 700 714 723 735 760 771 785 795 813 824 844 847 870 875 893 908 920 938 949 967 974 993 1005 1017 0
9 18 41 49 65 76 95 112 128 131 152 154 170 191 205 215 222 230 254 267 289 295 315 324 338 346 369 375 400 411 426 433 447 467 484 485 498 512 531 549 560 574 588 599 617 635 642 652 673 687 702 717 730 744 757 768 787 800 812 829 842 857 862 885 898 900 921 929 947 956 974 994 1007 1018 0
2 19 36 46 65 79 99 108 120 141 143 158 175 189 207 221 224 241 264 267 286 288 289 322 329 349 366 380 389 403 425 438 455 461 475 497 507 513 529 547 560 571 586 598 622 636 641 651 670 689 701 719 729 747 749 775 785 797 810 818 832 857 859 876 895 902 920 935 943 964 978 996 999 1019 0
14 15 40 48 62 82 84 111 119 125 146 165 169 192 197 221 228 249 261 276 278 298 304 324 335 353 370 384 391 412 421 431 457 464 479 488 502 517 539 551 567 574 591 606 616 636 649 652 669 688 703 720 725 747 761 766 784 800 806 821 832 856 866 885 897 906 914 941 954 960 982 986 1000 1015 0
1 25 39 54 66 73 86 108 128 132 135 148 174 184 197 219 228 248 265 267 287 299 313 319 338 360 368 381 392 411 425 443 446 461 473 492 504 526 535 544 567 577 582 601 609 624 646 664 669 690 698 716 726 742 754 772 786 798 807 817 838 854 866 881 897 912 923 935 945 962 970 995 998 1015 0
14 20 34 49 58 72 88 109 121 135 154 158 171 178 191 222 223 244 254 259 291 305 309 323 335 351 374 379 398 405 416 439 452 466 481 495 509 525 534 545 567 578 594 607 616 636 639 661 678 685 705 707 727 738 761 769 781 794 804 829 841 845 865 876 898 903 923 932 952 963 977 990 1009 1012 0
5 24 34 52 65 82 86 110 123 138 151 161 174 183 204 218 226 246 265 268 288 293 310 327 336 354 368 381 394 409 420 441 450 467 479 488 510 522 527 545 562 577 594 606 610 632 644 653 668 682 694 715 732 739 755 764 776 789 809 830 836 848 867 883 897 907 914 930 952 966 976 991 1004 1013 0
14 25 30 47 55 74 96 100 122 129 143 168 175 179 198 222 235 251 257 274 287 298 316 325 335 341 369 378 393 405 422 436 447 458 479 496 509 525 536 554 557 578 583 607 619 636 640 655 670 688 699 716 725 739 752 761 783 799 813 828 834 858 865 885 899 903 926 931 955 962 971 985 1005 1019 0
12 28 37 50 65 71 84 103 122 140 145 164 173 191 205 211 228 238 250 263 291 294 320 334 340 348 365 386 397 406 421 443 449 463 475 493 500 523 532 544 567 581 586 604 619 625 637 664 668 686 698 710 722 747 748 772 775 797 814 825 843 854 861 878 895 909 923 933 951 963 980 995 999 1013 0
4 27 35 49 62 70 96 108 117 134 138 158 181 193 199 205 227 249 258 266 285 300 313 332 342 360 368 380 390 402 426 442 451 471 478 481 511 515 528 545 564 575 592 603 621 629 650 665 675 683 696 717 730 745 760 770 787 799 815 825 837 850 872 879 891 908 922 940 944 963 973 986 1001 1020 0
8 22 40 44 71 77 91 105 114 128 141 166 179 187 193 220 230 241 261 274 280 300 306 323 342 361 373 387 397 407 429 438 450 469 478 490 508 523 539 550 558 576 595 597 622 631 649 659 674 692 694 710 721 740 760 773 789 803 807 818 841 853 871 877 895 903 922 938 948 965 970 990 1004 1013 0
13 22 30 52 59 84 95 107 124 132 149 162 180 195 205 213 235 243 252 278 287 298 315 321 340 348 374 387 398 406 429 439 452 465 476 493 512 524 531 550 567 568 595 605 621 627 649 653 674 681 694 718 723 740 755 774 786 801 805 826 836 854 863 885 887 909 921 930 946 968 971 990 1004 1021 0
9 20 33 45 62 80 94 99 123 130 155 162 176 183 203 216 237 248 251 275 286 303 306 330 336 353 371 374 399 409 424 432 448 458 471 488 504 525 534 542 565 578 584 606 621 637 638 662 665 683 700 707 730 738 760 775 781 791 815 819 843 855 870 878 892 906 919 940 947 955 971 992 997 1023 0
1 26 32 53 62 83 95 103 116 143 150 159 170 178 208 215 226 238 253 271 287 297 318 328 340 354 361 373 395 412 418 434 454 466 480 490 499 520 538 542 556 580 595 608 620 624 644 661 668 679 702 709 724 734 748 769 784 798 814 822 844 855 860 875 896 911 915 930 947 968 978 984 1009 1015 0
7 25 35 53 58 75 93 97 115 120 153 163 168 195 206 209 226 234 262 271 291 297 310 331 337 356 371 388 398 406 415 440 457 464 482 498 509 521 531 548 558 571 588 599 614 627 645 651 672 679 703 719 731 741 757 769 780 803 814 817 835 856 859 883 889 911 926 940 941 961 979 995 998 1021 0
6 16 42 51 64 80 96 110 116 131 141 165 174 191 196 212 236 245 256 273 288 302 315 329 346 350 369 379 401 415 428 435 451 465 482 493 512 517 538 543 563 580 595 607 616 630 649 658 671 692 698 720 728 738 753 771 788 802 807 825 844 846 862 884 898 912 923 929 948 960 977 987 1005 1022 0
12 23 34 44 69 81 92 98 116 124 137 165 179 186 200 216 234 246 262 272 285 301 307 331 343 356 367 371 397 414 423 440 448 462 473 487 512 516 535 553 561 573 590 601 618 637 647 661 673 691 699 715 730 746 758 774 775 797 815 817 835 852 869 884 894 913 915 934 953 959 969 993 1010 1013 0
10 28 33 49 67 78 86 102 114 120 126 167 171 186 195 213 217 243 262 273 279 304 305 328 342 349 374 385 393 413 421 426 443 462 477 485 501 516 527 546 562 569 582 597 613 626 638 654 664 691 702 711 724 743 758 775 782 802 814 824 842 851 865 873 886 907 921 933 947 967 976 983 1009 1012 0
9 26 39 43 69 72 96 107 120 133 146 168 173 188 200 209 233 246 254 257 283 302 308 326 340 355 360 379 393 402 426 440 457 458 484 495 500 520 540 547 559 579 584 598 619 630 640 659 666 679 692 720 727 742 753 774 781 794 816 822 841 845 867 876 891 911 922 934 948 969 976 990 1008 1012 0
10 26 42 44 65 70 93 109 119 129 149 166 167 186 202 222 235 249 263 265 290 303 316 326 345 351 364 376 395 415 425 430 447 461 473 494 508 526 533 540 562 575 591 603 615 623 643 658 672 689 700 716 718 741 759 770 776 794 816 829 836 856 871 880 889 901 919 936 950 961 981 989 1000 1018 0
5 19 41 48 68 81 94 105 126 129 144 162 178 194 206 221 227 229 263 266 289 301 307 309 319 347 370 384 402 404 417 436 445 466 484 491 499 526 533 550 558 575 587 600 615 634 645 653 677 691 697 717 731 741 753 772 782 795 803 828 831 858 868 881 899 908 917 938 953 961 975 987 1003 1024 0
12 16 31 49 63 74 87 104 111 132 144 163 175 182 208 223 236 247 257 270 290 306 311 334 345 355 363 384 391 405 422 443 444 455 474 493 506 526 530 546 556 577 589 593 614 632 647 658 677 680 703 719 733 747 751 772 788 793 806 827 837 852 868 882 891 908 924 939 951 968 983 989 998 1014 0
12 18 29 53 68 78 89 99 110 135 145 160 173 193 195 211 230 248 251 272 277 300 306 331 336 360 372 375 399 407 430 443 448 470 483 486 510 513 537 544 559 576 596 609 622 632 647 656 676 679 693 716 731 735 748 762 780 796 808 826 840 848 870 874 896 908 927 939 951 965 979 996 1002 1011 0
7 28 39 46 64 74 95 98 105 139 155 161 167 195 201 220 225 247 253 268 292 293 313 325 328 353 368 378 390 403 420 438 453 466 472 497 504 516 526 548 566 574 586 601 618 631 643 662 674 688 694 714 731 735 750 765 778 790 809 819 831 850 864 884 900 912 921 928 955 967 976 994 997 1022 1024
14 28 38 51 68 79 87 101 124 133 154 164 170 183 190 221 224 237 260 269 271 299 313 332 344 358 365 388 390 416 429 435 456 468 481 486 509 517 538 551 556 581 595 600 611 624 640 660 675 690 700 717 726 739 758 774 779 793 816 830 839 851 871 881 897 913 919 932 942 969 976 993 1006 1012 0
13 19 33 54 70 77 97 104 121 127 136 146 170 192 199 218 224 240 256 272 293 305 317 333 339 354 363 381 392 402 419 442 447 459 484 494 503 518 529 543 560 574 592 598 616 625 639 652 666 682 704 712 728 740 759 764 789 795 809 826 839 848 867 879 891 906 926 931 953 964 970 993 1010 1023 0
11 24 33 57 66 79 85 103 129 137 155 163 169 185 201 214 236 245 255 258 292 294 314 327 339 357 368 382 390 410 429 434 453 459 485 487 511 525 532 549 558 580 588 596 620 631 639 663 666 685 704 710 733 746 757 762 783 801 808 829 840 851 860 873 888 904 924 938 946 966 982 996 1000 1024 0
10 23 30 50 68 82 85 113 121 128 147 165 182 194 200 210 228 244 264 278 288 292 318 321 343 357 370 385 394 412 420 433 457 460 485 487 508 515 535 550 561 578 583 608 610 628 647 657 671 692 706 707 733 739 759 768 785 796 809 823 833 848 867 874 888 913 918 940 952 962 969 994 1010 1016 0
5 16 29 54 56 71 90 101 120 141 150 160 167 185 199 219 233 237 263 270 291 304 308 331 338 359 362 378 401 408 422 439 453 462 483 491 497 518 533 542 555 573 593 602 618 633 639 651 676 685 702 712 728 736 756 774 788 790 811 830 839 851 871 881 899 905 918 929 954 960 971 994 1010 1018 0
10 19 35 52 57 76 98 106 130 133 151 163 182 185 203 215 227 238 252 277 292 305 314 315 344 357 374 387 398 411 417 440 451 469 479 495 510 518 530 544 556 571 589 594 613 634 637 662 668 682 704 711 724 742 761 771 789 790 805 830 838 849 863 879 889 903 917 941 949 965 981 990 1003 1014 0
1 18 42 55 59 77 92 101 113 126 145 169 176 193 207 217 220 247 264 271 285 295 317 330 341 347 363 379 389 403 427 440 445 459 478 491 503 521 538 553 562 568 587 601 613 635 637 663 678 681 706 719 724 736 756 771 782 801 806 821 838 853 871 877 886 911 915 938 954 964 981 983 1008 1022 0
2 27 31 43 66 76 93 105 123 124 125 160 165 177 208 220 223 241 262 269 284 295 311 312 337 345 356 388 394 413 427 431 442 468 484 496 506 521 540 544 564 568 592 605 618 634 641 664 669 681 701 718 726 734 760 767 779 792 812 818 835 858 870 882 890 910 925 941 950 966 972 992 1003 1017 0
