1024 250
4 17
4 4 4 4 4 4 4 4 4 4 4 4 4 4 4 4 4 4 4 4 4 4 4 4 4 4 4 4 4 4 4 4 4 4 4 4 4 4 4 4 4 4 4 4 4 4 4 4 4 4 4 4 4 4 4 4 4 4 4 4 4 4 4 4 4 4 4 4 4 4 4 4 4 4 4 4 4 4 4 4 4 4 4 4 4 4 4 4 4 4 4 4 4 4 4 4 4 4 4 4 4 4 4 4 4 4 4 4 4 4 4 4 4 4 4 4 4 4 4 4 4 4 4 4 4 4 4 4 4 4 4 4 4 4 4 4 4 4 4 4 4 4 4 4 4 4 4 4 4 4 4 4 4 4 4 4 4 4 4 4 4 4 4 4 4 4 4 4 4 4 4 4 4 4 4 4 4 4 4 4 4 4 4 4 4 4 4 4 4 4 4 4 4 4 4 4 4 4 4 4 4 4 4 4 4 4 4 4 4 4 4 4 4 4 4 4 4 4 4 4 4 4 4 4 4 4 4 4 4 4 4 4 4 4 4 4 4 4 4 4 4 4 4 4 4 4 4 4 4 4 4 4 4 4 4 4 4 4 4 4 4 4 4 4 4 4 4 4 4 4 4 4 4 4 4 4 4 4 4 4 4 4 4 4 4 4 4 4 4 4 4 4 4 4 4 4 4 4 4 4 4 4 4 4 4 4 4 4 4 4 4 4 4 4 4 4 4 4 4 4 4 4 4 4 4 4 4 4 4 4 4 4 4 4 4 4 4 4 4 4 4 4 4 4 4 4 4 4 4 4 4 4 4 4 4 4 4 4 4 4 4 4 4 4 4 4 4 4 4 4 4 4 4 4 4 4 4 4 4 4 4 4 4 4 4 4 4 4 4 4 4 4 4 4 4 4 4 4 4 4 4 4 4 4 4 4 4 4 4 4 4 4 4 4 4 4 4 4 4 4 4 4 4 4 4 4 4 4 4 4 4 4 4 4 4 4 4 4 4 4 4 4 4 4 4 4 4 4 4 4 4 4 4 4 4 4 4 4 4 4 4 4 4 4 4 4 4 4 4 4 4 4 4 4 4 4 4 4 4 4 4 4 4 4 4 4 4 4 4 4 4 4 4 4 4 4 4 4 4 4 4 4 4 4 4 4 4 4 4 4 4 4 4 4 4 4 4 4 4 4 4 4 4 4 4 4 4 4 4 4 4 4 4 4 4 4 4 4 4 4 4 4 4 4 4 4 4 4 4 4 4 4 4 4 4 4 4 4 4 4 4 4 4 4 4 4 4 4 4 4 4 4 4 4 4 4 4 4 4 4 4 4 4 4 4 4 4 4 4 4 4 4 4 4 4 4 4 4 4 4 4 4 4 4 4 4 4 4 4 4 4 4 4 4 4 4 4 4 4 4 4 4 4 4 4 4 4 4 4 4 4 4 4 4 4 4 4 4 4 4 4 4 4 4 4 4 4 4 4 4 4 4 4 4 4 4 4 4 4 4 4 4 4 4 4 4 4 4 4 4 4 4 4 4 4 4 4 4 4 4 4 4 4 4 4 4 4 4 4 4 4 4 4 4 4 4 4 4 4 4 4 4 4 4 4 4 4 4 4 4 4 4 4 4 4 4 4 4 4 4 4 4 4 4 4 4 4 4 4 4 4 4 4 4 4 4 4 4 4 4 4 4 4 4 4 4 4 4 4 4 4 4 4 4 4 4 4 4 4 4 4 4 4 4 4 4 4 4 4 4 4 4 4 4 4 4 4 4 4 4 4 4 4 4 4 4 4 4 4 4 4 4 4 4 4 4 4 4 4 4 4 4 4 4 4 4 4 4 4 4 4 4 4 4 4 4 4 4 4 4 4 4 4 4 4 4 4 4 4 4 4 4 4 4 4 4 4 4 4 4 4 4 4 4 4 4 4 4 4 4 4 4 4 4 4 4 4 4 4 4 4 4 4 4 4 4 4 4 4 4 4 4 4 4 4 4 4 4 4 4 4 4 4 4 4 4 4 4 4 4 4 4 4 4 4 4 4 4 4 4 4 4 4 4 4 4 4 4 4 4 4 4 4 4 4 4 4 4 4 4 4 4 4 4 4 4 4 4 4 4 4 4 4 4 4 4 4 4 4 4 4 4 4 4 4 4 4 4 4 4 4 4 4 4 4 4 4 4 4 4 4 4 4 4 4 4 4 4 4 4 4 4 4 4 4 4 4 4 4 4 4 4 4 4 4 4 4 4 4 4 4 4 4 4 4 4 4 4 4 4 4 4 4 4 4 4 4 4 4 4 4 4 4 4 4 4 4 4 4 4 4 4 4 4
17 17 17 17 17 17 17 17 17 17 17 17 17 17 17 17 17 17 17 17 17 17 17 17 17 17 17 17 17 17 17 17 17 16 16 16 17 17 16 16 16 17 17 16 16 16 16 16 16 17 16 16 16 17 16 17 16 16 16 16 16 16 16 16 16 16 16 17 16 16 17 17 16 16 16 16 17 16 16 16 16 16 16 17 16 16 16 17 16 16 17 17 16 17 16 16 16 16 17 16 16 16 16 17 17 16 17 17 16 16 16 17 16 16 16 17 16 16 16 16 17 17 16 17 16 16 17 16 17 16 17 16 16 16 17 17 16 16 16 16 16 16 16 16 16 16 16 16 16 17 16 16 16 17 17 16 16 16 17 17 16 17 16 17 16 17 16 17 17 17 16 17 16 16 17 17 16 16 16 16 16 16 17 16 16 16 16 17 16 16 16 17 16 16 17 17 16 16 17 17 16 16 16 16 17 17 16 16 16 16 16 16 17 17 16 16 16 16 16 17 16 17 16 16 16 17 16 16 16 16 16 16 16 16 16 16 17 16 17 16 17 16 16 17 16 16 16 16 16 16
1 96 141 245
2 84 168 194
3 22 66 161
4 29 67 247
5 42 45 62
6 11 17 57
7 60 175 243
8 112 166 213
9 38 128 137
10 109 140 190
12 18 87 107
13 118 186 221
14 28 71 172
15 69 101 195
16 80 133 174
19 53 187 196
20 117 238 244
21 24 89 99
23 157 206 237
25 44 200 207
26 105 122 236
27 72 199 212
30 65 127 222
31 76 131 164
32 78 146 177
33 106 216 248
34 126 197 225
35 90 149 173
36 43 203 249
37 111 150 152
39 97 167 211
40 54 103 153
41 46 59 184
47 93 198 218
48 61 68 86
49 52 120 156
50 134 171 240
51 210 224 230
55 125 233 241
56 98 102 201
58 82 142 170
63 81 138 154
64 155 162 220
70 124 135 202
73 77 104 113
74 193 227 235
75 100 123 178
79 91 139 165
83 130 169 192
85 159 231 232
88 94 110 215
92 119 179 246
95 116 143 144
108 121 145 180
114 163 209 239
115 191 208 223
129 182 234 250
132 136 188 228
147 148 176 189
151 217 219 229
158 181 226 242
160 185 204 214
126 183 205 220
1 31 32 172
2 23 119 178
3 19 174 245
4 41 50 234
5 37 49 236
6 40 215 244
7 33 52 224
8 58 177 209
9 43 118 141
10 136 158 198
11 92 140 149
12 21 53 69
13 55 175 227
14 65 117 229
15 34 102 180
16 79 86 232
17 39 59 81
18 83 208 212
20 44 104 116
22 124 185 189
24 111 157 247
25 64 106 231
26 47 142 148
27 54 202 235
28 100 210 223
29 77 132 137
30 129 139 145
35 68 125 166
36 62 138 205
38 156 165 192
42 133 219 246
45 94 171 226
46 51 213 214
48 63 147 164
56 73 75 239
57 85 101 221
60 113 161 211
61 72 194 240
66 169 181 237
67 80 103 170
70 108 228 248
71 135 150 173
74 93 196 222
76 89 144 190
78 107 155 250
82 121 167 191
84 96 122 207
87 151 188 241
88 91 99 114
90 128 162 193
95 127 204 225
97 109 199 217
98 120 131 153
105 130 184 243
110 187 197 233
112 182 200 242
115 143 186 216
123 146 218 249
134 159 201 238
152 163 168 225
65 154 195 206
120 160 179 203
18 92 104 176
109 122 183 230
1 11 33 247
2 213 215 228
3 35 123 145
4 100 147 197
5 15 32 235
6 22 155 223
7 86 107 180
8 9 134 190
10 73 80 195
12 42 59 135
13 23 91 142
14 56 175 226
16 28 95 130
17 74 165 200
19 98 154 248
20 111 121 131
21 160 171 207
24 113 125 205
25 103 237 241
26 27 201 214
29 51 78 222
30 64 158 212
31 188 220 221
34 112 133 208
36 83 170 224
37 81 136 210
38 55 124 234
39 110 146 186
40 152 218 243
41 93 114 191
43 53 229 236
44 61 88 128
45 97 157 232
46 143 193 245
47 138 149 182
48 49 181 238
50 169 216 217
52 69 166 167
54 118 161 246
57 71 72 82
58 129 132 179
60 148 162 203
62 108 144 239
63 85 119 192
66 137 163 172
67 70 159 183
68 185 198 219
75 106 204 244
76 139 184 233
77 227 231 249
79 141 150 176
84 115 164 202
87 90 105 209
89 117 189 194
94 127 156 173
96 101 153 250
99 151 224 242
23 102 116 230
61 126 177 206
121 140 187 214
64 167 168 174
31 178 196 199
95 188 211 240
1 55 208 238
2 90 183 242
3 134 224 239
4 101 144 212
5 98 198 233
6 53 139 175
7 92 110 158
8 57 104 202
9 81 169 204
10 78 100 192
11 103 108 171
12 125 181 249
13 25 37 184
14 41 119 174
15 30 38 191
16 35 203 215
17 131 205 240
18 74 157 248
19 32 142 200
20 42 105 155
21 136 178 193
22 69 77 109
24 28 129 186
26 67 86 221
27 99 106 132
29 115 150 226
33 71 97 128
34 43 51 89
36 44 93 161
39 40 201 247
45 58 63 194
46 47 48 73
49 114 207 220
50 162 180 241
52 118 135 147
54 56 83 232
59 116 145 170
60 94 159 177
62 176 211 229
65 112 140 243
66 79 149 199
68 138 141 230
70 91 182 217
72 96 137 218
75 143 222 236
76 113 206 228
80 152 189 216
82 163 219 250
84 173 187 210
85 120 146 225
87 174 223 227
88 101 148 172
102 156 164 246
107 111 122 204
117 133 209 235
123 151 195 202
124 126 196 244
13 127 179 245
77 130 154 160
90 153 185 197
165 168 190 237
31 166 231 234
5 130 199 213
1 70 89 211
2 15 25 238
3 10 236 247
4 61 87 142
6 86 207 216
7 103 117 182
8 108 119 189
9 11 184 250
12 63 186 239
14 138 187 188
16 65 111 134
17 30 54 217
18 85 99 102
19 28 190 219
20 72 179 242
21 29 97 131
22 92 159 193
23 42 60 166
24 164 170 222
26 38 181 225
27 62 146 173
32 41 79 153
33 73 84 241
34 68 71 237
35 53 144 246
36 168 221 244
37 123 162 194
39 48 127 155
40 43 64 178
44 75 125 212
45 126 165 218
46 110 192 220
47 151 156 232
49 57 100 132
50 82 196 230
51 58 149 248
52 152 200 229
55 107 167 203
56 122 145 213
59 88 109 175
66 78 160 228
67 76 208 249
69 91 205 210
74 95 195 233
80 105 120 141
81 114 129 243
83 94 121 198
93 180 215 245
96 113 191 201
98 104 133 234
106 135 171 209
112 147 169 227
115 185 206 231
116 148 226 235
118 140 157 172
124 136 139 163
128 176 214 223
137 143 158 177
150 154 161 183
150 197 213 240
1 77 165 186
2 86 124 229
3 103 104 126
4 60 168 248
5 17 80 107
6 111 158 166
7 24 98 163
8 12 191 244
9 18 32 84
10 135 179 205
11 69 93 188
13 171 192 219
14 21 58 215
15 83 182 247
16 63 175 185
19 57 62 243
20 138 178 216
22 114 170 240
23 120 208 239
25 35 97 189
26 194 231 245
27 43 87 145
28 59 149 236
29 112 156 233
30 52 90 237
31 45 195 214
33 41 123 183
34 75 109 129
36 70 73 153
37 38 160 174
39 50 132 140
40 82 99 227
42 101 134 228
44 108 201 210
46 65 102 249
47 95 119 207
48 53 172 224
49 67 128 196
51 105 159 167
54 76 162 204
55 85 199 209
56 136 142 155
61 106 190 203
64 91 130 164
66 180 184 202
68 74 137 220
71 92 200 239
72 161 187 234
78 152 238 246
79 121 125 193
81 113 221 242
88 181 211 222
89 94 241 250
96 154 217 225
88 100 117 141
110 122 144 223
115 127 218 230
116 118 194 198
15 131 143 176
133 139 157 173
124 146 226 245
56 147 149 206
6 34 41 148
71 151 177 204
14 44 120 169
197 200 230 232
3 58 86 212
122 179 235 237
1 64 81 219
2 50 156 175
4 8 220 229
5 21 147 183
7 31 150 169
9 48 98 123
10 25 60 79
11 20 225 227
12 72 148 247
13 89 191 232
16 49 248 250
17 177 187 208
18 100 217 226
19 99 166 238
22 33 62 102
23 96 106 233
24 119 214 217
26 78 114 157
27 37 93 206
28 218 228 235
29 81 117 203
30 45 67 210
32 138 162 181
35 165 188 201
36 156 199 223
38 92 213 216
39 91 104 185
40 68 84 209
42 83 123 207
43 85 182 240
46 97 163 242
47 128 145 168
51 101 198 227
52 58 95 249
53 103 130 146
54 105 125 196
42 55 140 143
57 87 109 246
59 158 160 241
61 77 173 178
63 74 103 167
65 135 137 142
66 80 129 144
69 71 116 192
37 70 82 110
35 73 171 243
75 154 156 172
38 57 76 224
90 111 132 208
94 152 193 202
14 107 126 164
108 197 221 222
112 153 188 236
87 113 127 189
52 88 115 136
118 131 151 212
2 121 133 186
64 93 134 176
107 139 161 171
97 141 228 234
15 155 159 190
34 170 211 231
48 174 205 215
178 180 200 244
56 184 195 211
1 16 27 102
3 70 175 181
4 139 209 214
5 65 168 219
6 133 154 192
7 145 191 236
8 26 33 222
9 21 142 231
10 18 108 249
11 203 212 230
12 155 197 243
13 75 124 187
17 51 123 241
19 45 115 220
20 30 207 239
22 86 190 233
23 114 128 188
24 47 61 184
25 105 225 245
28 104 162 198
29 55 62 237
31 134 179 232
32 95 109 169
36 39 126 193
40 127 143 183
41 136 186 238
43 92 94 195
44 110 149 176
46 129 196 224
49 116 121 240
50 72 221 235
53 96 151 162
54 223 242 248
59 85 161 216
60 132 164 247
63 99 101 140
43 66 159 166
67 135 172 213
68 112 134 146
69 141 173 229
73 89 177 230
62 74 153 160
76 84 147 152
30 77 148 150
78 79 83 98
80 91 125 244
82 117 205 218
10 90 194 234
100 163 167 231
106 131 181 215
48 111 165 185
45 113 120 180
118 199 210 225
36 105 119 137
19 122 170 189
130 174 201 206
138 157 191 246
126 144 202 226
63 158 201 229
166 182 186 204
3 67 235 250
1 50 112 177
2 146 161 250
4 28 116 224
5 35 214 249
6 135 140 174
7 70 101 165
8 143 160 175
9 110 125 211
11 29 185 248
12 68 98 176
13 129 213 247
10 14 27 137
15 71 81 184
16 187 220 237
17 108 172 234
18 47 183 238
20 66 151 209
21 57 83 201
22 31 227 236
23 107 240 246
24 49 58 245
25 65 94 223
26 210 219 241
32 55 102 132
33 78 147 179
34 91 127 190
37 85 138 244
38 88 103 111
39 136 180 212
40 107 142 149
41 173 195 216
42 89 171 206
44 109 163 195
46 60 121 228
51 61 189 232
52 131 133 198
53 72 168 239
54 100 114 222
56 115 170 221
59 74 96 243
64 73 79 157
69 106 128 164
75 92 122 152
76 167 178 194
77 120 144 145
80 86 118 197
35 82 113 154
84 93 182 205
87 148 192 207
90 104 211 218
95 159 203 217
97 196 202 236
99 150 158 208
117 153 200 213
1 119 139 204
124 141 155 169
130 193 215 242
199 226 233 250
2 7 34 144
3 83 152 223
4 75 150 215
5 124 134 164
6 97 116 142
8 29 79 179
9 58 126 227
11 78 194 226
12 31 41 137
13 90 96 138
14 42 200 245
15 62 63 187
16 44 76 99
17 128 204 230
18 20 123 129
19 80 143 209
21 218 238 240
22 47 136 202
23 117 156 170
24 32 67 93
25 72 203 208
26 39 46 161
27 71 119 183
28 55 101 166
30 118 146 248
33 43 135 165
36 106 122 147
37 68 190 207
38 73 74 86
40 94 98 172
45 49 56 182
48 100 191 243
50 149 205 249
51 111 173 221
52 59 89 178
53 81 127 188
54 69 115 239
57 66 125 232
60 103 189 210
61 102 224 228
64 109 193 216
65 114 214 234
70 133 140 225
77 82 95 151
84 88 120 246
35 85 167 176
70 87 184 235
91 177 222 231
92 113 171 196
104 168 186 206
32 105 154 219
108 112 139 151
110 153 157 199
121 147 160 212
33 130 155 244
100 131 174 175
132 145 159 229
141 192 198 241
148 180 185 205
156 158 163 217
80 162 242 247
169 194 197 220
69 181 189 233
9 39 188 237
1 95 197 237
2 17 58 66
3 81 132 248
4 64 138 170
5 53 61 171
6 63 225 249
7 102 206 217
8 84 109 212
10 126 204 238
11 87 179 193
12 51 174 246
13 50 176 181
14 22 37 208
15 125 209 250
16 23 92 199
18 19 215 239
20 77 203 233
21 74 145 224
24 112 180 234
25 30 41 224
26 128 216 220
27 67 155 191
28 60 115 157
29 44 96 223
31 116 122 185
34 54 111 243
36 127 192 236
38 117 162 183
40 49 167 235
42 110 196 221
43 71 115 139
45 78 149 198
46 56 120 154
47 91 159 175
48 199 214 222
52 72 134 173
55 108 146 242
57 88 119 244
59 104 190 200
62 68 103 114
65 165 178 231
73 169 219 228
75 103 148 232
76 83 140 142
52 79 101 213
82 153 207 210
85 122 131 137
86 94 160 230
89 93 158 184
90 144 172 240
97 124 150 168
98 107 135 226
99 105 186 211
46 106 113 241
118 182 193 201
81 121 141 143
91 123 133 152
129 161 167 202
130 227 229 234
136 176 187 195
138 163 166 218
164 177 237 245
135 154 220 247
1 12 105 173
2 44 222 249
3 25 99 209
4 6 36 125
5 109 187 227
7 48 51 146
8 67 113 126
9 22 97 179
10 35 74 229
11 101 201 233
13 130 147 188
14 114 152 236
15 86 100 153
16 45 69 96
17 18 33 98
19 39 95 223
20 28 89 213
21 76 225 243
23 141 202 231
24 50 123 203
26 70 71 77
27 162 219 248
29 31 64 66
30 137 184 247
32 116 216 241
34 49 183 239
37 53 78 212
38 155 177 214
40 57 80 110
41 127 165 169
42 118 217 250
43 75 191 238
47 65 84 133
54 136 208 221
55 60 170 244
56 189 190 218
58 117 119 134
59 63 92 168
61 185 186 200
62 142 235 245
68 171 175 242
72 91 204 226
73 148 181 198
79 120 132 174
82 108 129 160
83 112 149 164
85 128 197 205
87 88 124 156
90 196 206 210
93 102 107 207
94 104 140 158
106 157 194 228
111 151 159 230
121 161 182 192
131 163 180 246
49 139 143 215
144 166 178 195
78 145 211 232
74 150 172 228
93 148 229 240
1 7 19 114
2 127 206 226
3 92 102 118
4 17 111 237
5 169 189 193
6 109 162 171
8 66 185 243
9 68 88 197
10 12 113 188
11 173 238 241
13 45 141 164
14 39 60 64
15 67 96 110
16 47 90 143
18 36 136 177
20 40 119 220
21 37 140 233
22 59 207 242
23 55 150 217
24 121 122 248
25 153 165 239
26 156 174 183
27 42 75 151
28 53 57 208
29 101 187 249
30 167 190 244
31 79 95 168
32 155 210 246
33 65 70 126
34 62 166 236
35 87 104 115
38 63 198 223
41 81 120 240
43 180 214 247
44 69 135 221
46 76 137 157
48 103 128 138
50 125 178 182
51 73 134 144
52 54 117 139
56 200 205 235
58 112 163 204
61 94 181 219
71 131 191 218
72 97 172 231
77 84 98 224
80 123 124 232
82 86 152 176
83 89 116 154
85 107 132 245
99 202 215 225
100 108 159 211
105 106 175 250
129 170 194 199
130 158 179 209
133 142 227 230
145 147 184 192
146 195 201 203
149 212 216 234
160 161 196 213
144 158 186 222
1 28 54 78
2 76 100 212
3 16 82 168
4 34 108 185
5 122 153 218
6 96 198 208
7 58 222 232
8 77 161 245
9 14 70 154
10 15 40 106
11 47 51 242
12 45 50 143
13 120 199 238
17 67 125 163
18 44 186 247
19 102 152 175
20 55 95 243
21 36 115 184
22 26 132 138
23 88 137 195
24 183 191 237
25 84 118 169
27 86 90 157
29 57 73 92
30 111 140 234
31 121 204 205
32 94 97 178
33 109 127 202
35 64 148 190
37 99 130 249
38 119 126 200
39 80 87 112
41 104 201 226
42 136 211 230
43 68 133 216
46 75 98 217
48 81 162 182
49 71 145 174
52 149 171 181
53 114 179 227
56 117 207 223
59 103 187 192
60 85 105 151
61 147 225 229
62 131 189 220
63 72 196 209
65 128 233 244
66 110 141 235
69 89 197 219
74 214 215 246
79 173 224 250
83 139 146 194
91 160 188 248
93 124 167 172
101 156 159 180
107 116 150 193
113 129 135 177
123 134 165 166
142 164 176 203
155 170 228 241
206 213 221 236
210 231 239 240
1 49 122 231
2 128 169 240
3 72 95 107
4 12 206 241
5 78 108 111
6 31 90 170
7 18 56 80
8 96 115 146
9 165 189 226
10 172 246 250
11 64 125 131
13 46 83 150
14 141 184 205
15 52 208 227
16 57 144 162
17 32 129 147
19 70 139 192
20 154 157 190
21 45 134 235
22 25 40 121
23 68 77 210
24 29 145 200
26 117 123 188
27 164 220 225
28 63 232 237
30 198 199 216
33 149 211 221
34 44 59 124
35 69 133 177
36 55 66 183
37 73 187 222
38 71 100 233
39 138 152 234
41 98 132 196
42 65 85 130
43 50 109 167
47 74 173 212
48 76 102 197
51 75 87 93
53 112 185 194
54 119 201 215
58 62 97 180
60 91 116 156
61 89 103 242
67 137 168 193
79 105 158 218
81 153 195 229
82 84 186 223
86 213 243 248
88 135 207 214
92 161 166 230
94 114 228 238
99 127 176 244
101 118 126 219
104 159 179 236
106 174 178 247
110 171 191 217
113 140 202 203
120 175 182 209
136 143 151 249
142 181 204 239
148 155 224 245
160 163 183 227
1 85 148 191
2 32 141 221
3 136 203 206
4 43 74 77
5 9 87 114
6 47 134 137
7 61 143 208
8 157 235 242
10 65 97 162
11 89 95 138
12 81 102 168
13 63 174 226
14 100 179 238
15 66 201 241
16 72 129 197
17 150 159 160
18 57 116 128
19 121 202 232
20 37 60 185
21 31 123 245
22 126 127 214
23 25 131 161
24 39 45 151
26 125 164 199
27 35 50 94
28 90 225 239
29 33 111 236
30 48 156 196
34 58 67 187
36 96 132 189
38 49 68 193
40 73 78 237
41 158 182 211
42 54 64 192
44 140 166 181
46 53 124 222
51 80 176 204
52 108 154 216
55 56 84 198
59 173 205 231
62 112 217 246
69 70 79 171
71 113 118 215
75 190 209 220
76 130 172 200
82 98 103 145
83 109 234 249
86 99 115 144
88 133 163 212
91 120 167 219
92 93 139 224
101 155 184 230
104 178 240 250
105 135 152 244
106 180 188 223
107 175 195 248
110 165 207 229
117 122 142 146
119 149 213 233
147 153 228 247
169 170 177 243
186 194 210 218
1 22 183 222
2 10 26 29
3 18 37 241
4 72 159 192
5 116 176 239
6 43 54 199
7 105 136 168
8 71 88 206
9 121 164 172
11 104 170 237
12 92 131 150
13 28 112 160
14 24 91 94
15 77 107 220
16 68 154 200
17 25 162 195
19 50 135 155
20 122 175 196
21 38 56 188
23 169 226 244
27 84 124 166
30 32 205 213
31 42 108 127
33 99 129 214
1 64 128 191 254 314 382 447 508 562 630 693 753 814 876 939 1001
2 65 129 192 255 315 383 438 509 566 631 694 754 815 877 940 1002
3 66 130 193 256 316 380 448 507 567 632 695 755 816 878 941 1003
4 67 131 194 257 317 384 449 510 568 633 696 756 817 879 942 1004
5 68 132 195 253 318 385 450 511 569 634 697 757 818 880 943 1005
6 69 133 196 258 319 376 451 512 570 635 696 758 819 881 944 1006
7 70 134 197 259 320 386 452 513 566 636 698 753 820 882 945 1007
8 71 135 198 260 321 384 453 514 571 637 699 759 821 883 946 1008
9 72 135 199 261 322 387 454 515 572 629 700 760 822 884 943 1009
10 73 136 200 256 323 388 455 494 519 638 701 761 823 885 947 1002
6 74 128 201 261 324 389 456 516 573 639 702 762 824 886 948 1010
11 75 137 202 262 321 390 457 517 574 640 693 761 825 879 949 1011
12 76 138 203 248 325 391 458 518 575 641 703 763 826 887 950 1012
13 77 139 204 263 326 378 432 519 576 642 704 764 822 888 951 1013
14 78 132 205 255 327 372 442 520 577 643 705 765 823 889 952 1014
15 79 140 206 264 328 392 447 521 578 644 706 766 816 890 953 1015
6 80 141 207 265 318 393 459 522 579 631 707 756 827 891 954 1016
11 81 126 208 266 322 394 455 523 580 645 707 767 828 882 955 1003
16 66 142 209 267 329 395 460 501 581 645 708 753 829 892 956 1017
17 82 143 210 268 330 389 461 524 580 646 709 768 830 893 957 1018
18 75 144 211 269 326 385 454 525 582 647 710 769 831 894 958 1019
3 83 133 212 270 331 396 462 526 583 642 700 770 832 895 959 1001
19 65 138 185 271 332 397 463 527 584 644 711 771 833 896 960 1020
18 84 145 213 272 320 398 464 528 585 648 712 772 834 897 961 1013
20 85 146 203 255 333 388 465 529 586 649 695 773 835 895 960 1016
21 86 147 214 273 334 399 453 530 587 650 713 774 832 898 962 1002
22 87 147 215 274 335 400 447 519 588 651 714 775 836 899 963 1021
13 88 140 213 267 336 401 466 510 589 652 709 776 814 900 964 1012
4 89 148 216 269 337 402 467 516 571 653 715 777 837 897 965 1002
23 90 149 205 265 338 403 461 490 590 649 716 778 838 901 966 1022
24 64 150 189 252 339 386 468 526 574 654 715 779 839 881 958 1023
25 64 132 209 275 322 404 469 531 585 616 717 780 840 891 940 1022
26 70 128 217 276 340 396 453 532 591 620 707 781 841 902 965 1024
27 78 151 218 277 341 376 443 533 566 655 718 782 817 903 967 0
28 91 130 206 278 333 405 427 511 554 611 701 783 842 904 963 0
29 92 152 219 279 342 406 470 500 592 656 696 767 831 905 968 0
30 68 153 203 280 343 400 426 534 593 642 719 769 843 906 957 1003
9 93 154 205 273 343 407 429 535 594 657 720 784 844 907 969 1019
31 80 155 220 281 344 408 470 536 587 629 708 764 845 908 961 0
32 69 156 220 282 345 409 471 537 595 658 721 768 823 895 970 0
33 67 157 204 275 340 376 472 538 574 649 722 785 846 909 971 0
5 94 137 210 271 346 410 418 539 576 659 723 775 847 910 972 1023
29 72 158 218 282 335 411 473 483 591 660 724 786 848 911 942 1006
20 82 159 219 283 347 378 474 540 578 653 694 787 828 903 973 0
5 95 160 221 284 339 403 460 498 596 661 706 763 825 894 961 0
33 96 161 222 285 348 412 475 541 587 662 683 788 849 887 974 0
34 86 162 222 286 349 413 464 523 583 663 725 766 824 912 944 0
35 97 163 222 281 350 387 444 497 597 664 698 789 850 913 966 0
36 68 163 223 287 351 392 476 528 596 658 718 748 851 876 969 0
37 67 164 224 288 344 383 477 508 598 641 712 790 825 911 963 1017
38 96 148 218 289 352 414 459 542 599 640 698 791 824 914 975 0
36 70 165 225 290 338 415 436 543 600 665 674 792 852 889 976 0
16 75 158 196 278 350 416 478 544 601 634 719 776 853 915 974 0
32 87 166 226 265 353 417 479 545 602 655 726 792 814 916 972 1006
39 76 154 191 291 354 418 467 531 589 666 727 771 830 905 977 0
40 98 139 226 292 355 375 446 546 596 662 728 793 854 882 977 1019
6 99 167 198 287 329 419 429 525 603 667 721 776 837 890 955 0
41 71 168 221 289 326 380 415 528 572 631 729 794 820 917 967 0
33 80 137 227 293 336 420 480 547 600 668 730 770 855 903 978 0
7 100 169 228 271 317 388 481 541 604 652 727 764 856 918 957 0
35 101 159 186 257 356 421 464 542 605 634 731 795 857 919 945 0
5 92 170 229 274 329 396 467 488 577 669 732 782 858 917 979 0
42 97 171 221 262 328 422 482 505 577 635 730 784 859 900 950 0
43 85 149 188 282 357 382 439 548 606 633 715 764 842 886 972 0
23 77 124 230 264 348 423 450 529 607 670 725 781 860 910 947 0
3 102 172 231 294 358 424 483 524 603 631 715 759 861 905 952 0
4 103 173 214 295 351 403 484 507 585 651 699 765 827 920 967 0
35 91 174 232 277 359 409 485 517 593 669 733 760 848 896 969 1015
14 75 165 212 296 324 425 486 549 602 628 706 787 862 904 980 0
44 104 173 233 254 342 426 448 513 608 612 713 781 822 892 980 0
13 105 167 217 277 360 377 425 520 588 660 713 796 851 907 981 1008
22 101 167 234 268 361 390 477 544 586 665 734 797 859 878 953 1004
45 98 136 222 276 342 427 487 548 594 671 735 791 837 906 970 0
46 106 141 208 297 359 422 488 547 594 647 701 751 863 912 942 0
47 98 175 235 283 341 428 458 550 568 672 724 775 849 914 982 0
24 107 176 236 295 353 429 489 551 578 673 710 788 815 913 983 0
45 89 177 212 249 314 421 490 552 609 646 713 798 821 896 942 1014
25 108 148 200 294 362 399 491 532 573 661 719 750 814 880 970 0
48 79 178 231 275 363 388 491 548 571 674 736 779 864 921 980 0
15 103 136 237 298 318 424 492 553 581 626 721 799 845 882 975 0
42 80 153 199 299 364 382 402 520 601 632 685 785 850 922 949 0
41 109 167 238 288 345 426 493 554 609 675 737 800 816 923 984 0
49 81 152 226 300 327 410 491 525 567 673 738 801 865 887 985 0
2 110 179 239 276 322 409 489 555 610 637 725 798 835 923 977 1021
50 99 171 240 266 354 411 480 534 611 676 739 802 856 910 939 0
35 79 134 214 258 315 380 462 553 594 677 705 800 836 924 986 0
11 111 180 241 257 335 419 435 556 612 639 740 783 845 914 943 0
51 112 159 242 293 365 368 436 535 610 667 740 760 833 925 987 1008
18 107 181 218 254 366 391 487 539 600 678 709 801 862 919 948 0
28 113 180 192 250 338 430 494 557 575 679 741 766 836 881 964 0
48 112 138 233 296 357 408 492 533 613 663 686 734 866 918 988 1013
52 74 126 197 270 360 407 473 550 614 644 730 755 837 926 989 1011
34 106 157 219 301 324 400 439 555 585 678 742 752 867 914 989 0
51 95 182 228 300 366 431 473 529 595 677 743 795 840 927 963 1013
53 114 140 190 297 349 415 469 558 609 630 708 779 830 878 948 0
1 110 183 234 302 367 397 478 547 575 653 706 765 819 883 968 0
31 115 160 217 269 333 412 441 559 570 680 700 797 840 917 947 0
40 116 142 195 303 320 387 491 517 595 681 707 798 849 909 984 0
18 112 184 215 266 345 395 482 560 578 682 695 803 843 928 986 1024
47 88 131 200 287 368 394 495 545 597 621 705 804 815 907 951 0
14 99 183 194 242 346 414 482 513 589 674 702 777 868 929 990 0
40 78 185 243 266 348 396 447 531 605 636 742 755 829 913 949 0
32 103 146 201 259 316 416 422 535 604 669 672 789 855 919 984 0
45 82 126 198 303 316 408 466 557 615 668 743 783 846 930 991 1010
21 117 180 210 298 352 417 465 500 616 682 693 805 856 921 992 1007
26 85 175 215 304 356 397 496 549 592 683 744 805 823 931 993 0
11 108 134 244 291 318 432 440 527 537 681 742 802 869 878 994 1014
54 104 170 201 260 347 433 455 522 617 666 737 804 817 880 976 1023
10 115 127 212 293 341 419 469 540 606 637 697 758 841 911 985 0
51 118 155 197 285 369 426 474 515 618 659 721 765 861 932 995 0
30 84 143 244 264 319 430 497 535 599 655 745 756 838 880 965 0
8 119 151 230 305 337 434 485 508 617 648 738 794 845 915 979 1012
45 100 145 236 302 364 435 498 554 614 683 699 761 870 933 981 0
55 112 157 223 299 331 399 463 545 607 669 704 753 853 927 943 0
56 120 179 216 306 370 436 460 546 602 652 660 783 831 883 986 0
53 82 185 227 307 371 425 476 510 570 654 717 801 869 918 955 1005
17 77 181 245 259 368 402 493 561 584 657 729 792 854 898 996 0
12 72 166 225 308 371 437 499 553 590 684 723 755 835 929 981 0
52 65 171 204 260 349 398 500 562 588 667 729 768 844 916 997 0
36 116 125 240 298 332 378 498 552 610 662 736 785 826 934 988 0
54 109 143 187 300 363 438 476 541 619 685 746 772 839 895 956 1009
21 110 127 244 292 369 381 501 550 592 654 676 772 818 876 996 1018
47 121 130 246 280 340 387 410 459 580 686 712 799 871 898 958 0
44 83 154 247 309 315 374 458 563 569 680 740 799 867 903 974 1021
39 91 145 202 283 363 417 492 515 603 643 696 790 827 886 962 0
27 63 186 247 284 316 432 470 504 572 638 699 781 844 929 959 0
23 114 182 248 281 370 435 471 533 601 656 722 754 841 928 959 1023
9 113 159 217 310 351 413 463 549 579 650 739 789 860 877 955 0
57 90 168 213 299 341 424 475 518 580 687 737 806 870 891 953 1024
49 117 140 249 253 357 416 502 564 620 688 703 807 843 910 983 0
24 116 143 207 269 372 437 496 543 621 676 747 796 858 886 960 1011
58 89 168 215 287 344 430 481 531 622 632 736 802 832 909 968 0
15 94 151 245 303 373 438 451 543 608 686 725 808 848 904 987 0
37 122 135 193 264 346 439 468 485 569 665 729 791 871 894 944 0
44 105 137 225 304 323 423 484 512 591 681 692 787 870 925 992 1017
58 73 153 211 309 355 436 472 536 583 689 726 767 847 935 941 1007
9 89 172 234 311 359 423 500 519 574 676 716 788 833 920 944 0
42 92 162 232 263 330 404 503 534 575 633 690 789 832 908 948 0
48 90 176 196 309 373 440 449 562 617 660 748 792 865 892 989 0
10 74 187 230 308 344 418 482 512 608 673 743 769 838 933 973 0
1 72 178 232 298 368 441 486 563 623 685 711 763 861 888 940 0
41 86 138 209 257 355 423 454 537 570 673 732 808 872 936 996 0
53 120 161 235 311 372 418 471 514 581 685 748 766 825 935 945 0
53 107 170 194 278 369 424 504 552 566 679 749 791 813 890 986 0
54 90 130 227 292 335 413 452 552 622 647 750 809 851 897 984 0
25 121 155 240 274 374 416 485 509 590 666 698 810 865 883 996 0
59 97 131 225 305 375 385 489 532 592 619 703 809 857 891 998 0
59 86 169 242 307 376 390 490 556 624 672 735 752 842 937 939 0
28 74 162 231 289 336 375 474 537 598 661 738 811 852 902 997 0
30 105 178 216 312 313 386 490 560 568 680 751 771 869 887 954 1011
60 111 184 246 286 377 437 478 524 609 617 745 775 856 935 961 0
30 123 156 237 290 362 431 489 550 567 686 704 800 829 908 992 0
32 116 183 250 275 342 434 488 561 618 675 705 773 818 922 998 0
42 124 142 249 312 367 428 451 554 616 662 692 801 822 893 976 1015
43 108 133 210 281 355 442 457 563 620 651 720 780 873 937 990 1017
36 93 182 243 286 337 383 406 428 584 625 740 774 868 918 966 0
19 84 160 208 308 373 399 503 548 618 652 744 788 836 893 946 0
61 73 149 197 311 319 420 505 560 625 678 743 807 813 921 971 0
50 122 173 228 270 352 442 483 558 622 663 745 804 868 930 954 1004
62 125 144 249 294 343 420 488 514 619 677 737 812 866 938 954 1012
3 100 166 219 312 361 440 480 509 587 687 746 812 821 926 960 0
43 113 169 224 280 353 404 466 478 626 657 714 758 850 890 947 1016
55 123 172 238 309 320 412 495 540 625 690 747 794 827 938 987 0
24 97 179 243 272 357 432 481 549 569 691 738 763 872 899 962 1009
48 93 141 251 284 314 405 497 513 591 670 722 773 871 884 995 0
8 91 165 252 271 319 395 483 506 589 690 749 782 871 926 973 1021
31 109 165 188 291 352 422 495 551 611 658 687 778 867 911 988 0
2 123 188 251 279 317 413 450 544 615 680 730 779 816 920 949 1007
49 102 164 199 305 378 386 469 563 627 671 722 757 835 877 999 1020
41 103 152 227 272 331 443 501 546 584 633 727 806 873 881 999 1010
37 95 144 201 304 325 427 440 539 614 634 733 758 852 932 980 0
13 64 172 242 308 350 428 484 522 595 679 751 797 867 885 983 1009
28 105 182 239 274 373 421 486 538 599 665 693 762 864 912 978 0
15 66 188 204 241 343 444 502 512 621 640 736 774 851 931 950 0
7 76 139 196 293 328 383 448 514 621 663 733 805 829 934 994 1018
59 126 178 229 310 372 439 474 517 611 641 689 800 872 928 975 1005
25 71 186 228 311 377 393 487 508 613 691 720 767 870 904 999 0
47 65 189 211 282 330 421 445 551 600 670 749 790 840 931 991 0
52 125 168 248 268 323 381 468 532 571 639 700 807 853 930 951 0
54 78 134 224 301 358 445 498 536 624 648 747 786 868 917 993 0
61 102 163 202 273 365 404 448 496 628 641 735 795 852 936 973 0
57 119 162 233 259 327 411 506 555 596 684 746 790 850 934 971 0
63 127 173 192 312 340 385 471 523 588 657 718 774 834 905 938 1001
33 117 176 203 261 358 446 464 520 612 678 716 809 831 888 990 0
62 83 174 250 306 328 408 497 516 624 654 731 759 817 915 957 0
12 120 155 213 262 314 438 472 506 615 682 731 813 828 923 1000 0
16 118 187 239 263 361 393 458 521 577 689 697 777 855 906 967 0
58 111 150 190 263 324 405 434 463 601 629 703 761 866 898 993 1019
59 83 181 237 260 333 435 501 542 604 628 728 757 858 884 968 0
10 107 135 251 267 356 442 462 533 593 668 728 778 842 893 982 0
56 109 157 205 302 321 391 452 503 597 651 724 796 834 932 939 0
49 93 171 200 285 325 425 451 556 623 656 746 809 855 892 972 1004
46 113 161 211 270 363 431 470 564 606 639 684 757 869 920 969 0
2 101 181 221 280 334 371 494 551 573 627 744 806 865 915 1000 0
14 124 136 246 297 339 446 473 538 540 689 749 810 833 922 994 1016
16 106 189 247 288 351 417 475 559 614 659 741 812 859 909 966 1018
27 118 131 250 313 379 433 457 553 627 630 739 760 862 913 953 0
34 73 174 195 300 371 414 466 543 623 661 735 784 819 901 977 0
22 115 189 231 253 354 406 499 565 618 644 664 806 826 901 962 1006
20 119 141 209 290 360 379 445 561 576 668 731 793 844 897 983 1015
40 122 147 220 302 347 405 502 505 525 684 702 810 846 916 952 0
44 87 179 198 246 358 431 504 559 583 687 711 803 841 933 956 0
29 125 169 206 291 356 402 456 558 586 646 712 810 872 933 941 0
62 114 175 199 244 353 377 506 562 579 638 734 794 839 936 975 0
63 92 145 207 296 323 444 493 555 598 624 739 793 839 888 978 1022
19 124 186 236 306 375 400 502 539 615 636 741 754 874 879 941 1008
20 110 144 223 258 349 410 461 556 593 675 742 770 854 925 995 0
56 81 151 191 295 332 393 430 560 586 642 726 776 819 889 945 0
55 71 180 245 304 354 409 449 524 581 643 695 807 859 934 982 0
38 88 153 239 296 347 403 499 530 604 675 741 780 875 896 1000 0
31 100 190 229 254 365 443 446 515 557 682 750 804 847 902 971 0
22 81 149 194 283 380 437 456 536 619 637 719 811 815 912 987 0
8 96 129 253 292 313 407 484 518 561 674 709 812 874 924 997 1022
62 96 147 187 310 339 398 449 511 607 664 720 786 863 925 959 1024
51 69 129 206 301 326 444 496 564 568 645 748 803 863 916 981 0
26 120 164 237 258 330 407 480 538 606 650 717 811 848 901 976 0
60 115 164 233 265 367 394 398 558 625 636 723 771 849 932 979 0
34 121 156 234 284 370 401 493 557 582 690 728 796 818 921 1000 0
60 94 174 238 267 325 382 450 530 616 671 714 795 862 929 988 0
43 63 150 223 285 359 384 460 521 627 650 692 768 858 899 982 1014
12 99 150 214 279 364 433 477 546 599 659 726 787 874 902 940 0
23 106 148 235 272 365 433 453 545 613 664 694 813 820 906 974 1001
56 88 133 241 310 369 406 479 529 567 653 708 784 854 923 993 0
38 70 152 184 193 350 429 475 510 605 647 649 798 864 937 989 0
27 114 123 240 273 367 389 465 499 608 635 710 803 857 899 964 0
61 95 139 216 307 374 394 504 565 573 681 734 754 846 884 950 1020
46 76 177 241 305 345 389 414 526 572 688 697 808 853 889 938 0
58 104 129 236 294 346 401 441 541 605 671 744 751 873 927 998 0
60 77 158 229 290 315 384 486 505 622 688 701 752 857 922 995 0
38 127 185 232 288 370 379 456 487 579 677 745 808 847 926 990 0
50 85 177 252 306 334 443 454 495 613 670 711 797 875 876 978 0
50 79 160 226 286 379 391 468 542 603 672 750 799 820 900 956 0
39 118 176 195 297 337 397 462 565 628 646 702 769 860 907 997 0
57 67 154 252 303 361 441 494 522 607 648 688 811 838 908 985 0
46 87 132 245 307 381 401 477 507 612 658 732 793 861 894 946 0
21 68 158 235 256 336 434 452 526 559 656 704 782 874 930 965 0
19 102 146 251 277 338 381 467 521 629 630 691 756 834 900 970 1010
17 122 163 191 255 362 395 472 523 582 638 724 762 826 927 951 0
55 98 170 193 262 332 360 461 544 602 645 718 773 875 936 964 1005
37 101 190 207 313 331 411 476 527 582 679 752 785 875 877 991 0
39 111 146 224 276 366 420 459 530 623 683 717 762 873 879 952 1003
61 119 184 192 268 364 412 479 564 626 666 733 770 824 919 946 0
7 117 156 230 299 329 427 457 547 597 655 710 759 830 924 999 0
17 69 175 247 279 321 445 492 534 620 667 727 778 860 928 992 1020
1 66 161 248 301 334 374 465 528 576 691 732 802 821 937 958 0
52 94 166 243 278 362 419 503 527 610 640 747 780 863 885 979 0
4 84 128 220 256 327 390 481 518 626 692 716 786 828 931 998 0
26 104 142 208 289 317 392 479 516 590 632 714 772 866 924 994 0
29 121 177 202 295 348 415 455 511 598 635 694 777 843 935 985 0
57 108 183 238 261 366 392 507 509 565 643 723 805 864 885 991 0
