1024 250
5 21
5 5 5 5 5 5 5 5 5 5 5 5 5 5 5 5 5 5 5 5 5 5 5 5 5 5 5 5 5 5 5 5 5 5 5 5 5 5 5 5 5 5 5 5 5 5 5 5 5 5 5 5 5 5 5 5 5 5 5 5 5 5 5 5 5 5 5 5 5 5 5 5 5 5 5 5 5 5 5 5 5 5 5 5 5 5 5 5 5 5 5 5 5 5 5 5 5 5 5 5 5 5 5 5 5 5 5 5 5 5 5 5 5 5 5 5 5 5 5 5 5 5 5 5 5 5 5 5 5 5 5 5 5 5 5 5 5 5 5 5 5 5 5 5 5 5 5 5 5 5 5 5 5 5 5 5 5 5 5 5 5 5 5 5 5 5 5 5 5 5 5 5 5 5 5 5 5 5 5 5 5 5 5 5 5 5 5 5 5 5 5 5 5 5 5 5 5 5 5 5 5 5 5 5 5 5 5 5 5 5 5 5 5 5 5 5 5 5 5 5 5 5 5 5 5 5 5 5 5 5 5 5 5 5 5 5 5 5 5 5 5 5 5 5 5 5 5 5 5 5 5 5 5 5 5 5 5 5 5 5 5 5 5 5 5 5 5 5 5 5 5 5 5 5 5 5 5 5 5 5 5 5 5 5 5 5 5 5 5 5 5 5 5 5 5 5 5 5 5 5 5 5 5 5 5 5 5 5 5 5 5 5 5 5 5 5 5 5 5 5 5 5 5 5 5 5 5 5 5 5 5 5 5 5 5 5 5 5 5 5 5 5 5 5 5 5 5 5 5 5 5 5 5 5 5 5 5 5 5 5 5 5 5 5 5 5 5 5 5 5 5 5 5 5 5 5 5 5 5 5 5 5 5 5 5 5 5 5 5 5 5 5 5 5 5 5 5 5 5 5 5 5 5 5 5 5 5 5 5 5 5 5 5 5 5 5 5 5 5 5 5 5 5 5 5 5 5 5 5 5 5 5 5 5 5 5 5 5 5 5 5 5 5 5 5 5 5 5 5 5 5 5 5 5 5 5 5 5 5 5 5 5 5 5 5 5 5 5 5 5 5 5 5 5 5 5 5 5 5 5 5 5 5 5 5 5 5 5 5 5 5 5 5 5 5 5 5 5 5 5 5 5 5 5 5 5 5 5 5 5 5 5 5 5 5 5 5 5 5 5 5 5 5 5 5 5 5 5 5 5 5 5 5 5 5 5 5 5 5 5 5 5 5 5 5 5 5 5 5 5 5 5 5 5 5 5 5 5 5 5 5 5 5 5 5 5 5 5 5 5 5 5 5 5 5 5 5 5 5 5 5 5 5 5 5 5 5 5 5 5 5 5 5 5 5 5 5 5 5 5 5 5 5 5 5 5 5 5 5 5 5 5 5 5 5 5 5 5 5 5 5 5 5 5 5 5 5 5 5 5 5 5 5 5 5 5 5 5 5 5 5 5 5 5 5 5 5 5 5 5 5 5 5 5 5 5 5 5 5 5 5 5 5 5 5 5 5 5 5 5 5 5 5 5 5 5 5 5 5 5 5 5 5 5 5 5 5 5 5 5 5 5 5 5 5 5 5 5 5 5 5 5 5 5 5 5 5 5 5 5 5 5 5 5 5 5 5 5 5 5 5 5 5 5 5 5 5 5 5 5 5 5 5 5 5 5 5 5 5 5 5 5 5 5 5 5 5 5 5 5 5 5 5 5 5 5 5 5 5 5 5 5 5 5 5 5 5 5 5 5 5 5 5 5 5 5 5 5 5 5 5 5 5 5 5 5 5 5 5 5 5 5 5 5 5 5 5 5 5 5 5 5 5 5 5 5 5 5 5 5 5 5 5 5 5 5 5 5 5 5 5 5 5 5 5 5 5 5 5 5 5 5 5 5 5 5 5 5 5 5 5 5 5 5 5 5 5 5 5 5 5 5 5 5 5 5 5 5 5 5 5 5 5 5 5 5 5 5 5 5 5 5 5 5 5 5 5 5 5 5 5 5 5 5 5 5 5 5 5 5 5 5 5 5 5 5 5 5 5 5 5 5 5 5 5 5 5 5 5 5 5 5 5 5 5 5 5 5 5 5 5 5 5 5 5 5 5 5 5 5 5 5 5 5 5 5 5 5 5 5 5 5 5 5 5 5 5 5 5 5 5 5 5 5 5 5 5 5 5 5 5 5 5 5 5 5 5 5 5 5 5 5 5 5 5 5 5 5 5 5 5 5 5 5 5 5 5 5 5 5 5 5 5 5 5 5 5 5 5 5 5 5 5 5 5 5 5 5 5 5 5 5 5 5 5 5 5 5 5 5 5 5 5 5
21 21 21 21 21 21 21 21 21 21 21 21 21 21 21 21 21 21 21 21 21 21 21 21 21 21 21 21 21 21 21 21 21 20 21 21 20 20 20 20 20 20 20 20 20 21 20 21 20 21 20 20 20 20 21 20 21 21 20 20 21 20 21 20 21 20 21 20 20 21 21 20 20 21 21 21 20 20 20 20 20 20 21 21 21 20 20 20 21 20 20 21 20 21 21 20 21 21 21 20 20 21 20 20 21 20 20 21 21 21 21 21 21 20 21 20 21 20 21 20 20 20 21 20 21 20 20 20 21 20 20 20 21 21 21 20 20 21 21 21 21 20 20 20 20 20 20 20 21 21 20 20 21 20 20 20 21 20 21 20 20 21 21 20 20 21 20 21 20 20 20 21 21 20 20 21 20 20 20 21 21 21 20 20 21 21 21 20 21 20 21 20 20 20 20 20 20 20 20 20 20 21 20 21 21 20 20 20 20 20 21 20 20 21 20 20 20 20 20 20 20 20 21 21 21 20 20 21 20 20 20 20 21 21 20 20 21 20 21 20 21 20 21 20 21 21 20 20 21 21
1 96 141 194 245
2 21 84 161 168
3 28 65 66 247
4 15 41 44 61
5 10 56 58 174
6 111 165 212 243
7 36 108 126 136
8 14 105 139 190
9 85 117 185 221
11 25 64 69 171
12 77 99 131 195
13 49 173 186 193
16 83 114 238 244
17 19 95 155 237
18 39 198 205 206
20 101 119 199 236
22 59 67 124 211
23 71 127 162 222
24 73 102 143 175
26 122 215 225 248
27 81 145 170 196
29 34 104 201 249
30 90 146 149 209
31 46 94 148 164
32 33 51 181 192
35 50 54 86 217
37 42 79 112 152
38 128 166 223 240
40 118 210 229 241
43 88 91 197 232
45 63 70 134 163
47 130 144 147 219
48 115 123 156 191
52 57 87 97 188
53 109 160 224 234
55 74 89 125 157
60 113 142 158 187
62 82 208 228 231
68 76 98 154 242
72 92 93 116 121
75 120 159 202 233
78 150 180 203 216
80 103 167 235 250
100 107 138 177 227
106 179 207 213 220
110 135 214 239 246
129 132 153 182 183
133 140 151 200 226
137 169 184 204 218
172 176 178 189 230
1 32 43 44 236
2 28 33 216 244
3 48 49 175 224
4 30 112 137 210
5 93 136 157 199
6 14 63 142 146
7 35 38 177 230
8 47 110 182 235
9 20 76 97 237
10 22 31 62 64
11 27 77 225 233
12 39 71 104 207
13 54 151 205 250
15 23 143 178 208
16 75 130 185 204
17 60 115 164 227
18 59 68 152 180
19 81 118 168 214
21 34 70 96 121
24 26 134 166 242
25 29 91 103 123
36 40 78 88 111
37 92 153 160 195
41 105 109 117 200
42 107 122 221 239
45 55 85 86 171
46 140 176 218 220
50 154 158 192 249
51 95 127 129 212
52 90 108 162 186
53 74 169 194 228
56 147 155 198 248
57 99 150 191 231
58 65 79 190 232
61 66 100 170 219
67 101 132 138 226
69 113 128 184 193
72 80 94 215 241
73 120 161 167 174
82 126 135 206 247
83 133 188 243 246
84 87 106 234 240
89 98 183 209 213
102 144 149 217 245
114 124 145 201 223
116 159 179 187 203
119 139 148 173 196
125 131 181 211 229
141 156 165 172 202
163 189 197 206 238
42 63 151 191 222
1 174 193 213 239
2 8 162 218 242
3 101 171 207 241
4 31 97 104 182
5 81 142 178 185
6 53 76 80 100
7 77 83 190 194
9 102 179 197 211
10 38 48 51 121
11 30 49 216 227
12 24 165 169 238
13 93 123 176 219
14 32 82 166 188
15 18 55 186 243
16 40 54 96 183
17 34 117 120 152
19 35 44 150 233
20 70 111 144 208
21 58 61 113 131
22 90 109 129 214
23 91 148 237 240
25 116 200 230 245
26 52 60 88 160
27 36 154 167 226
28 148 195 202 217
29 92 118 128 228
33 106 126 201 250
37 50 95 110 145
39 115 225 235 244
41 65 67 98 156
43 68 130 135 215
45 56 108 181 203
46 84 85 229 231
47 79 94 146 224
57 138 157 173 204
59 103 141 153 222
62 71 155 170 180
64 72 168 177 205
66 89 133 139 161
69 87 132 143 221
73 74 189 210 212
75 99 105 127 246
78 125 147 184 236
86 107 187 198 232
112 119 158 223 247
114 136 149 220 248
122 172 192 199 209
111 124 137 164 175
134 140 159 196 249
107 150 163 234 241
1 108 164 178 249
2 55 60 130 141
3 7 29 142 155
4 69 89 121 180
5 32 66 124 234
6 33 99 152 171
8 53 151 199 211
9 54 160 165 196
10 85 98 227 238
11 70 162 223 232
12 20 49 120 135
13 83 154 202 229
14 91 168 183 184
15 56 92 191 218
16 18 73 100 156
17 67 122 205 245
19 24 105 136 158
21 23 86 126 204
22 35 87 134 167
25 63 110 161 198
26 132 139 144 210
27 28 123 163 236
30 39 219 226 228
31 81 127 169 250
34 74 153 170 188
36 102 109 115 128
37 104 133 143 177
38 46 65 130 203
40 116 138 192 224
41 52 125 175 239
42 77 90 157 206
43 62 146 221 244
44 80 84 195 209
45 76 173 201 233
47 51 101 114 187
48 68 140 190 208
50 131 215 240 243
57 58 118 225 230
59 88 193 200 247
61 78 106 189 222
64 112 172 179 235
71 79 93 166 214
72 75 82 113 220
94 96 197 242 246
95 103 119 149 185
11 97 212 213 217
117 147 186 194 207
129 137 159 231 248
105 145 174 176 216
27 149 181 182 193
64 181 190 219 237
1 8 72 85 170
2 36 95 188 207
3 42 167 184 243
4 101 126 134 141
5 34 35 88 156
6 23 118 179 236
7 39 119 234 242
9 47 74 99 108
10 14 186 217 226
12 96 107 128 140
13 38 97 152 248
15 25 129 199 244
16 110 150 164 226
17 78 90 92 139
9 18 28 137 166
19 48 104 189 204
20 113 145 191 194
21 83 103 109 122
22 33 133 185 232
24 57 59 147 209
26 62 106 120 123
29 44 144 227 246
30 32 143 155 202
31 68 116 125 223
37 45 61 115 169
8 40 69 195 201
41 51 173 197 228
43 77 121 158 250
46 50 70 100 193
49 158 183 211 230
52 114 148 177 180
53 58 132 135 249
54 79 161 220 227
55 67 82 196 235
56 75 87 112 245
60 73 93 201 231
63 102 138 176 247
1 65 127 157 160
66 91 117 154 212
71 130 163 174 192
76 168 175 187 222
80 124 198 214 237
38 81 111 136 206
51 84 151 182 225
32 86 94 200 216
89 159 205 210 240
98 142 150 153 229
131 162 172 224 228
66 146 218 233 239
17 165 182 213 241
52 171 183 208 221
173 178 203 215 238
2 20 40 41 249
3 12 145 197 209
4 53 91 144 220
5 46 107 121 222
6 39 65 68 210
7 61 127 159 221
10 33 37 240 241
11 139 192 231 250
13 94 95 187 208
14 77 115 116 118
15 54 124 141 236
16 29 111 125 216
18 78 81 213 224
19 100 151 171 238
21 31 49 76 146
22 34 191 195 203
23 27 64 158 239
24 48 86 112 129
25 42 46 137 188
26 36 85 104 105
28 87 110 136 230
30 72 88 237 243
35 139 175 189 244
43 69 170 204 217
44 73 89 196 207
45 119 194 205 246
23 47 98 120 212
50 178 206 219 232
55 58 114 123 229
56 60 83 199 225
57 156 161 179 223
59 82 108 109 244
62 176 181 184 245
63 74 126 202 215
67 79 117 128 233
70 106 157 214 248
71 147 172 211 234
75 131 153 163 186
80 122 180 185 218
84 138 152 155 162
90 101 103 169 174
92 97 167 190 247
93 132 133 198 235
96 134 137 142 148
99 113 154 166 177
72 102 135 160 200
74 140 164 168 242
77 143 165 217 220
65 71 149 165 168
1 48 73 94 180
2 19 58 102 248
3 24 93 120 200
4 33 43 54 95
5 15 97 118 144
6 121 145 155 190
7 73 130 176 182
8 75 107 135 167
9 57 131 192 232
10 20 110 149 218
11 12 37 89 147
13 184 209 230 237
14 92 99 112 197
16 39 45 106 141
17 28 53 177 183
18 21 32 195 219
22 60 76 96 188
25 85 169 173 234
26 29 81 100 204
27 67 142 179 198
30 62 70 117 187
31 41 153 162 199
34 196 202 211 239
35 68 79 123 181
36 146 172 205 242
38 132 170 228 236
40 63 84 159 186
42 87 150 175 249
44 103 114 143 154
47 122 161 163 247
49 88 133 141 178
50 101 152 210 227
51 66 78 98 135
52 83 119 206 235
55 87 91 207 214
56 80 116 166 189
59 86 223 233 241
61 160 164 231 245
64 111 157 203 250
69 108 124 156 222
82 148 151 174 243
90 134 185 229 246
63 104 127 226 240
105 113 201 213 236
109 126 138 171 191
115 193 212 215 221
125 128 129 208 225
76 136 194 224 238
57 140 148 178 216
1 24 81 161 225
2 111 112 193 240
3 18 51 74 80
4 75 156 230 248
5 31 60 139 207
6 200 208 211 218
7 49 62 69 214
8 59 65 123 245
9 36 42 83 118
10 43 71 150 247
11 35 136 183 243
12 15 32 133 172
13 22 104 160 213
14 45 180 202 234
16 28 79 162 206
17 48 82 199 232
19 96 153 166 235
20 55 84 189 250
21 38 88 155 210
23 61 121 188 209
25 100 131 196 217
26 64 124 126 163
27 95 108 122 152
29 56 106 186 187
30 58 127 144 151
33 46 52 143 194
34 50 90 116 184
37 78 105 198 242
39 192 195 227 239
40 86 89 103 221
41 77 97 132 191
44 142 190 215 224
22 47 125 165 233
53 154 216 223 238
3 54 68 72 228
66 107 134 168 244
67 70 93 99 237
85 114 167 175 246
91 137 147 182 203
92 130 164 170 181
77 94 98 179 204
101 109 146 231 249
31 102 205 222 226
110 117 119 140 201
113 149 157 176 197
115 162 174 220 229
46 120 129 145 169
128 159 192 212 241
138 158 185 219 243
81 149 171 173 177
1 105 119 131 203
2 4 12 51 106
5 20 153 159 198
6 54 87 122 177
7 26 109 187 239
8 29 209 219 241
9 121 130 202 218
10 23 32 141 206
11 92 108 196 242
13 25 50 175 194
14 86 170 245 248
15 49 74 165 221
16 63 97 117 174
17 35 69 85 186
18 88 184 249 250
19 99 182 201 205
21 53 112 150 232
24 34 55 181 210
27 71 128 136 217
28 111 120 140 187
30 40 57 153 234
33 155 189 193 195
36 43 48 65 147
37 66 82 142 223
38 59 138 215 246
39 93 113 144 152
41 114 172 185 237
42 61 73 75 96
44 58 161 171 212
45 166 190 191 230
47 67 118 137 154
12 52 129 167 227
56 110 146 183 247
60 156 168 217 224
62 84 173 200 213
64 73 91 204 238
61 68 90 176 244
70 104 107 123 132
72 129 158 178 207
76 125 134 143 214
78 169 188 233 235
20 79 83 95 157
80 115 135 197 199
89 116 163 164 191
87 94 100 101 222
98 127 145 220 231
102 126 148 225 229
103 133 208 216 240
77 124 139 160 228
2 81 151 180 236
80 179 181 226 230
138 154 184 188 211
1 103 199 200 201
3 35 105 163 182
4 21 85 165 205
5 26 130 232 237
6 125 195 221 238
7 75 149 198 227
8 112 113 118 122
9 16 203 210 225
10 70 211 222 224
11 34 84 140 235
13 14 53 55 137
15 121 170 229 247
17 108 134 234 248
18 52 101 178 214
19 36 144 183 241
22 32 68 110 151
23 30 41 93 124
24 46 111 135 156
25 39 82 83 107
27 102 114 132 146
28 72 86 100 117
29 141 185 189 220
31 88 142 143 246
33 38 40 131 179
37 67 71 123 190
42 60 64 98 202
43 45 109 172 216
44 76 158 176 231
47 66 196 209 228
48 56 74 139 226
49 116 161 206 215
50 69 148 223 244
51 79 96 133 155
54 92 120 136 150
57 128 175 180 207
58 91 94 160 193
59 186 192 204 213
62 78 157 177 212
63 99 167 168 245
65 104 152 159 250
89 90 115 127 249
95 97 106 171 219
119 147 162 197 240
126 208 233 242 243
145 164 166 173 218
153 169 236 239 247
32 34 112 174 194
1 129 138 216 250
2 63 71 171 213
3 146 178 188 190
4 25 105 207 211
5 61 128 177 249
6 81 126 205 241
7 42 53 68 124
8 90 180 222 248
9 98 168 182 233
10 57 143 229 245
11 48 83 198 209
12 58 66 226 231
13 110 220 234 244
14 39 79 109 240
15 117 193 214 230
16 33 56 89 160
17 107 116 142 173
18 38 135 151 242
19 70 86 165 239
20 100 123 147 148
21 30 172 174 206
22 157 164 169 215
23 60 82 114 219
24 29 176 221 224
26 118 159 189 235
27 40 85 199 237
28 84 99 158 212
31 44 45 65 243
35 46 97 101 179
36 59 113 156 170
37 103 130 150 184
41 73 119 121 141
43 51 93 154 161
47 92 149 175 208
49 55 185 192 197
50 78 187 196 204
52 163 166 210 228
54 102 139 140 194
62 72 108 111 167
64 74 96 127 223
67 115 133 183 238
69 75 91 134 162
76 120 137 225 232
77 152 181 186 202
80 104 136 144 145
87 88 217 227 236
94 122 125 155 203
95 131 132 201 218
106 195 200 241 246
51 58 185 191 198
1 5 89 171 202
2 114 196 224 233
3 8 61 117 138
4 164 189 236 243
6 124 136 172 188
7 23 57 88 145
9 34 122 208 214
10 16 25 65 180
11 68 99 106 156
12 44 95 159 247
13 108 120 142 207
14 47 93 191 204
15 50 72 123 137
17 31 56 63 150
18 20 67 129 240
19 85 127 203 228
21 66 167 177 221
22 36 74 101 192
24 76 83 178 245
26 38 175 226 227
27 62 134 211 215
28 98 170 194 237
29 79 135 205 223
30 33 60 84 91
32 39 75 78 238
35 125 126 153 220
37 90 163 216 218
40 43 82 144 169
41 81 103 176 190
42 52 92 187 217
45 121 128 200 248
46 86 104 168 235
48 100 110 143 157
49 53 73 107 155
54 131 149 184 210
55 109 151 152 165
59 94 174 181 225
64 154 195 231 244
69 71 118 160 212
70 80 139 186 249
77 111 119 133 209
87 130 193 199 250
96 113 161 229 234
97 116 183 222 239
102 141 162 166 219
105 132 148 230 232
112 115 147 206 242
140 146 173 182 246
82 158 191 197 213
10 127 179 201 248
1 4 177 188 240
2 17 66 203 204
3 60 122 229 242
5 18 25 77 182
6 123 128 220 222
7 40 48 107 200
8 55 63 164 221
9 125 142 144 193
11 87 109 228 241
12 14 84 148 198
13 141 171 225 243
15 38 161 187 216
16 36 138 139 197
19 23 110 130 172
20 57 155 214 219
21 102 117 173 208
22 81 89 132 247
24 45 74 179 239
26 27 68 91 195
28 94 124 152 231
29 32 134 212 233
30 37 101 111 238
31 58 201 206 237
33 42 104 146 199
34 41 99 147 226
35 47 143 176 234
39 105 129 160 170
43 72 112 156 192
44 126 169 186 189
46 49 205 236 244
50 67 76 85 159
51 53 64 65 118
52 70 151 158 168
54 154 157 180 181
56 100 162 167 185
59 69 120 196 210
61 71 137 202 223
62 92 113 227 250
73 83 86 97 135
75 121 150 207 224
78 108 115 119 175
79 88 136 153 165
80 95 114 190 245
90 140 166 215 232
93 163 178 184 213
96 106 131 145 249
98 116 149 174 235
103 183 217 218 246
75 133 194 211 214
54 191 209 211 243
20 93 115 224 230
1 46 55 59 198
2 5 147 220 246
3 44 52 112 250
4 94 168 218 232
6 34 42 173 240
7 21 153 175 216
8 15 45 84 204
9 91 96 156 164
10 80 210 233 244
11 38 53 113 178
12 83 98 217 230
13 16 166 167 239
14 72 81 104 209
17 29 51 158 180
18 105 179 192 229
19 148 162 234 236
22 189 199 202 231
23 99 128 151 183
24 85 88 100 152
25 66 118 149 187
26 70 82 97 194
27 32 205 207 208
28 39 50 64 201
30 31 119 129 186
33 73 101 219 225
35 92 124 157 161
36 47 160 222 238
37 107 114 127 213
40 108 141 143 215
41 123 165 223 227
43 56 76 133 163
48 134 145 203 241
49 61 122 132 212
57 120 182 184 197
58 126 150 177 245
60 89 95 102 174
62 63 137 190 193
65 181 185 242 249
67 77 86 87 144
68 103 117 136 139
69 106 109 125 176
71 121 154 196 237
74 79 90 159 200
78 131 221 226 248
110 116 155 169 171
111 188 195 228 247
130 131 138 146 235
135 140 142 170 172
41 66 181 206 248
1 142 154 169 232
2 61 82 195 237
3 38 39 98 143
4 14 28 151 239
5 29 59 78 218
6 35 75 178 235
7 37 173 207 247
8 30 109 141 208
9 31 69 100 115
10 104 116 167 170
11 15 33 110 111
12 80 191 201 240
13 86 136 212 226
16 53 94 161 165
17 54 163 200 233
18 34 47 220 225
19 46 67 68 113
20 26 72 127 138
21 36 81 203 245
22 105 171 184 224
23 25 51 146 250
24 108 125 148 159
27 88 117 189 242
32 52 64 71 132
40 95 137 158 209
42 44 119 164 238
43 145 149 162 230
45 77 93 107 112
48 124 135 194 221
49 63 83 130 187
50 121 172 186 198
55 102 133 213 234
56 122 193 227 244
57 62 85 101 168
58 60 103 106 152
65 84 89 188 241
70 156 166 205 229
73 90 123 197 243
74 150 182 204 211
76 118 155 199 246
79 87 92 176 183
91 153 190 192 210
96 175 196 214 231
97 129 134 139 202
99 120 144 160 215
114 206 217 228 249
126 147 157 179 216
76 128 174 219 236
140 177 185 222 223
82 106 180 182 245
1 40 45 62 90
2 79 103 173 210
3 36 187 202 225
4 49 70 110 203
5 43 132 166 175
6 38 107 148 149
7 67 102 169 223
8 83 160 186 205
9 46 66 150 151
10 60 120 194 209
11 78 153 161 197
12 22 88 177 216
13 65 85 198 233
14 26 164 201 207
15 200 217 238 250
16 86 95 143 189
17 55 126 167 249
18 123 125 127 171
19 30 63 115 139
20 23 42 56 165
21 68 69 104 111
24 28 37 138 248
25 75 109 124 174
27 61 178 227 240
29 133 137 170 242
31 101 118 135 234
32 47 91 129 229
33 50 108 140 191
34 52 81 98 157
35 112 142 196 212
39 154 224 246 247
41 116 152 168 204
44 87 121 179 208
48 89 215 220 236
51 99 162 163 193
53 59 97 176 206
54 155 158 172 222
57 71 77 141 239
58 74 119 136 218
64 84 114 144 221
72 147 181 213 232
73 117 190 228 244
80 156 211 219 231
92 96 180 230 241
93 94 145 183 192
100 113 146 159 237
105 128 214 235 243
122 131 134 188 222
79 114 130 195 226
61 84 184 185 199
1 12 149 150 196
2 16 30 69 179
3 17 40 59 162
4 80 160 187 194
5 14 71 95 173
6 22 41 49 106
7 46 96 125 224
8 39 127 156 178
9 93 169 175 220
10 13 197 214 236
11 76 182 186 190
15 53 115 122 219
18 57 154 215 217
19 52 65 202 226
20 102 130 142 210
21 97 138 145 240
23 35 147 164 199
24 118 124 146 206
25 33 47 168 249
26 48 148 212 228
27 112 177 191 238
28 51 90 153 171
29 152 207 230 234
31 73 92 103 134
32 38 67 108 180
34 64 143 151 218
36 98 166 243 250
37 85 116 119 176
42 94 121 144 163
43 101 198 223 245
44 83 104 185 193
45 100 137 208 241
50 120 165 170 183
54 78 117 126 239
55 77 110 205 227
56 70 140 209 233
58 63 155 157 184
60 81 87 135 159
62 66 141 192 216
68 89 128 131 237
72 74 109 247 248
75 86 88 195 213
82 105 133 189 221
91 99 107 139 211
111 132 158 225 246
113 123 200 204 232
129 136 174 201 203
137 161 172 181 244
71 167 188 231 242
2 27 175 229 235
1 140 156 186 210
3 22 83 150 237
4 6 74 78 201
5 163 169 179 190
7 80 112 120 162
8 34 60 212 244
9 49 56 104 109
10 73 76 115 171
11 29 62 165 166
12 121 146 152 215
13 41 72 216 245
14 149 158 221 229
15 139 183 223 248
16 31 52 55 147
17 20 43 160 246
18 45 54 187 231
19 39 61 180 211
21 37 189 191 227
23 44 48 50 63
24 53 170 202 243
25 97 133 193 236
26 59 79 107 203
28 106 132 178 209
30 116 126 185 188
32 111 114 204 242
33 65 135 144 153
35 51 103 108 195
36 87 119 198 220
38 57 86 164 167
40 91 151 173 206
42 69 138 168 208
46 90 219 234 247
47 105 141 177 181
58 64 68 197 200
66 101 113 130 217
67 89 145 148 250
70 155 161 207 226
75 100 176 225 228
77 82 96 123 136
81 84 95 128 154
85 110 196 213 240
88 99 129 172 194
92 127 174 205 238
93 117 218 241 249
94 159 182 199 214
98 124 134 184 232
102 157 224 235 239
118 142 192 222 233
1 2 122 143 230
26 43 75 114 125
22 131 190 234 238
3 4 77 214 226
5 13 33 82 145
6 95 96 182 191
7 9 25 55 154
8 121 132 159 197
10 178 204 212 223
11 52 164 174 248
12 137 141 199 228
14 87 89 140 152
15 47 85 126 207
16 27 38 176 232
17 104 130 149 222
18 112 148 157 227
19 93 103 160 244
20 46 69 81 133
21 118 136 196 250
23 108 135 161 201
24 54 84 153 237
28 92 189 198 215
29 57 73 105 162
30 68 165 175 247
31 74 128 167 230
32 88 125 163 168
34 37 58 109 209
35 61 173 224 236
36 41 71 184 229
39 80 101 150 208
40 56 117 170 220
42 113 172 183 231
44 106 124 177 217
45 60 97 111 127
48 91 138 169 225
49 123 151 166 241
50 53 146 147 185
51 76 131 139 206
59 99 119 155 243
62 143 144 179 186
63 72 79 188 249
64 86 116 120 134
65 78 110 142 211
66 194 202 235 242
67 90 100 210 213
70 83 115 129 200
94 107 158 195 205
98 102 122 181 187
156 171 239 240 245
180 219 221 233 246
102 192 193 203 218
63 128 144 211 216
1 79 104 231 238
2 78 94 133 228
3 90 179 191 205
4 108 190 217 225
5 154 165 203 235
6 130 134 180 239
7 45 188 210 232
8 114 150 194 243
9 82 147 183 187
10 106 146 158 198
11 54 71 129 246
12 27 74 118 213
13 57 126 174 240
14 35 52 121 122
15 138 149 153 167
16 103 137 177 178
17 32 41 76 250
18 26 37 56 236
19 25 101 157 221
20 53 88 105 209
21 98 176 193 241
22 23 38 84 244
24 110 123 160 199
28 58 115 141 233
29 43 50 66 87
30 67 140 171 214
31 72 99 204 229
33 92 119 182 200
34 61 125 161 192
36 142 163 237 249
39 96 97 124 151
40 60 109 112 136
42 143 148 166 170
44 113 117 135 245
46 47 89 186 201
48 120 206 223 230
49 64 159 162 208
51 91 116 242 248
55 68 81 83 172
59 139 168 216 219
62 95 107 202 220
65 100 173 195 212
69 189 218 224 226
70 77 127 184 247
73 80 132 222 234
75 145 175 181 215
85 131 155 164 197
86 169 185 207 227
57 74 93 111 196
133 134 152 156 187
1 76 95 109 111
2 29 97 150 214
3 14 27 110 249
4 5 65 102 204
6 55 61 140 225
7 92 138 166 186
8 46 98 115 246
9 50 71 112 176
10 105 185 228 250
11 23 85 163 180
12 18 33 233 245
13 17 75 119 189
15 125 182 202 237
16 84 135 181 191
19 83 108 223 224
20 89 141 168 173
21 24 94 157 162
22 48 70 149 172
25 58 67 139 243
26 31 113 211 241
28 63 129 205 234
30 35 36 159 239
32 99 117 123 153
1 51 102 152 203 240 304 353 403 455 502 552 602 653 702 752 802 852 900 952 1002
2 52 103 153 204 255 305 354 404 452 503 553 603 654 703 753 803 851 900 953 1003
3 53 104 154 205 256 306 355 387 456 504 554 604 655 704 754 804 853 903 954 1004
4 54 105 155 206 257 307 356 404 457 505 555 602 656 705 755 805 854 903 955 1005
5 55 106 156 207 258 308 357 405 458 506 552 605 654 706 756 806 855 904 956 1005
6 56 107 157 208 259 309 358 406 459 507 556 606 657 707 757 807 854 905 957 1006
7 57 108 154 209 260 310 359 407 460 508 557 607 658 708 758 808 856 906 958 1007
8 58 103 158 203 228 311 360 408 461 509 554 608 659 709 759 809 857 907 959 1008
9 59 109 159 210 217 312 361 409 462 510 558 609 660 710 760 810 858 906 960 1009
5 60 110 160 211 261 313 362 410 463 511 559 601 661 711 761 811 859 908 961 1010
10 61 111 161 197 262 314 363 411 464 512 560 610 662 712 762 812 860 909 962 1011
11 62 112 162 212 256 314 364 404 434 513 561 611 663 713 763 802 861 910 963 1012
12 63 113 163 213 263 315 365 412 465 514 562 612 664 714 764 811 862 904 964 1013
8 56 114 164 211 264 316 366 413 465 515 563 611 665 705 765 806 863 911 965 1004
4 64 115 165 214 265 308 364 414 466 516 564 613 659 712 766 813 864 912 966 1014
13 65 116 166 215 266 317 367 415 462 517 559 614 664 715 767 803 865 913 967 1015
14 66 117 167 216 252 318 368 416 467 518 565 603 666 716 768 804 866 914 968 1013
15 67 115 166 217 267 319 355 417 468 519 566 605 667 717 769 814 867 915 969 1012
14 68 118 168 218 268 305 369 418 469 520 567 615 668 718 770 815 868 916 970 1016
16 59 119 162 219 255 313 370 405 444 521 566 616 652 719 771 816 866 917 971 1017
2 69 120 169 220 269 319 371 419 457 522 568 617 658 720 772 817 869 918 972 1018
17 60 121 170 221 270 320 365 385 470 523 569 618 669 721 763 807 853 902 973 1019
18 64 122 169 208 271 281 372 410 471 524 557 615 670 722 771 818 870 919 973 1011
19 70 112 168 222 272 306 353 420 472 525 570 619 671 723 773 819 871 920 974 1018
10 71 123 171 214 273 321 373 412 473 505 559 605 672 722 774 820 872 906 970 1020
20 70 124 172 223 274 322 374 407 458 526 571 620 673 719 765 821 873 901 969 1021
21 61 125 173 201 271 323 375 421 474 527 572 620 674 724 775 822 851 913 963 1004
3 52 126 173 217 275 318 367 422 475 528 573 621 675 705 773 823 874 921 975 1022
22 71 127 154 224 266 322 376 408 476 525 574 622 666 706 776 824 860 922 976 1003
23 54 111 174 225 276 324 377 423 471 522 575 623 676 709 770 803 875 923 977 1023
24 60 105 175 226 269 325 357 395 477 529 565 624 676 710 777 825 865 924 978 1021
25 51 114 156 225 247 319 364 410 470 501 576 622 674 725 778 826 876 925 968 1024
25 52 128 157 221 261 307 378 424 478 517 575 625 677 712 779 820 877 904 979 1012
22 69 117 176 207 270 326 379 420 464 501 558 626 657 717 780 827 857 926 980 0
26 57 118 170 207 277 327 363 416 456 530 577 627 678 707 781 818 878 927 965 1023
7 72 125 177 204 274 328 361 425 469 531 569 614 679 720 754 828 879 928 981 1023
27 73 129 178 227 261 314 380 426 479 532 578 623 680 708 773 829 869 926 969 0
28 57 110 179 213 245 329 371 427 478 519 571 613 662 704 757 826 880 913 973 0
15 62 130 174 209 259 317 381 428 473 515 576 628 675 704 782 809 868 929 982 0
29 72 116 180 228 255 330 382 423 478 527 579 607 681 726 752 804 881 930 983 0
4 74 131 181 229 255 325 383 429 471 533 580 626 682 701 783 807 862 928 968 0
27 75 101 182 205 273 331 361 430 480 508 581 625 657 727 771 830 882 931 984 0
30 51 132 183 230 278 307 362 425 481 534 579 629 683 728 756 831 866 901 976 0
4 51 118 184 224 279 332 384 431 482 529 561 630 655 727 784 832 870 932 985 0
31 76 133 185 227 280 317 366 432 481 529 582 619 659 729 752 833 867 933 958 0
24 77 134 179 231 258 273 378 399 472 530 583 631 653 718 760 808 883 917 986 1008
32 58 135 186 210 281 333 385 433 483 535 563 627 679 717 778 820 884 912 986 0
33 53 110 187 218 272 304 368 425 484 512 584 607 684 730 785 821 870 934 987 1019
12 53 111 162 232 269 334 359 414 485 536 585 631 685 731 755 807 858 935 988 0
26 78 129 188 231 282 335 379 412 486 537 564 632 675 732 779 834 870 936 976 1009
25 79 110 186 229 246 336 355 404 487 534 551 633 666 722 786 823 878 937 989 0
34 80 124 181 233 253 337 378 434 468 538 581 634 655 725 780 815 865 909 965 0
35 81 107 158 234 257 318 386 419 465 508 585 633 662 715 787 813 871 936 971 0
26 63 116 159 235 265 307 387 406 488 539 586 635 651 716 788 835 867 920 962 0
36 76 115 153 236 283 338 370 420 465 536 587 608 653 733 768 836 865 906 990 1006
5 82 133 165 237 284 339 376 435 484 517 565 636 683 734 771 837 858 930 969 0
34 83 136 189 222 285 312 352 423 489 511 557 616 686 735 789 814 880 922 964 1000
5 84 120 189 234 283 305 377 431 490 513 551 624 687 736 790 838 885 926 975 1020
17 67 137 190 222 286 340 360 427 491 531 588 637 653 706 787 804 873 938 991 0
37 66 124 153 238 284 320 357 436 480 524 575 604 688 736 761 839 857 933 983 0
4 85 120 191 227 260 341 372 430 439 506 554 638 685 703 775 801 868 927 980 1006
38 60 138 183 223 287 324 359 437 492 540 572 639 689 735 752 840 860 939 992 0
31 56 101 171 239 288 330 346 415 493 503 565 608 689 731 770 838 870 940 951 1022
10 60 139 192 202 271 342 374 438 480 541 589 633 675 725 791 827 885 941 988 0
3 84 131 179 240 259 303 360 425 494 529 559 633 690 737 764 815 877 942 993 1005
3 85 140 156 241 251 336 388 426 483 513 568 603 672 701 760 840 886 943 976 0
17 86 131 167 236 289 323 389 433 479 542 566 632 691 718 758 826 887 944 977 1020
39 67 132 187 226 259 327 387 439 470 508 560 620 692 718 772 841 885 923 990 0
10 87 141 155 228 278 343 359 416 486 543 590 637 693 710 772 803 882 917 994 0
31 69 119 161 231 290 324 389 440 463 520 591 634 673 738 755 837 888 945 995 1019
18 62 138 193 242 291 303 362 421 479 503 590 638 694 725 789 806 850 928 962 1009
40 88 139 194 203 276 300 387 441 475 540 564 629 665 719 792 842 862 940 978 0
19 89 142 166 238 279 304 310 430 438 533 585 640 677 739 793 825 859 922 996 0
36 81 142 176 210 288 301 355 414 484 541 569 619 695 740 790 842 854 924 963 1000
41 65 143 194 237 292 311 356 430 460 543 576 641 650 707 774 843 889 901 997 1013
39 59 107 185 243 269 320 351 442 482 544 570 632 683 741 749 812 859 937 968 1002
11 61 108 182 230 264 302 383 393 451 545 592 605 691 729 789 836 890 903 995 0
42 72 144 191 216 267 336 380 443 492 537 576 642 696 706 762 835 854 942 953 0
27 84 135 193 235 289 327 367 444 487 515 574 643 695 742 753 800 873 940 952 0
43 88 107 184 244 293 339 355 445 453 546 591 644 661 713 794 805 856 929 996 0
21 68 106 175 245 267 322 353 402 452 507 580 618 665 720 780 839 891 917 990 0
38 90 114 194 236 286 344 368 426 473 524 579 600 673 703 751 844 890 904 960 0
13 91 108 163 220 284 337 361 444 473 512 570 640 663 731 759 832 853 945 990 1016
2 92 134 184 246 294 330 370 437 464 528 575 611 659 737 791 801 891 920 973 1015
9 76 134 160 203 274 321 390 416 457 527 567 632 671 735 764 829 892 912 998 1011
26 76 145 169 247 272 340 382 413 475 520 583 640 691 714 767 843 880 941 999 0
34 92 141 170 237 275 331 338 406 447 547 593 610 691 742 784 839 879 911 976 0
30 72 124 190 207 276 334 371 417 477 547 557 643 671 724 763 843 893 925 971 0
36 93 140 155 248 279 314 382 446 495 517 552 618 688 737 785 841 887 911 986 1017
23 80 121 182 216 295 345 379 439 495 509 578 645 695 739 752 823 883 944 954 0
30 71 122 164 241 257 338 391 438 490 543 575 620 660 743 778 845 881 934 989 0
40 73 127 165 216 296 316 392 411 488 535 581 639 678 742 795 825 894 921 979 1007
40 55 113 193 238 297 306 389 428 471 534 563 646 652 729 796 810 895 916 1000 0
24 88 135 195 247 263 304 393 447 490 548 588 621 656 715 796 830 896 946 953 1018
14 79 129 196 204 263 307 375 444 496 549 561 644 688 726 767 806 891 905 992 1002
1 69 116 195 212 298 320 369 430 487 541 594 647 660 744 795 808 890 905 982 0
34 59 105 197 213 296 308 383 415 496 530 595 640 673 745 787 817 872 933 982 1003
39 93 131 160 249 281 336 393 448 480 510 573 648 663 704 780 828 897 947 972 1008
11 83 143 157 210 299 316 389 418 493 528 560 626 670 746 786 845 893 938 978 1024
44 85 107 166 231 268 322 373 447 475 521 584 636 671 710 797 833 889 944 993 0
16 86 104 186 206 295 335 394 447 468 530 569 623 677 735 777 831 886 929 970 0
19 94 109 177 239 300 305 395 449 474 539 596 617 688 733 758 816 898 947 950 1005
43 71 137 196 220 295 332 382 450 455 532 580 649 692 736 753 825 878 916 967 0
22 62 105 178 218 274 346 365 440 494 546 583 625 665 711 772 832 858 914 952 0
8 74 143 168 200 274 347 380 403 456 505 597 628 667 721 798 844 884 922 971 1010
45 92 128 191 223 290 317 376 404 496 550 560 647 693 736 751 807 874 932 961 0
44 75 145 151 212 258 311 388 440 473 518 585 607 680 729 757 845 873 946 992 0
7 80 133 152 210 286 343 375 411 467 540 562 642 681 723 779 826 878 919 955 1016
35 74 121 177 220 286 348 394 407 481 515 587 610 693 709 774 842 858 926 983 1002
46 58 129 171 215 275 313 396 435 470 514 584 615 697 712 755 836 892 942 974 1004
6 72 119 149 245 266 342 354 422 472 540 592 623 698 712 772 846 876 933 1000 1002
27 54 146 192 237 272 316 354 419 461 501 598 629 655 729 781 822 856 915 983 1009
37 87 120 194 219 299 347 397 428 461 531 594 639 662 718 797 847 886 931 985 1021
13 95 147 186 233 283 332 390 429 474 524 553 644 680 747 791 800 876 901 959 0
33 66 130 177 227 264 349 398 445 495 542 598 642 652 710 770 813 859 945 975 1008
40 96 123 180 226 264 339 379 446 485 518 595 648 697 711 783 829 875 941 989 0
9 74 117 198 241 289 324 396 415 475 516 554 617 692 724 793 835 895 930 985 1024
29 68 127 189 208 264 308 361 433 461 526 590 633 672 741 777 819 899 918 963 0
16 97 146 196 209 280 337 396 403 497 533 592 642 676 727 790 829 879 938 979 1013
41 89 117 162 223 281 306 399 422 488 544 562 637 686 746 761 834 856 941 987 0
40 69 110 155 230 258 309 372 409 466 533 582 641 694 732 784 830 861 907 965 0
20 75 148 167 220 293 333 375 406 461 548 558 604 685 734 799 813 900 947 965 0
33 71 113 173 223 283 327 360 440 479 521 564 606 682 739 769 847 890 935 974 1024
17 95 149 156 244 265 343 374 451 471 508 556 621 678 730 774 819 897 932 982 0
36 98 144 181 226 266 350 385 442 459 548 577 609 693 723 769 808 901 925 980 1014
7 90 128 169 206 288 348 374 449 498 507 577 630 687 748 768 835 875 912 964 0
18 79 143 175 240 260 346 377 448 495 541 567 601 680 719 769 809 894 933 995 0
28 87 127 177 212 289 350 400 421 489 506 582 606 670 749 798 841 891 924 951 0
47 79 121 199 214 272 350 399 434 441 502 566 628 676 745 778 848 893 945 962 1022
32 65 132 153 179 242 310 392 409 458 532 593 615 699 731 800 816 886 914 957 0
11 98 120 188 250 292 312 373 403 478 549 586 647 696 699 799 841 902 937 998 0
47 86 141 172 234 297 329 383 440 474 549 597 618 685 725 756 846 874 907 996 0
48 91 140 178 221 297 334 364 450 487 542 592 650 683 733 776 844 872 917 953 1001
31 70 150 170 206 298 345 388 442 467 543 572 622 684 745 799 825 897 941 957 1001
46 90 132 162 234 300 311 336 445 472 519 574 640 700 730 777 839 877 919 985 1015
7 55 147 168 245 275 351 363 421 488 546 556 643 692 714 790 848 890 918 983 0
49 54 149 199 217 273 298 391 433 465 544 564 638 689 726 776 833 849 910 967 0
44 86 136 180 239 294 348 401 427 454 502 554 614 699 719 773 817 882 934 966 1007
8 97 140 172 216 262 277 357 451 484 539 591 614 692 745 770 845 864 937 991 1020
48 77 150 187 212 301 352 396 422 464 539 599 645 700 750 779 837 852 911 977 1006
1 99 137 153 206 265 317 334 410 476 533 596 612 681 709 789 840 884 910 975 1017
37 56 106 154 249 298 323 384 426 477 518 562 609 700 702 781 816 899 942 981 0
19 64 141 178 225 302 332 378 442 477 511 584 627 681 704 767 827 900 939 984 0
32 94 119 172 224 257 308 377 428 469 546 579 609 691 746 791 830 877 939 951 0
21 95 129 200 219 256 309 399 448 499 546 557 647 684 728 796 817 887 904 997 0
23 56 135 183 251 269 328 394 435 474 504 599 625 699 722 797 819 861 936 961 0
32 82 144 198 222 291 314 391 425 497 521 598 626 654 748 792 818 865 936 960 0
24 97 122 126 233 298 344 352 449 486 521 597 611 668 723 757 821 887 915 984 0
23 94 147 196 201 303 313 397 402 460 535 586 648 672 728 757 802 863 914 966 1019
42 83 118 151 215 249 331 362 419 488 532 565 641 687 740 760 802 853 929 959 1003
48 63 101 158 246 268 344 377 452 470 519 587 634 670 705 760 827 881 935 982 0
27 67 117 157 213 294 335 375 428 494 545 587 621 671 736 783 824 861 911 1001 0
47 73 137 176 249 292 325 369 405 423 500 577 643 658 743 762 823 877 920 966 1024
39 78 125 163 241 299 332 386 433 454 534 589 635 694 702 782 814 891 906 956 0
14 82 138 154 225 294 309 371 424 487 548 585 616 697 741 788 838 888 938 998 0
33 99 131 166 207 285 343 356 436 472 531 560 629 660 738 794 809 852 948 1001 0
36 55 136 182 240 290 342 397 444 492 523 584 635 678 748 780 838 898 915 970 1018
37 78 146 168 230 232 271 401 441 482 528 600 634 666 726 788 846 863 946 961 0
41 96 150 199 248 260 330 400 405 494 526 561 632 695 723 797 839 896 907 988 1023
35 73 124 159 240 300 341 365 451 490 517 590 628 679 746 759 805 866 916 974 0
2 89 140 171 235 285 333 353 431 485 534 594 613 678 715 762 849 888 919 980 0
18 80 103 161 250 294 325 367 398 497 543 596 636 668 728 786 804 856 922 988 1018
31 100 151 173 242 292 333 374 446 456 538 578 646 683 716 786 830 855 925 981 1011
24 66 149 152 215 301 341 392 446 499 523 555 608 660 727 765 818 880 909 998 0
6 99 112 159 252 302 303 385 414 457 520 587 643 682 715 771 834 860 923 956 0
28 70 114 193 217 299 339 369 432 499 538 596 645 664 738 756 828 860 935 984 1007
43 89 125 170 205 296 311 390 434 493 540 568 636 664 711 768 850 880 924 966 0
2 68 139 164 243 301 303 388 436 493 510 583 634 656 735 783 820 882 925 991 1017
49 81 112 175 227 295 321 399 443 500 523 579 630 697 702 758 810 855 934 999 0
21 85 138 176 203 278 329 392 413 466 531 573 628 700 711 776 834 871 930 984 0
10 76 104 157 253 268 348 402 431 496 503 552 612 697 721 769 823 859 948 977 0
50 99 148 192 250 291 328 364 429 481 522 556 615 700 732 788 849 893 931 990 1019
12 97 136 185 229 254 321 402 437 499 518 599 617 657 708 753 806 881 927 993 1017
5 89 102 200 242 295 344 398 415 501 522 588 648 688 749 774 848 894 909 964 0
19 53 149 181 243 277 331 390 412 489 535 571 642 658 744 756 810 851 923 997 0
50 77 113 200 239 287 310 397 439 482 525 580 627 693 742 787 829 889 913 972 1009
44 57 139 178 233 299 318 402 406 492 506 568 602 687 750 763 822 884 932 967 0
50 64 106 152 254 282 334 352 441 468 504 570 646 662 707 775 809 874 908 967 0
45 96 109 192 208 285 323 393 453 478 530 601 619 667 748 784 803 855 939 954 0
42 67 138 155 233 293 304 366 452 489 509 559 635 666 751 795 826 868 949 957 1011
25 98 133 201 202 287 327 392 420 453 545 588 635 690 701 792 849 884 947 997 1015
47 58 105 201 246 252 310 391 418 456 510 599 605 686 740 751 812 896 905 979 1014
47 93 116 164 232 253 318 363 435 469 542 595 649 670 742 796 834 864 931 960 0
49 87 144 164 205 287 315 379 417 454 532 586 646 686 721 801 838 897 928 995 0
9 65 106 196 221 293 345 401 429 476 536 551 636 690 750 801 832 875 936 999 1010
12 80 115 198 211 292 330 376 416 491 545 591 630 676 732 759 812 852 939 986 1007
37 96 145 186 243 263 324 376 407 422 537 581 613 672 731 754 805 867 947 960 1001
34 91 114 176 204 273 320 372 443 454 504 556 602 698 737 799 850 875 940 958 0
50 100 142 191 218 277 339 370 424 476 526 555 630 669 724 767 844 869 921 994 1013
8 84 108 187 202 296 309 384 432 479 504 580 644 689 743 793 812 855 902 955 0
33 83 101 165 219 270 348 383 432 446 551 563 600 651 713 779 822 869 905 954 1015
25 78 148 180 242 262 312 381 400 491 536 569 629 667 743 796 840 899 950 980 0
12 87 102 190 201 231 349 354 424 490 516 593 609 689 734 786 832 872 950 972 0
1 81 108 198 219 280 351 378 412 501 539 573 650 673 730 761 805 893 943 959 0
11 73 126 184 228 270 319 381 424 459 550 589 620 698 703 800 843 878 946 993 0
21 97 150 159 236 279 326 373 411 483 537 553 637 694 744 781 802 892 918 1000 0
30 100 109 195 229 256 316 397 445 497 536 600 614 686 739 762 811 885 907 998 0
15 82 145 171 244 297 323 380 405 460 512 551 611 653 732 764 831 879 921 961 0
16 55 148 158 214 284 325 368 445 455 527 593 625 669 741 801 818 896 910 974 0
48 74 123 190 247 300 306 358 437 455 550 582 607 695 716 766 847 885 945 979 0
22 95 128 185 228 238 347 396 418 455 549 601 624 675 713 765 848 854 919 986 0
41 99 126 163 225 288 326 366 409 480 545 552 638 669 745 754 815 871 943 992 1014
42 96 133 179 254 270 342 391 403 462 548 567 603 684 720 755 848 873 950 956 0
49 65 136 169 218 278 322 393 438 491 537 563 603 659 740 783 847 876 908 978 1005
15 63 139 167 248 280 328 395 418 457 507 574 631 674 738 759 836 894 946 954 1022
15 90 100 182 245 282 337 367 410 485 522 598 624 701 747 787 819 881 937 987 0
45 62 104 198 204 279 338 357 441 489 505 562 641 674 708 765 824 888 912 999 0
38 64 119 187 253 263 350 358 450 498 535 558 617 674 709 784 833 882 929 988 0
23 93 148 184 222 256 315 372 408 483 512 592 651 665 726 761 837 874 926 971 0
29 54 142 172 248 259 335 371 420 462 538 586 637 661 743 753 816 852 944 958 0
17 98 109 158 232 291 326 358 454 463 505 572 650 651 740 794 845 868 942 951 1021
6 79 142 197 241 281 349 400 431 492 528 590 622 685 714 781 821 857 908 993 0
45 93 102 197 252 267 347 365 437 491 503 600 646 680 733 792 843 892 944 963 0
46 68 121 193 244 290 338 359 442 468 516 558 616 650 744 798 811 896 903 977 1003
20 88 132 188 254 288 349 384 427 485 523 572 645 681 746 785 814 861 921 997 0
42 52 111 200 247 266 352 386 450 481 502 578 613 658 748 763 840 862 951 991 0
26 94 126 197 211 278 302 373 421 436 547 581 649 663 747 766 814 886 932 955 0
49 77 103 165 251 293 313 358 409 499 549 578 649 656 706 790 827 895 950 994 0
32 85 113 174 202 282 319 401 408 496 524 596 616 677 749 794 813 883 949 991 0
45 77 147 194 235 257 302 398 448 476 514 577 606 654 717 785 810 879 930 992 0
9 75 141 183 253 260 349 382 414 459 525 568 608 696 730 791 844 863 949 970 0
18 101 137 191 243 258 343 395 447 463 509 595 606 679 750 788 799 899 914 996 0
28 95 146 161 226 285 340 386 426 486 541 574 638 682 750 758 831 864 908 987 1016
35 53 135 180 250 267 351 384 436 463 525 553 641 652 721 782 808 898 927 994 1016
20 61 130 189 246 284 350 353 449 462 544 588 612 677 717 754 846 889 934 955 1006
48 86 125 174 211 215 346 395 453 484 513 571 626 696 714 800 815 888 903 994 0
44 66 111 160 224 235 335 381 434 460 547 571 639 682 734 775 836 869 915 999 0
38 81 127 174 229 250 329 387 451 483 538 567 610 698 747 793 821 889 910 953 1010
29 98 134 163 249 283 345 398 449 466 511 594 604 667 738 778 851 863 928 978 0
50 57 123 189 232 275 315 356 432 453 516 597 652 663 728 795 824 900 924 987 0
38 83 134 199 238 262 341 394 448 482 513 589 621 669 744 794 850 867 931 952 0
30 84 145 161 221 282 312 368 419 458 544 597 645 656 702 792 847 897 913 958 0
41 61 118 185 251 289 340 385 443 498 510 553 622 661 716 764 837 899 949 975 1012
35 92 151 156 209 291 321 366 423 467 514 594 627 668 733 777 824 883 902 996 1022
43 58 130 192 236 297 337 369 443 464 526 583 648 699 707 798 851 898 943 956 0
16 51 144 173 208 265 329 347 452 500 547 555 631 668 749 785 811 872 927 969 0
14 59 122 202 244 276 315 389 429 458 527 573 624 694 703 797 841 853 920 981 1014
13 100 112 160 254 268 351 386 438 459 542 576 623 679 727 766 822 894 902 952 0
46 75 102 181 251 271 326 381 407 500 520 595 619 664 705 789 835 898 948 957 1023
28 92 122 188 248 261 346 354 450 497 515 566 602 657 713 775 817 892 948 964 0
29 88 104 151 252 261 340 400 408 469 507 550 610 684 737 795 833 895 935 972 1021
39 70 103 195 209 301 328 380 411 498 519 598 604 690 724 776 850 876 943 989 0
6 91 115 188 205 276 344 363 401 498 529 555 612 651 739 798 828 871 938 959 1020
13 52 130 183 214 277 286 388 439 486 514 589 631 661 734 793 849 857 916 973 0
1 94 123 167 237 287 341 360 413 493 511 570 644 687 720 751 831 862 948 985 1012
46 91 143 195 224 280 345 390 427 477 550 599 649 654 741 782 846 866 949 962 1008
3 90 146 190 239 296 333 362 435 466 500 561 618 698 708 782 842 883 923 995 0
20 82 147 199 213 290 305 356 413 467 509 582 601 696 701 773 842 864 909 989 0
22 78 150 152 234 255 331 394 417 495 506 591 647 690 747 768 820 895 940 981 1004
43 63 128 175 230 262 342 370 417 494 502 593 639 655 722 766 828 887 918 968 1010
