1024 180
3 18
3 3 3 3 3 3 3 3 3 3 3 3 3 3 3 3 3 3 3 3 3 3 3 3 3 3 3 3 3 3 3 3 3 3 3 3 3 3 3 3 3 3 3 3 3 3 3 3 3 3 3 3 3 3 3 3 3 3 3 3 3 3 3 3 3 3 3 3 3 3 3 3 3 3 3 3 3 3 3 3 3 3 3 3 3 3 3 3 3 3 3 3 3 3 3 3 3 3 3 3 3 3 3 3 3 3 3 3 3 3 3 3 3 3 3 3 3 3 3 3 3 3 3 3 3 3 3 3 3 3 3 3 3 3 3 3 3 3 3 3 3 3 3 3 3 3 3 3 3 3 3 3 3 3 3 3 3 3 3 3 3 3 3 3 3 3 3 3 3 3 3 3 3 3 3 3 3 3 3 3 3 3 3 3 3 3 3 3 3 3 3 3 3 3 3 3 3 3 3 3 3 3 3 3 3 3 3 3 3 3 3 3 3 3 3 3 3 3 3 3 3 3 3 3 3 3 3 3 3 3 3 3 3 3 3 3 3 3 3 3 3 3 3 3 3 3 3 3 3 3 3 3 3 3 3 3 3 3 3 3 3 3 3 3 3 3 3 3 3 3 3 3 3 3 3 3 3 3 3 3 3 3 3 3 3 3 3 3 3 3 3 3 3 3 3 3 3 3 3 3 3 3 3 3 3 3 3 3 3 3 3 3 3 3 3 3 3 3 3 3 3 3 3 3 3 3 3 3 3 3 3 3 3 3 3 3 3 3 3 3 3 3 3 3 3 3 3 3 3 3 3 3 3 3 3 3 3 3 3 3 3 3 3 3 3 3 3 3 3 3 3 3 3 3 3 3 3 3 3 3 3 3 3 3 3 3 3 3 3 3 3 3 3 3 3 3 3 3 3 3 3 3 3 3 3 3 3 3 3 3 3 3 3 3 3 3 3 3 3 3 3 3 3 3 3 3 3 3 3 3 3 3 3 3 3 3 3 3 3 3 3 3 3 3 3 3 3 3 3 3 3 3 3 3 3 3 3 3 3 3 3 3 3 3 3 3 3 3 3 3 3 3 3 3 3 3 3 3 3 3 3 3 3 3 3 3 3 3 3 3 3 3 3 3 3 3 3 3 3 3 3 3 3 3 3 3 3 3 3 3 3 3 3 3 3 3 3 3 3 3 3 3 3 3 3 3 3 3 3 3 3 3 3 3 3 3 3 3 3 3 3 3 3 3 3 3 3 3 3 3 3 3 3 3 3 3 3 3 3 3 3 3 3 3 3 3 3 3 3 3 3 3 3 3 3 3 3 3 3 3 3 3 3 3 3 3 3 3 3 3 3 3 3 3 3 3 3 3 3 3 3 3 3 3 3 3 3 3 3 3 3 3 3 3 3 3 3 3 3 3 3 3 3 3 3 3 3 3 3 3 3 3 3 3 3 3 3 3 3 3 3 3 3 3 3 3 3 3 3 3 3 3 3 3 3 3 3 3 3 3 3 3 3 3 3 3 3 3 3 3 3 3 3 3 3 3 3 3 3 3 3 3 3 3 3 3 3 3 3 3 3 3 3 3 3 3 3 3 3 3 3 3 3 3 3 3 3 3 3 3 3 3 3 3 3 3 3 3 3 3 3 3 3 3 3 3 3 3 3 3 3 3 3 3 3 3 3 3 3 3 3 3 3 3 3 3 3 3 3 3 3 3 3 3 3 3 3 3 3 3 3 3 3 3 3 3 3 3 3 3 3 3 3 3 3 3 3 3 3 3 3 3 3 3 3 3 3 3 3 3 3 3 3 3 3 3 3 3 3 3 3 3 3 3 3 3 3 3 3 3 3 3 3 3 3 3 3 3 3 3 3 3 3 3 3 3 3 3 3 3 3 3 3 3 3 3 3 3 3 3 3 3 3 3 3 3 3 3 3 3 3 3 3 3 3 3 3 3 3 3 3 3 3 3 3 3 3 3 3 3 3 3 3 3 3 3 3 3 3 3 3 3 3 3 3 3 3 3 3 3 3 3 3 3 3 3 3 3 3 3 3 3 3 3 3 3 3 3 3 3 3 3 3 3 3 3 3 3 3 3 3 3 3 3 3 3 3 3 3 3 3 3 3 3 3 3 3 3 3 3 3 3 3 3 3 3 3 3 3 3 3 3 3 3 3 3 3 3 3 3 3 3 3 3 3 3 3 3 3 3 3 3 3 3 3 3 3 3 3 3 3 3 3 3 3 3 3 3 3 3 3 3 3 3 3 3 3 3 3 3 3 3 3 3 3 3 3 3 3 3 3 3 3 3 3 3 3 3 3 3 3 3 3 3
18 18 18 17 17 17 18 17 17 17 17 17 17 17 17 17 17 17 17 17 17 17 17 17 18 17 17 17 18 17 17 17 17 17 17 17 17 17 17 17 17 17 17 17 17 17 17 17 17 17 17 17 17 17 17 17 17 17 17 17 17 18 17 17 17 17 17 17 17 17 17 18 17 17 17 17 18 17 17 17 17 17 17 17 17 17 17 17 17 17 17 17 17 17 17 17 17 17 17 17 17 17 17 17 17 17 17 17 17 17 17 17 17 17 17 17 17 17 17 17 17 17 17 17 17 17 17 17 17 17 17 17 17 17 17 17 17 17 17 17 17 17 17 17 17 17 17 17 17 17 17 17 17 17 17 17 17 17 17 17 18 17 17 17 17 17 17 17 18 17 17 17 18 17 17 17 17 17 17 17
1 69 102
2 140 176
3 61 121
4 18 117
5 50 178
6 24 49
7 36 47
8 15 34
9 12 45
10 51 129
11 85 175
13 123 154
14 96 103
16 35 84
17 106 141
19 23 83
20 71 138
21 92 161
22 31 128
25 59 62
26 81 145
27 70 105
28 132 146
29 54 142
30 172 177
32 76 95
33 37 86
38 122 171
39 149 153
40 53 152
41 100 170
42 91 148
43 72 158
44 68 108
46 127 163
48 77 110
52 79 116
55 97 136
56 160 180
57 112 165
58 120 150
60 89 135
63 155 179
64 66 104
65 125 126
67 98 159
73 130 137
74 80 107
75 78 88
82 151 157
87 111 166
90 94 99
93 115 131
101 109 144
113 139 156
114 169 174
118 164 168
119 134 173
124 147 167
133 143 162
1 78 108
2 18 21
3 71 89
4 85 151
5 67 97
6 61 133
7 35 44
8 14 130
9 158 170
10 55 103
11 23 34
12 68 105
13 56 95
15 81 123
16 164 166
17 36 148
19 27 37
20 104 175
22 39 53
24 38 59
25 54 107
26 134 169
28 80 120
29 127 152
30 165 180
31 48 101
32 115 156
33 63 79
40 124 125
41 77 90
42 50 146
43 57 122
45 51 163
46 93 176
47 143 174
49 52 136
58 82 99
60 102 128
62 88 113
64 111 167
65 172 179
66 112 159
69 137 161
70 98 153
72 118 119
73 94 147
74 144 145
75 126 178
76 135 141
83 139 168
84 110 177
86 92 114
87 132 140
73 91 171
96 150 172
100 138 155
106 117 149
109 129 157
116 154 166
105 120 121
66 131 162
142 160 173
1 11 160
2 59 100
3 118 130
4 26 84
5 31 119
6 95 125
7 53 138
8 93 106
9 13 42
10 114 167
12 65 104
14 79 88
15 38 67
16 54 128
17 142 157
18 94 112
19 77 127
20 74 136
21 61 101
22 150 171
23 57 146
24 64 69
25 70 174
27 76 87
28 162 173
29 32 161
30 51 89
33 82 102
34 133 155
35 49 99
36 80 139
37 126 144
39 55 158
40 164 165
41 85 98
43 109 113
44 129 132
45 52 134
46 58 178
18 47 96
48 78 123
50 71 117
56 63 149
60 83 147
62 141 175
68 92 168
72 107 179
75 111 170
81 121 152
86 91 131
90 156 169
97 140 180
29 103 159
108 122 176
110 137 143
115 116 177
124 151 154
135 145 153
30 68 148
73 160 163
1 9 159
2 148 153
3 11 111
4 78 179
5 64 113
6 77 91
7 37 97
8 35 114
10 61 116
12 59 84
13 58 174
14 95 128
15 45 76
16 121 131
17 55 110
19 106 172
20 122 142
21 60 158
22 87 112
23 47 145
24 151 180
25 71 124
26 102 140
27 49 118
28 41 65
31 34 70
32 82 146
33 40 98
36 127 166
38 79 168
39 175 178
42 53 109
43 117 137
44 133 150
46 69 74
48 80 149
50 108 169
51 63 90
52 54 85
56 75 92
57 86 100
62 133 163
66 83 157
67 147 177
72 81 167
88 99 152
89 123 162
93 134 138
94 105 138
49 96 170
101 104 164
103 119 135
8 107 165
18 115 126
51 120 161
125 139 176
98 129 130
132 152 177
123 136 156
141 154 171
33 111 143
144 155 159
19 59 173
1 25 115
2 90 167
3 97 169
4 46 66
5 100 154
6 26 164
7 30 85
9 106 136
10 53 139
11 109 179
12 82 135
13 37 108
14 20 87
15 39 69
16 113 153
17 94 162
21 27 41
22 92 93
23 55 121
24 36 54
28 79 145
29 129 149
31 99 125
7 32 72
34 140 141
35 83 160
38 102 126
40 173 174
42 88 118
43 95 127
44 73 74
45 47 168
48 96 155
50 81 142
52 62 112
56 104 134
57 60 166
58 130 156
61 107 110
63 67 176
64 150 165
65 70 137
68 124 144
71 77 158
75 91 157
76 80 122
78 131 147
84 146 171
86 175 180
89 151 170
101 114 172
91 103 132
105 119 163
116 120 128
117 148 155
57 143 178
71 79 161
1 135 152
2 13 177
3 54 126
4 5 10
6 68 113
8 53 154
9 26 31
11 117 119
12 114 133
14 121 141
15 96 139
16 47 125
17 25 43
18 109 180
19 69 75
20 37 90
21 174 175
22 35 100
23 138 164
24 145 156
27 128 129
28 34 110
29 70 150
30 38 61
32 73 153
33 66 77
36 132 167
39 52 147
40 108 136
41 103 165
42 51 74
44 59 131
45 60 172
46 101 173
48 67 146
49 144 176
50 120 159
55 88 89
56 115 148
58 65 81
62 111 149
63 85 166
64 78 140
72 87 169
4 76 143
80 84 158
82 116 163
83 97 105
86 99 123
92 98 179
93 95 157
94 161 178
102 127 130
104 106 151
107 134 170
112 142 168
118 122 162
103 124 160
60 136 137
68 134 171
1 47 171
2 31 157
3 53 78
5 12 115
6 85 120
7 57 77
8 52 75
9 16 92
10 95 140
11 84 112
13 62 161
14 143 158
15 56 105
17 116 179
18 74 83
19 63 165
20 110 129
21 24 88
22 79 123
23 126 150
25 26 37
27 30 167
28 86 130
29 33 101
32 117 154
34 46 89
35 61 135
36 119 144
38 109 169
39 44 166
40 80 178
41 73 97
42 121 124
43 104 177
45 98 131
48 65 163
49 146 175
50 107 127
51 122 174
54 90 137
55 70 176
58 153 170
59 76 159
64 93 152
66 100 149
67 128 148
69 99 168
71 133 180
72 91 139
81 113 138
82 87 162
94 108 111
96 102 173
106 118 132
114 125 142
141 156 160
100 145 147
122 151 155
75 90 164
40 157 172
1 97 164
2 45 178
3 19 82
4 20 68
5 106 174
6 17 130
7 65 88
8 55 161
9 28 64
10 37 146
11 79 91
12 23 123
13 73 96
14 70 151
15 33 132
16 53 76
18 114 128
21 63 162
22 24 163
25 99 155
26 29 131
27 93 160
30 62 83
31 156 166
32 86 134
34 59 72
35 71 179
36 121 165
38 46 158
39 95 169
41 142 143
42 87 172
43 74 92
44 56 89
47 101 140
48 60 113
49 66 81
50 69 177
51 102 154
52 125 148
54 83 171
57 124 153
58 78 112
61 98 117
67 127 138
77 115 118
80 147 180
84 103 108
85 135 139
14 94 144
104 120 176
105 145 175
107 141 168
109 136 150
95 110 119
111 148 173
116 137 170
126 162 167
12 46 129
133 152 170
7 102 149
43 123 159
1 49 80
2 28 29
3 13 66
4 118 125
5 33 160
6 70 78
8 173 177
9 127 180
10 60 99
11 51 153
15 21 124
16 30 178
17 53 145
18 40 141
19 109 143
20 45 152
22 103 174
23 163 169
24 138 172
25 67 87
26 94 139
27 39 91
31 132 161
32 133 176
34 82 108
35 111 120
36 62 93
12 37 166
38 137 175
41 106 144
42 126 135
44 101 112
47 50 63
48 52 72
54 140 158
55 128 134
56 122 172
57 61 157
58 77 92
47 59 136
64 89 142
65 141 147
68 116 149
69 98 122
71 75 76
73 81 151
6 74 167
79 97 129
84 88 167
85 110 114
1 86 113
90 96 131
55 100 168
76 104 130
88 105 154
23 33 107
39 115 165
117 150 168
119 131 146
121 173 179
84 155 156
21 134 159
82 147 164
111 171 180
2 71 85
3 103 113
4 36 79
5 14 44
7 31 162
8 47 66
9 61 90
10 77 105
11 76 99
13 60 107
15 62 179
16 132 163
17 60 169
18 64 91
19 22 80
20 102 165
13 24 129
25 73 120
26 116 122
27 40 43
28 112 154
29 60 75
30 95 145
32 38 78
34 49 92
35 115 140
37 52 89
41 123 148
42 59 94
45 149 156
46 53 86
48 69 121
50 83 153
51 125 158
54 100 109
56 144 152
57 106 139
58 63 119
65 108 128
67 74 143
68 157 158
70 86 177
72 150 160
75 81 110
6 87 178
42 93 137
96 117 166
97 98 155
101 105 170
34 36 104
78 114 127
118 133 159
124 130 136
126 142 174
67 135 161
61 132 138
18 70 146
45 77 151
10 59 164
114 171 178
72 128 175
112 174 176
1 5 151
2 14 162
3 28 176
4 23 56
7 64 94
8 26 40
9 22 33
11 81 166
12 91 169
6 15 100
16 123 157
17 51 101
19 125 175
20 31 147
21 95 150
24 84 117
25 66 97
27 35 107
29 30 163
22 32 121
37 103 168
38 80 119
39 151 173
41 53 62
43 111 131
44 118 139
46 136 146
48 93 170
49 63 177
22 50 164
52 70 102
54 133 161
55 82 160
57 140 167
58 83 180
65 74 129
68 89 96
69 148 165
71 127 156
73 126 179
79 108 171
85 115 149
87 113 145
88 98 141
80 90 142
92 138 154
99 106 124
104 143 153
28 109 116
110 152 159
53 120 130
126 134 137
135 155 172
69 78 144
1 66 95
2 105 106
3 31 139
4 27 173
5 90 150
7 24 159
8 41 113
9 44 91
10 67 73
11 55 68
12 49 122
13 98 101
14 47 163
15 84 136
16 118 144
17 29 96
18 130 140
19 93 154
20 32 170
21 75 108
23 71 177
25 34 45
26 63 180
30 99 135
33 39 59
35 46 128
36 86 156
37 149 158
38 160 166
40 83 89
42 97 112
43 85 178
48 131 174
50 115 129
51 62 147
52 143 179
54 56 123
57 92 152
58 107 132
61 65 155
64 82 148
72 99 120
74 79 169
76 134 165
77 141 145
81 161 171
69 87 116
66 88 127
94 98 109
100 108 175
102 133 167
103 137 138
103 104 157
110 124 176
111 153 168
114 117 121
119 123 142
97 125 172
146 162 179
161 164 172
1 2 77
3 45 175
4 70 91
5 52 162
6 79 173
7 15 23
8 51 146
9 85 87
10 92 112
11 29 180
12 40 117
13 50 64
14 131 164
16 20 65
17 102 105
18 81 135
19 137 140
12 21 132
24 126 143
25 53 119
26 95 148
27 47 141
28 83 165
30 136 144
31 43 171
32 35 152
33 68 176
34 90 134
36 63 73
37 42 163
38 41 58
39 61 88
44 104 128
46 57 147
48 94 151
49 53 127
54 86 106
50 55 122
56 101 113
59 138 145
60 62 115
67 149 157
71 109 112
41 72 133
74 78 82
75 155 169
76 93 114
80 138 156
84 93 166
89 150 159
96 153 178
100 107 120
62 110 125
111 116 124
64 118 158
121 129 177
48 130 167
139 142 163
154 168 169
53 160 170
56 166 174
1 90 114
2 53 101
3 92 99
4 39 113
5 20 128
6 154 159
7 43 103
8 24 73
9 52 115
10 28 36
11 67 108
13 89 178
14 83 134
15 54 57
16 148 150
17 77 133
18 122 164
19 68 91
21 23 117
22 106 110
25 146 172
26 147 176
27 111 155
29 87 130
30 40 119
31 41 60
32 107 157
33 47 65
34 37 51
35 74 151
38 82 100
42 85 156
44 95 137
45 69 180
46 103 125
49 109 160
55 102 143
58 76 158
59 88 123
61 79 127
63 84 86
66 72 141
70 80 131
71 116 131
36 75 171
78 120 135
81 98 162
94 107 149
96 104 121
76 97 144
105 129 179
118 142 165
124 126 177
52 132 173
77 136 167
139 175 177
140 159 170
114 145 168
152 153 169
147 161 174
1 40 54
2 3 26
4 11 42
5 56 173
6 71 106
7 91 165
8 46 111
9 151 156
10 89 126
12 16 34
13 122 136
14 60 92
15 138 153
17 27 38
18 75 142
19 70 179
20 63 121
21 48 176
22 65 167
23 93 130
24 25 110
28 44 66
29 97 118
30 86 132
31 98 108
32 67 109
33 64 133
35 134 161
37 101 128
39 172 180
43 82 105
45 55 140
47 129 170
49 51 95
50 78 85
57 74 123
58 154 175
59 96 146
61 87 120
62 151 164
53 68 83
69 143 157
72 113 115
73 116 158
79 100 174
80 137 155
81 112 149
84 99 150
88 162 178
90 117 152
94 104 166
102 141 163
119 168 171
124 127 139
125 145 160
135 144 148
1 14 150
2 47 146
3 41 163
4 98 175
5 68 131
6 11 18
7 101 161
8 94 160
9 43 143
10 33 87
12 56 125
13 55 157
15 97 110
16 100 140
17 69 174
19 79 170
20 22 145
21 83 112
23 52 176
24 132 162
25 141 164
26 42 117
27 106 148
28 50 99
29 86 107
30 32 126
31 62 122
34 159 168
35 88 153
36 92 124
37 102 179
38 76 77
39 51 167
40 71 130
44 80 152
45 46 72
48 115 127
49 85 169
54 156 173
57 59 113
58 103 171
60 63 91
61 74 178
64 144 147
65 119 154
66 70 111
67 75 105
73 129 166
78 133 139
81 82 177
84 120 138
89 109 137
90 116 135
93 96 165
95 149 179
104 155 158
108 118 121
114 136 180
123 134 172
77 128 142
1 12 24
2 25 80
3 30 125
4 112 128
5 127 129
6 107 108
7 104 118
8 62 120
9 146 152
10 23 98
11 19 158
13 79 134
14 43 59
15 162 180
16 31 74
17 18 42
20 97 139
21 86 165
22 54 116
26 52 64
27 96 109
28 38 89
29 44 138
32 70 169
33 151 172
34 93 117
35 106 147
36 88 114
37 78 174
39 82 124
40 63 163
41 49 87
45 48 91
46 141 159
47 58 95
50 105 166
51 160 176
55 73 155
56 167 175
57 68 110
60 94 157
61 83 84
65 164 178
66 67 137
69 85 90
71 123 173
72 121 145
75 156 168
76 102 177
81 111 140
92 101 153
99 136 143
100 115 150
103 122 131
113 135 154
119 132 149
126 170 171
130 142 161
29 133 148
25 77 144
1 161 169
2 62 72
3 7 173
1 61 123 183 246 303 363 423 485 535 611 665 725 786 846 902 962 1022
2 62 124 184 247 304 364 424 486 549 612 666 725 787 847 903 963 1023
3 63 125 185 248 305 365 425 487 550 613 667 726 788 847 904 964 1024
4 64 126 186 249 306 347 426 488 551 614 668 727 789 848 905 965 0
5 65 127 187 250 306 366 427 489 552 611 669 728 790 849 906 966 0
6 66 128 188 251 307 367 428 490 531 593 620 729 791 850 907 967 0
7 67 129 189 252 269 368 429 483 553 615 670 730 792 851 908 968 1024
8 68 130 190 235 308 369 430 491 554 616 671 731 793 852 909 969 0
9 69 131 183 253 309 370 431 492 555 617 672 732 794 853 910 970 0
10 70 132 191 254 306 371 432 493 556 607 673 733 795 854 911 971 0
11 71 123 185 255 310 372 433 494 557 618 674 734 796 848 907 972 0
9 72 133 192 256 311 366 434 481 512 619 675 735 742 855 912 962 0
12 73 131 193 257 304 373 435 487 558 565 676 736 797 856 913 973 0
13 68 134 194 258 312 374 436 472 552 612 677 737 798 857 902 974 0
8 74 135 195 259 313 375 437 495 559 620 678 730 799 858 914 975 0
14 75 136 196 260 314 370 438 496 560 621 679 738 800 855 915 976 0
15 76 137 197 261 315 376 428 497 561 622 680 739 801 859 916 977 0
4 62 138 162 236 316 377 439 498 562 605 681 740 802 860 907 977 0
16 77 139 198 245 317 378 425 499 563 623 682 741 803 861 917 972 0
17 78 140 199 258 318 379 426 500 564 624 683 738 790 862 918 978 0
18 62 141 200 262 319 380 440 495 546 625 684 742 804 863 919 979 0
19 79 142 201 263 320 381 441 501 563 617 630 640 805 864 918 980 0
16 71 143 202 264 321 382 434 502 540 614 685 730 804 865 920 971 0
6 80 144 203 265 322 380 441 503 565 626 670 743 793 866 921 962 0
20 81 145 204 246 315 383 442 504 566 627 686 744 806 866 922 963 1021
21 82 126 205 251 309 383 443 505 567 616 687 745 807 847 923 981 0
22 77 146 206 262 323 384 444 506 568 628 668 746 808 859 924 982 0
23 83 147 207 266 324 385 431 486 569 613 659 747 795 867 925 983 0
24 84 148 175 267 325 386 443 486 570 629 680 734 809 868 926 984 1020
25 85 149 181 252 326 384 445 496 571 629 688 748 810 869 927 964 0
19 86 127 208 268 309 364 446 507 553 624 667 749 811 870 928 976 0
26 87 148 209 269 327 387 447 508 572 630 683 750 812 871 927 985 0
27 88 150 210 243 328 386 437 489 540 617 689 751 813 872 911 986 0
8 71 151 208 270 324 388 448 509 573 598 686 752 814 855 929 987 0
14 67 152 190 271 320 389 449 510 574 628 690 750 815 873 930 988 0
7 76 153 211 265 329 390 450 511 551 598 691 753 795 830 931 989 0
27 77 154 189 257 318 383 432 512 575 631 692 754 814 874 932 990 0
28 80 135 212 272 326 391 451 513 572 632 693 755 816 859 933 983 0
29 79 155 213 259 330 392 452 506 541 633 689 756 789 875 934 991 0
30 89 156 210 273 331 393 422 498 568 616 694 735 810 846 935 992 0
31 90 157 207 262 332 394 453 514 576 634 671 755 768 811 904 993 0
32 91 131 214 274 333 395 454 515 577 594 695 754 817 848 923 977 0
33 92 158 215 275 315 396 455 484 568 635 696 749 792 876 910 974 0
34 67 159 216 276 334 392 456 516 552 636 672 757 818 867 936 984 0
9 93 160 195 277 335 397 424 500 578 606 686 726 819 877 937 994 0
35 94 161 217 249 336 388 451 481 579 637 690 758 820 852 937 995 0
7 95 162 202 277 314 363 457 517 524 554 677 746 813 878 903 996 0
36 86 163 218 278 337 398 458 518 580 638 697 759 781 863 938 994 0
6 96 152 206 232 338 399 459 485 573 639 675 760 821 879 939 993 0
5 91 164 219 279 339 400 460 517 581 640 698 736 762 880 925 997 0
10 93 149 220 237 333 401 461 494 582 622 699 731 814 879 934 998 0
37 96 160 221 280 330 369 462 518 575 641 700 728 794 839 920 981 0
30 79 129 214 254 308 365 438 497 579 634 661 744 760 784 787 886 0
24 81 136 221 265 305 402 463 519 583 642 701 761 799 846 940 980 0
38 70 155 197 264 340 403 430 520 537 643 674 762 822 877 913 999 0
39 73 165 222 281 341 375 456 521 584 614 701 763 785 849 912 1000 0
40 92 143 223 282 301 368 464 522 585 644 702 758 799 881 941 1001 0
41 97 161 193 283 342 404 465 523 586 645 703 755 823 882 942 996 0
20 80 124 192 245 334 405 448 524 577 607 689 764 824 883 941 974 0
42 98 166 200 282 335 361 458 493 558 561 570 765 811 857 943 1002 0
3 66 141 191 284 326 389 466 522 555 604 704 756 825 884 944 1003 0
20 99 167 224 280 343 373 445 511 559 634 699 765 777 885 928 969 1023
43 88 165 220 285 344 378 440 517 586 639 687 753 826 862 943 992 0
44 100 144 187 286 345 406 431 525 562 615 705 736 779 872 945 981 0
45 101 133 207 287 342 398 429 526 587 646 704 738 813 864 946 1004 0
44 102 121 225 249 328 407 459 487 554 627 665 712 827 867 947 1005 0
46 65 135 226 285 337 408 467 504 588 603 673 766 796 871 948 1005 0
34 72 168 181 288 307 362 426 527 589 647 674 751 803 886 906 1001 0
1 103 144 217 259 317 409 460 528 580 648 664 711 819 887 916 1006 0
22 104 145 208 287 325 403 436 490 590 605 641 727 828 861 947 985 0
17 63 164 204 289 302 410 449 529 549 649 685 767 829 850 935 1007 0
33 105 169 227 269 346 411 448 518 591 609 706 768 827 888 937 1008 1023
47 106 114 182 276 327 394 435 530 566 650 673 753 793 889 949 999 0
48 107 140 217 276 333 377 455 531 588 646 707 769 815 881 944 976 0
49 108 170 222 290 317 369 421 529 570 592 684 770 830 860 948 1009 0
26 109 146 195 291 347 405 438 529 538 557 708 771 823 835 933 1010 0
36 90 139 188 289 328 368 468 523 556 606 709 725 801 840 933 961 1021
49 61 163 186 292 345 365 465 490 572 599 664 769 831 880 950 990 0
37 88 134 212 266 302 381 433 532 551 651 707 729 825 890 917 973 0
48 83 153 218 291 348 393 469 485 563 632 655 772 828 891 936 963 0
21 74 171 227 279 342 412 459 530 592 618 710 740 832 892 951 1011 0
50 97 150 209 256 349 413 425 509 547 643 705 769 816 876 951 991 0
16 110 166 225 271 350 377 445 463 581 645 694 747 798 886 919 1003 0
14 111 126 192 293 348 372 470 533 545 626 678 773 826 893 952 1003 0
11 64 157 221 252 344 367 471 534 549 652 696 732 817 880 939 1006 0
27 112 172 223 294 351 385 447 535 579 590 691 761 826 869 926 979 0
51 113 146 201 258 346 413 454 504 593 653 711 732 809 884 911 993 0
49 99 134 228 274 340 380 429 533 539 654 712 756 824 894 930 989 0
42 63 149 229 295 340 388 456 525 575 647 694 774 797 854 953 983 0
52 90 173 220 247 318 402 421 536 555 655 669 752 786 895 954 1006 0
32 114 172 188 290 297 411 433 506 562 619 672 727 803 851 943 994 0
18 112 168 222 263 352 370 455 523 573 656 702 733 788 857 931 1012 0
53 94 130 230 263 353 406 444 511 594 638 682 771 773 865 955 987 0
52 106 138 231 261 354 414 472 505 577 615 713 759 833 896 909 1002 0
26 73 128 194 275 353 371 452 477 571 625 665 745 818 879 956 996 0
13 115 162 232 278 313 415 435 536 595 647 680 775 834 883 955 982 0
38 65 174 189 248 350 394 423 532 596 627 695 722 835 868 914 978 0
46 104 157 210 239 352 397 466 528 596 654 676 713 832 870 905 971 0
52 97 152 228 268 351 409 442 493 557 657 688 706 788 893 925 1013 0
31 116 124 223 250 320 407 419 537 583 620 714 776 816 890 915 1014 0
54 86 141 233 296 336 386 457 516 597 622 676 763 787 874 908 1012 0
1 98 150 205 272 355 415 461 483 564 641 715 739 822 897 932 1010 0
13 70 175 234 297 332 360 470 501 550 631 716 717 792 820 942 1015 0
44 78 133 233 281 356 396 473 538 598 658 717 757 834 896 957 968 0
22 72 120 231 298 350 375 474 539 556 597 666 739 836 876 948 997 0
15 117 130 198 253 356 416 427 514 585 657 666 761 805 850 924 988 0
48 81 169 235 284 357 400 475 540 558 628 703 776 812 833 926 967 0
34 61 176 219 257 331 414 470 509 587 651 684 714 796 870 958 967 0
54 118 158 214 255 316 391 476 499 583 659 713 767 821 871 953 982 0
36 111 177 197 284 324 379 477 534 592 660 718 777 805 866 914 1001 0
51 100 170 185 243 343 414 478 510 548 635 719 778 808 852 947 1011 0
40 102 138 201 280 358 372 465 516 569 610 695 733 767 892 919 965 0
55 99 158 187 260 307 412 458 535 550 653 671 763 789 888 941 1016 0
56 112 132 190 296 311 417 439 534 599 608 720 771 786 843 959 989 0
53 87 178 236 246 341 366 468 541 574 652 698 765 794 888 938 1014 0
37 119 178 191 299 349 376 479 527 567 659 711 778 829 889 954 980 0
4 117 164 215 300 310 387 466 542 595 626 720 735 804 895 923 987 0
57 105 125 206 274 359 416 468 488 600 636 679 779 837 868 958 968 0
58 105 127 234 298 310 390 477 543 586 632 721 744 810 898 946 1017 0
41 83 120 237 299 339 367 473 510 566 661 706 776 831 884 952 969 0
3 120 171 196 264 312 395 450 544 580 630 720 780 834 862 958 1008 0
28 92 176 199 291 359 401 420 521 528 567 675 762 802 856 928 1015 0
12 74 163 229 241 351 381 434 484 576 621 701 721 824 881 960 1007 0
59 89 179 204 288 360 395 464 495 601 657 718 778 838 899 931 991 0
45 89 128 238 268 314 417 462 488 582 623 722 777 820 900 912 964 0
45 108 154 236 272 305 382 480 515 602 650 662 743 838 854 927 1018 0
35 84 139 211 275 355 400 467 492 599 649 712 760 825 899 938 966 0
19 98 136 194 299 323 408 439 520 587 609 690 757 790 874 961 965 0
10 118 159 239 267 323 379 481 532 565 646 698 780 836 878 949 966 0
47 68 125 239 283 355 385 428 538 601 661 681 781 809 865 935 1019 0
53 121 172 196 292 334 397 443 536 543 635 697 737 828 829 906 1015 0
23 113 159 240 297 329 416 437 507 560 604 703 742 839 869 921 1017 0
60 66 151 216 224 311 410 482 508 600 642 715 768 801 872 950 1020 0
58 82 160 230 281 357 362 447 520 546 662 708 752 798 873 960 973 0
42 109 180 234 256 303 389 471 515 603 663 688 740 831 901 954 1016 0
38 96 140 241 253 331 361 476 524 601 637 678 748 840 856 959 1013 0
47 103 177 215 287 361 402 479 513 594 662 716 741 818 891 953 1005 0
17 116 129 230 231 321 412 467 503 604 656 716 764 772 858 952 984 0
55 110 153 238 254 313 411 471 505 585 636 667 782 841 899 950 978 0
2 113 174 205 270 345 371 457 519 574 644 681 741 842 877 915 1011 0
15 109 167 242 270 312 418 475 498 526 654 709 746 827 897 922 995 0
24 122 137 199 279 358 417 453 525 602 655 721 782 837 860 961 1019 0
60 95 177 243 301 347 374 453 499 588 658 700 743 822 887 910 1013 0
54 107 154 244 288 338 390 472 514 584 664 679 748 835 901 945 1021 0
21 107 180 202 266 322 419 474 497 571 653 709 764 843 900 918 1008 0
23 91 143 209 293 337 399 432 543 605 637 723 731 806 883 903 970 0
59 106 166 226 292 330 419 469 526 547 624 699 758 807 845 945 988 0
32 76 181 184 300 341 408 462 478 576 648 705 745 800 901 924 1020 0
29 117 165 218 267 343 407 483 527 578 652 692 766 833 892 956 1017 0
41 115 142 216 286 325 382 476 542 591 625 669 774 800 893 902 1014 0
50 64 179 203 295 356 420 436 530 606 611 633 759 815 853 885 986 0
30 84 171 228 240 303 406 482 500 584 660 702 750 844 895 936 970 0
29 104 180 184 260 327 404 464 494 581 658 719 775 844 858 930 1012 0
12 119 179 242 250 308 387 461 539 569 656 682 783 791 882 946 1016 0
43 116 151 244 278 300 420 442 545 596 663 704 770 808 891 957 999 0
55 87 173 241 283 322 418 446 545 578 649 691 772 817 853 940 1009 0
50 118 137 225 290 353 364 422 522 589 621 717 766 812 887 913 1002 0
33 69 155 200 289 348 374 451 519 582 589 692 779 823 889 957 972 0
46 102 175 183 244 339 405 484 546 600 660 670 774 791 842 929 995 0
39 122 123 182 271 360 418 444 489 591 643 693 784 821 900 909 998 0
18 103 148 237 302 354 373 430 507 603 642 710 724 845 873 908 1019 1022
60 121 147 229 261 359 413 440 480 553 612 723 728 832 894 921 975 0
35 93 182 224 298 349 398 441 502 560 629 677 754 782 897 904 992 0
57 75 156 233 251 321 421 423 547 607 640 724 737 802 885 922 1004 0
40 85 156 235 286 332 378 450 541 564 648 708 747 837 851 955 979 0
51 75 119 211 282 344 392 446 512 595 618 693 773 785 896 949 997 0
59 100 132 227 247 329 384 480 531 533 644 715 781 840 864 934 1000 0
57 110 168 212 277 358 409 475 537 542 631 719 783 843 898 929 1009 0
56 82 173 219 248 346 391 452 502 561 619 707 770 783 844 939 985 1022
31 69 170 232 295 357 404 479 482 597 638 683 784 842 878 917 1018 0
28 114 142 242 293 362 363 463 548 608 651 710 749 830 898 942 1018 0
25 101 115 198 296 335 422 454 503 521 663 722 724 806 875 960 986 0
58 122 147 245 273 336 415 478 491 544 633 668 729 839 849 940 1007 1024
56 95 145 193 273 319 401 427 501 602 610 697 785 845 890 916 990 0
11 78 167 213 294 319 399 474 513 609 623 714 726 841 882 905 1000 0
2 94 176 238 285 338 403 473 508 610 613 718 751 807 863 920 998 0
25 111 178 226 240 304 396 460 491 590 639 685 780 838 841 951 1010 0
5 108 161 213 301 354 393 424 496 593 608 696 775 797 894 944 1004 0
43 101 169 186 255 352 376 449 544 559 650 700 723 836 861 932 956 0
39 85 174 203 294 316 410 469 492 548 645 687 734 819 875 959 975 0
