1024 135
4 31
4 4 4 4 4 4 4 4 4 4 4 4 4 4 4 4 4 4 4 4 4 4 4 4 4 4 4 4 4 4 4 4 4 4 4 4 4 4 4 4 4 4 4 4 4 4 4 4 4 4 4 4 4 4 4 4 4 4 4 4 4 4 4 4 4 4 4 4 4 4 4 4 4 4 4 4 4 4 4 4 4 4 4 4 4 4 4 4 4 4 4 4 4 4 4 4 4 4 4 4 4 4 4 4 4 4 4 4 4 4 4 4 4 4 4 4 4 4 4 4 4 4 4 4 4 4 4 4 4 4 4 4 4 4 4 4 4 4 4 4 4 4 4 4 4 4 4 4 4 4 4 4 4 4 4 4 4 4 4 4 4 4 4 4 4 4 4 4 4 4 4 4 4 4 4 4 4 4 4 4 4 4 4 4 4 4 4 4 4 4 4 4 4 4 4 4 4 4 4 4 4 4 4 4 4 4 4 4 4 4 4 4 4 4 4 4 4 4 4 4 4 4 4 4 4 4 4 4 4 4 4 4 4 4 4 4 4 4 4 4 4 4 4 4 4 4 4 4 4 4 4 4 4 4 4 4 4 4 4 4 4 4 4 4 4 4 4 4 4 4 4 4 4 4 4 4 4 4 4 4 4 4 4 4 4 4 4 4 4 4 4 4 4 4 4 4 4 4 4 4 4 4 4 4 4 4 4 4 4 4 4 4 4 4 4 4 4 4 4 4 4 4 4 4 4 4 4 4 4 4 4 4 4 4 4 4 4 4 4 4 4 4 4 4 4 4 4 4 4 4 4 4 4 4 4 4 4 4 4 4 4 4 4 4 4 4 4 4 4 4 4 4 4 4 4 4 4 4 4 4 4 4 4 4 4 4 4 4 4 4 4 4 4 4 4 4 4 4 4 4 4 4 4 4 4 4 4 4 4 4 4 4 4 4 4 4 4 4 4 4 4 4 4 4 4 4 4 4 4 4 4 4 4 4 4 4 4 4 4 4 4 4 4 4 4 4 4 4 4 4 4 4 4 4 4 4 4 4 4 4 4 4 4 4 4 4 4 4 4 4 4 4 4 4 4 4 4 4 4 4 4 4 4 4 4 4 4 4 4 4 4 4 4 4 4 4 4 4 4 4 4 4 4 4 4 4 4 4 4 4 4 4 4 4 4 4 4 4 4 4 4 4 4 4 4 4 4 4 4 4 4 4 4 4 4 4 4 4 4 4 4 4 4 4 4 4 4 4 4 4 4 4 4 4 4 4 4 4 4 4 4 4 4 4 4 4 4 4 4 4 4 4 4 4 4 4 4 4 4 4 4 4 4 4 4 4 4 4 4 4 4 4 4 4 4 4 4 4 4 4 4 4 4 4 4 4 4 4 4 4 4 4 4 4 4 4 4 4 4 4 4 4 4 4 4 4 4 4 4 4 4 4 4 4 4 4 4 4 4 4 4 4 4 4 4 4 4 4 4 4 4 4 4 4 4 4 4 4 4 4 4 4 4 4 4 4 4 4 4 4 4 4 4 4 4 4 4 4 4 4 4 4 4 4 4 4 4 4 4 4 4 4 4 4 4 4 4 4 4 4 4 4 4 4 4 4 4 4 4 4 4 4 4 4 4 4 4 4 4 4 4 4 4 4 4 4 4 4 4 4 4 4 4 4 4 4 4 4 4 4 4 4 4 4 4 4 4 4 4 4 4 4 4 4 4 4 4 4 4 4 4 4 4 4 4 4 4 4 4 4 4 4 4 4 4 4 4 4 4 4 4 4 4 4 4 4 4 4 4 4 4 4 4 4 4 4 4 4 4 4 4 4 4 4 4 4 4 4 4 4 4 4 4 4 4 4 4 4 4 4 4 4 4 4 4 4 4 4 4 4 4 4 4 4 4 4 4 4 4 4 4 4 4 4 4 4 4 4 4 4 4 4 4 4 4 4 4 4 4 4 4 4 4 4 4 4 4 4 4 4 4 4 4 4 4 4 4 4 4 4 4 4 4 4 4 4 4 4 4 4 4 4 4 4 4 4 4 4 4 4 4 4 4 4 4 4 4 4 4 4 4 4 4 4 4 4 4 4 4 4 4 4 4 4 4 4 4 4 4 4 4 4 4 4 4 4 4 4 4 4 4 4 4 4 4 4 4 4 4 4 4 4 4 4 4 4 4 4 4 4 4 4 4 4 4 4 4 4 4 4 4 4 4 4 4 4 4 4 4 4 4 4 4 4 4 4 4 4 4 4 4 4 4 4 4 4 4 4 4 4 4 4 4 4 4 4 4 4 4 4 4 4 4 4 4 4 4 4 4 4 4 4 4 4
31 31 31 31 31 31 31 31 31 31 31 31 31 31 31 31 31 30 30 30 31 31 30 30 30 30 30 30 30 30 31 30 30 31 30 31 31 30 30 31 30 30 30 31 31 30 30 31 30 31 31 30 30 31 30 30 31 30 30 30 30 30 31 30 31 31 30 30 30 30 31 30 30 30 30 30 30 30 30 30 30 31 30 30 31 30 30 30 30 30 31 30 30 31 30 30 31 30 30 30 31 30 30 31 30 31 30 30 30 30 31 30 30 30 30 30 30 31 30 31 30 30 30 30 30 30 30 30 30 30 30 30 30 30 30
1 52 76 132
2 45 91 105
3 13 37 87
4 17 38 134
5 25 27 35
6 9 12 34
7 40 97 131
8 65 93 116
10 26 72 78
11 64 80 106
14 18 54 62
15 69 104 121
16 23 47 98
19 46 61 110
20 53 81 100
21 41 107 111
22 71 129 133
24 28 58 63
29 92 115 128
30 39 112 117
31 68 75 127
32 55 113 119
33 51 83 123
36 57 84 95
42 60 89 102
43 77 120 135
44 85 109 124
48 67 90 101
49 50 114 130
56 82 94 96
59 74 103 122
66 70 79 99
73 86 88 125
30 108 118 126
1 10 14 27
2 5 48 75
3 58 83 131
4 109 116 122
6 56 126 132
7 39 41 103
8 23 64 88
9 29 57 70
11 69 71 120
12 49 53 102
13 31 46 119
15 21 105 128
16 61 81 111
17 19 54 95
18 40 114 133
20 51 85 135
22 67 82 100
24 73 78 79
25 43 65 117
26 107 127 130
28 38 89 91
32 63 106 118
33 80 92 134
34 37 93 121
35 55 66 97
36 52 74 77
42 101 112 123
44 90 98 99
45 72 84 129
47 76 113 115
50 59 87 125
60 96 104 124
62 68 86 94
49 69 108 110
1 13 71 89
2 6 19 125
3 54 98 117
4 26 97 126
5 74 80 81
7 29 88 124
8 21 58 132
9 62 111 123
10 90 92 110
11 57 112 127
12 23 35 129
14 93 100 118
15 17 32 101
16 63 96 114
18 79 105 135
20 39 72 113
22 30 33 73
24 34 103 134
25 31 70 104
27 41 42 99
28 66 67 77
36 60 78 131
37 76 84 94
20 38 65 86
40 46 106 116
43 48 50 115
44 59 68 128
45 55 83 122
47 87 91 108
51 56 121 130
49 52 64 85
53 95 107 120
61 79 82 109
75 93 102 133
14 88 119 130
1 44 80 108
2 32 57 103
3 4 73 110
5 17 58 72
6 22 74 127
7 51 61 76
8 10 77 112
9 28 40 117
11 19 66 128
12 38 82 131
13 45 111 124
15 84 89 126
16 26 65 83
18 25 87 90
21 30 70 114
23 33 41 109
24 53 62 116
27 59 64 121
29 37 67 78
31 50 132 134
34 42 106 135
35 52 63 125
36 98 119 133
39 56 75 95
43 60 68 100
46 86 101 120
40 47 85 107
48 71 96 122
54 92 97 102
10 55 81 104
35 69 115 123
74 91 94 99
33 96 105 113
59 79 118 129
1 9 73 75
2 3 104 107
4 36 111 121
5 51 116 128
6 27 120 124
7 15 22 50
8 45 54 69
11 91 100 114
12 30 76 90
13 56 65 66
14 16 84 134
17 71 88 99
18 29 81 89
19 60 129 130
20 63 110 127
21 43 80 119
23 62 67 126
24 64 115 133
25 85 103 126
26 46 52 105
28 44 93 113
31 77 83 118
32 49 78 117
34 55 86 108
37 53 105 112
38 48 70 106
39 60 87 116
41 68 125 133
42 58 95 122
27 47 57 82
61 72 102 131
92 94 98 135
64 97 101 109
98 100 123 132
1 16 19 135
2 37 62 66
3 36 101 114
4 29 125 129
5 24 54 110
6 53 78 115
7 33 65 119
8 32 61 68
9 15 20 122
10 40 91 109
11 25 73 113
12 14 94 128
13 57 63 134
17 45 52 93
18 32 56 97
21 67 102 118
22 46 58 123
23 31 74 112
26 50 69 82
28 41 69 76
30 79 89 121
34 44 96 117
35 44 95 127
38 112 124 133
39 64 83 107
42 84 104 110
43 47 63 99
14 48 85 132
49 71 80 111
51 70 120 131
55 59 75 106
72 92 103 108
77 81 87 130
57 86 90 102
22 28 88 106
1 38 56 67
2 30 96 115
3 27 74 113
4 35 94 105
5 13 16 100
6 23 76 119
7 20 95 118
8 89 90 107
9 54 58 130
10 17 51 125
7 11 81 86
12 18 24 104
15 31 98 116
19 26 33 91
21 82 87 124
25 42 45 47
29 46 49 131
34 61 99 132
36 88 109 128
37 39 40 111
41 48 126 127
43 72 121 134
50 66 75 117
52 68 92 129
53 59 71 114
55 60 77 85
62 84 101 131
65 73 74 97
70 78 93 103
79 108 120 123
80 83 125 135
37 70 113 122
1 78 116 133
2 20 26 49
3 39 86 106
4 47 53 75
5 55 91 107
6 10 11 24
8 41 96 98
9 64 72 93
12 36 43 59
13 79 84 115
14 38 39 123
15 19 118 132
16 42 46 50
17 30 68 135
18 66 110 122
21 57 110 129
22 65 80 85
20 23 58 108
25 56 61 128
27 33 97 112
28 51 92 99
29 87 111 132
31 52 95 126
32 35 71 124
26 34 40 90
44 73 77 131
45 60 67 117
48 54 88 94
62 103 114 119
63 100 109 130
69 74 101 102
60 76 127 134
81 83 117 121
55 82 89 105
90 104 120 126
1 5 49 96
2 31 56 108
3 18 21 71
4 65 69 91
6 28 81 98
7 46 79 93
8 25 38 122
9 53 82 104
10 22 57 128
11 76 101 118
12 13 92 127
14 58 75 87
15 99 111 114
16 32 41 77
17 35 106 133
19 30 88 116
23 73 94 120
24 48 84 124
27 40 63 72
29 52 54 121
33 37 43 45
34 36 89 125
42 61 80 130
44 123 134 135
47 78 97 119
50 68 70 107
51 64 67 105
59 66 100 115
62 83 102 109
85 86 113 129
88 95 103 112
1 50 123 124
2 9 24 38
3 67 93 112
4 11 87 104
5 7 30 122
6 17 47 114
8 35 59 92
10 16 36 71
12 20 44 54
13 34 82 97
14 49 55 127
15 130 133 135
18 42 113 131
19 29 94 117
21 28 101 125
22 43 105 107
23 51 79 102
25 32 58 69
26 116 118 134
27 76 100 126
31 41 86 121
33 40 68 110
37 89 98 120
39 78 81 99
45 53 65 109
46 84 90 108
48 91 95 119
52 62 72 106
56 60 63 80
57 73 83 132
61 96 103 129
64 75 111 128
33 66 74 85
70 77 115 121
1 51 60 113
2 29 83 85
3 20 34 69
4 12 84 120
5 41 117 118
6 16 44 112
7 42 62 92
8 18 86 115
9 32 50 102
10 49 59 63
11 70 110 125
13 19 24 109
14 104 106 114
15 40 52 88
17 55 56 103
21 26 39 133
22 75 90 94
23 43 78 122
25 46 48 57
27 65 81 96
28 30 95 97
31 87 93 101
35 79 100 128
36 67 68 123
37 99 107 108
38 45 64 130
47 80 105 131
53 58 66 76
54 82 127 135
61 73 119 134
71 72 74 116
77 89 124 132
91 98 111 129
10 87 88 126
1 8 102 114
2 34 35 81
3 38 44 111
4 25 78 82
5 9 46 109
6 31 60 64
7 54 75 96
11 29 30 74
12 21 69 83
13 107 117 125
14 24 43 97
15 37 59 86
16 33 104 131
17 91 115 126
18 41 67 130
19 45 85 123
20 52 84 98
22 53 70 72
23 42 57 116
26 58 94 100
27 49 61 95
28 105 108 124
32 93 129 132
36 47 55 79
39 50 65 110
40 66 118 120
48 56 76 92
51 63 73 103
62 77 128 133
68 106 112 122
71 101 121 135
80 89 99 113
90 100 119 127
74 95 110 134
1 45 118 125
2 36 54 134
3 30 123 133
4 7 66 107
5 56 73 84
6 29 40 50
8 83 97 106
9 11 14 115
10 58 61 67
12 48 111 113
13 77 88 96
15 25 91 127
16 57 69 85
17 65 78 132
18 23 37 46
19 76 98 131
20 55 93 128
21 32 44 52
22 116 117 120
24 41 59 89
26 28 47 62
27 53 90 135
31 35 39 80
33 75 99 130
34 64 104 112
38 42 43 129
49 68 87 109
51 94 101 124
60 82 108 121
63 92 105 126
70 71 81 119
72 79 86 122
102 103 106 127
77 80 98 114
1 26 31 131
2 21 73 100
3 9 68 118
4 18 51 72
5 40 108 119
6 39 66 89
7 52 69 87
8 37 55 95
10 25 54 107
11 20 62 82
12 42 85 97
13 27 48 83
14 23 36 56
15 38 60 90
16 43 109 110
17 33 121 128
19 41 49 115
22 44 78 102
24 50 101 105
28 57 75 123
29 63 84 122
30 71 113 130
32 46 91 134
34 45 126 133
35 61 93 135
47 58 120 129
53 64 86 103
59 70 96 132
65 94 104 111
67 92 116 124
74 79 114 117
76 81 112 125
6 41 88 135
36 99 100 117
1 23 103 111
2 13 43 52
3 33 70 88
4 76 106 108
5 37 68 130
7 19 27 58
8 14 99 129
9 91 113 128
10 46 53 96
11 32 51 54
12 75 89 116
15 24 42 65
16 17 20 102
18 55 84 109
21 38 72 97
22 81 118 131
25 34 49 123
26 61 120 121
28 83 114 126
29 31 69 107
30 44 60 105
35 40 74 132
39 63 104 119
45 57 71 87
47 56 86 133
48 66 93 125
50 67 80 95
59 77 78 90
62 73 122 127
64 82 91 92
79 98 124 134
85 94 110 115
101 106 107 128
2 15 41 112
1 65 84 121
3 46 75 78
4 6 52 79
5 21 98 126
7 94 109 114
8 16 34 66
9 13 60 132
10 29 103 123
11 26 67 119
12 40 73 87
14 76 95 133
17 39 57 100
18 27 31 38
19 22 89 104
20 77 97 111
23 81 92 93
24 35 56 85
25 30 99 125
28 55 61 64
32 72 112 135
33 58 86 118
36 108 122 129
37 47 49 54
42 71 105 134
43 62 96 130
44 50 53 63
45 51 82 88
48 69 80 117
59 102 110 124
68 90 115 131
70 83 101 127
8 62 74 120
13 68 113 116
1 47 61 66
2 11 18 58
3 5 50 99
4 30 81 103
6 59 95 116
7 70 84 100
9 39 124 127
10 21 75 120
12 37 72 96
14 15 45 102
16 117 122 126
17 80 90 112
19 63 101 111
20 60 83 115
22 25 29 98
23 54 104 118
24 32 82 128
26 71 108 125
27 123 129 131
28 49 86 132
31 73 76 89
33 35 64 87
34 79 94 113
36 48 110 130
38 69 88 114
40 43 44 56
41 46 55 74
42 91 121 133
51 93 97 134
52 109 119 135
53 67 85 106
57 68 78 105
65 77 92 107
1 40 53 69
2 12 22 101
3 17 62 76
4 32 39 43
5 15 57 79
6 63 65 82
7 35 36 45
8 109 113 126
9 80 107 133
10 41 83 84
11 13 21 103
14 37 60 91
16 31 48 49
18 73 99 118
19 55 90 124
20 46 88 132
23 106 115 125
24 26 66 123
25 50 81 120
27 78 92 111
28 85 121 131
29 86 93 119
30 47 64 94
33 44 61 71
34 72 75 100
38 58 105 110
42 56 74 98
51 96 108 112
52 70 102 117
54 67 114 122
59 97 104 127
77 95 117 129
87 89 128 134
7 116 130 132
5 45 86 135
1 20 29 79
2 102 116 129
3 56 89 122
4 40 49 67
6 99 103 131
8 51 81 127
9 22 23 114
10 70 73 135
11 39 90 121
12 50 93 106
13 75 101 108
14 19 59 107
15 47 68 134
16 95 125 130
17 26 48 74
18 61 69 78
21 63 91 123
24 57 92 118
25 110 112 119
27 36 80 115
28 34 109 111
30 43 53 128
31 42 100 124
32 64 96 126
33 52 82 133
35 60 88 120
37 44 58 104
38 46 62 85
41 72 87 94
54 55 71 76
34 65 98 105
66 83 95 113
38 53 77 84
9 76 97 105
1 99 115 120
2 89 94 97
3 25 40 134
4 8 60 118
5 66 127 129
6 91 102 130
7 13 47 112
10 101 122 132
11 41 45 131
12 17 27 46
14 22 64 68
15 35 78 83
16 62 88 90
18 36 70 92
19 32 67 74
20 56 107 114
21 23 48 121
24 30 80 93
26 96 106 109
28 33 103 116
29 42 77 108
31 84 113 133
37 81 82 123
39 49 58 73
43 69 75 86
44 51 87 119
50 72 85 128
52 57 61 104
54 63 124 128
55 110 111 135
59 72 91 117
49 65 100 125
38 71 98 103
79 112 116 126
1 24 83 129
2 33 59 76
3 15 23 61
4 55 80 132
5 36 102 104
6 7 37 110
8 47 100 111
9 78 121 125
10 12 64 95
11 79 85 133
13 94 106 131
14 66 73 96
16 25 60 86
17 41 81 122
18 19 28 120
20 22 27 109
21 40 62 99
26 43 54 84
29 48 65 135
30 56 69 124
31 57 58 97
32 42 90 114
34 46 51 68
35 67 70 108
39 44 92 130
45 74 107 119
50 88 89 127
52 71 115 118
53 87 98 113
63 75 77 113
82 101 126 134
93 105 117 123
1 25 64 74
2 65 122 123
3 95 109 132
4 33 57 117
5 14 31 32
6 8 13 36
7 44 72 133
9 63 71 112
10 48 86 116
11 68 93 108
12 16 45 80
15 49 75 97
17 42 96 118
18 26 76 124
19 51 53 126
20 43 61 125
21 35 47 77
22 39 62 79
23 29 38 66
24 87 100 107
27 34 85 91
28 50 56 90
30 102 111 120
37 106 129 134
40 55 78 94
41 73 104 105
46 54 83 89
52 67 81 110
58 60 114 135
59 99 101 119
69 128 130 131
70 82 98 112
84 85 88 92
31 103 115 135
32 99 121 127
1 18 91 101
2 90 111 133
3 6 26 92
4 46 102 113
5 10 62 134
7 89 106 123
8 9 19 103
11 35 37 116
12 88 121 122
13 14 51 86
15 29 64 100
16 58 74 124
17 36 63 107
20 57 80 120
21 50 60 79
22 61 108 115
23 53 97 132
24 27 117 119
25 68 76 77
28 96 110 128
30 38 78 109
33 48 81 114
34 67 71 83
39 42 59 93
40 98 104 130
41 43 66 82
44 70 94 129
45 49 56 134
47 65 72 127
9 52 55 131
54 86 87 105
69 73 106 126
74 75 84 125
4 34 95 124
12 47 118 135
1 59 105 109
2 8 53 117
3 10 52 80
5 83 93 120
6 15 71 123
7 31 90 91
11 40 75 122
13 22 49 121
14 89 108 131
16 18 119 129
17 21 37 85
19 35 43 57
20 30 48 87
23 28 72 82
24 68 95 99
25 63 94 116
26 51 104 115
27 39 114 118
29 33 55 126
32 45 62 98
36 38 113 132
41 44 64 65
42 69 79 111
46 70 76 128
50 54 61 77
56 78 100 101
58 84 107 112
60 81 97 133
66 86 92 109
67 96 125 127
34 53 73 130
24 88 102 108
12 15 103 110
1 42 72 119
2 7 63 121
3 51 90 129
4 23 77 127
5 33 69 125
6 35 46 107
8 39 131 135
9 17 43 83
10 32 66 133
11 52 96 123
13 40 126 128
14 29 101 113
16 27 70 89
18 57 60 111
19 21 65 106
20 45 92 112
22 55 130 134
25 37 71 102
26 41 114 132
28 74 78 118
30 31 82 85
36 61 91 116
38 68 73 81
44 47 84 103
48 62 100 104
49 99 122 124
50 97 98 121
54 56 64 120
58 79 80 88
16 59 67 94
75 76 82 110
65 87 95 115
36 41 53 93
5 105 106 111
7 17 113 117
1 6 33 122
2 60 69 95
3 42 125 126
4 21 27 86
8 44 48 79
9 49 116 119
10 37 56 117
11 22 34 77
12 67 107 115
13 64 114 123
14 25 72 80
15 28 46 94
18 75 83 88
19 20 73 133
23 68 89 96
24 55 112 120
26 57 99 135
29 43 71 104
30 35 101 110
31 63 81 129
32 92 100 131
38 40 76 93
39 47 51 52
45 66 90 103
50 78 84 91
39 54 108 132
51 58 59 62
61 85 118 127
70 97 124 130
43 70 74 87
58 98 102 128
62 75 105 129
12 99 109 134
1 30 34 107
2 27 68 132
3 91 97 103
4 24 74 131
5 29 95 114
6 42 55 87
7 14 57 77
8 28 104 133
9 26 45 110
10 20 106 130
11 53 94 134
13 23 32 80
15 73 82 117
16 35 54 72
17 61 84 105
18 63 64 108
19 31 47 71
21 56 113 135
22 41 92 119
25 89 111 115
33 46 95 100
36 37 69 118
38 49 120 128
40 60 123 125
44 67 76 88
11 48 59 98
35 50 86 126
52 65 113 124
66 81 101 116
78 85 96 134
49 79 83 90
27 60 93 122
102 112 121 132
2 71 109 127
1 4 22 48
3 66 94 119
5 8 20 124
6 67 75 121
7 32 59 85
9 25 41 51
10 43 93 111
12 28 31 79
13 76 99 102
14 90 109 117
15 34 56 131
16 78 120 127
17 40 89 92
18 33 47 50
19 42 68 82
21 24 29 130
23 86 91 110
26 64 77 122
30 37 52 100
36 83 103 105
38 54 80 126
39 46 69 97
44 45 81 115
53 57 74 108
55 114 116 125
29 45 58 106
61 65 88 101
62 87 112 118
23 63 70 133
72 73 98 107
22 84 96 135
67 104 128 129
56 72 104 123
1 2 46 77
3 28 84 130
4 58 64 71
5 42 88 115
6 49 51 118
7 10 108 127
8 30 40 57
9 27 79 101
11 16 97 99
12 39 74 105
13 53 54 129
14 50 52 112
15 93 96 107
17 34 59 60
18 48 102 123
19 100 113 134
20 37 75 119
21 33 36 94
24 69 132 135
25 55 92 121
26 86 95 98
31 122 125 128
32 76 87 120
35 65 89 103
38 41 61 63
43 81 91 106
44 82 83 116
2 47 110 126
19 62 70 80
54 66 68 111
73 85 93 114
14 33 78 124
58 81 85 90
37 109 131 133
71 92 106 117
1 35 90 130
3 45 48 128
4 16 28 115
5 34 63 87
6 21 25 84
7 38 55 101
8 46 73 80
9 126 129 135
10 31 65 99
11 15 43 95
12 61 86 117
13 20 91 104
17 97 110 123
18 30 49 98
22 26 42 103
23 60 75 107
24 40 113 127
27 29 51 133
32 53 88 111
36 50 62 64
39 82 120 122
41 52 78 108
44 57 91 125
47 106 121 124
56 105 118 119
59 69 112 134
57 66 114 131
67 72 89 109
68 74 83 104
14 70 111 116
45 76 79 96
40 77 100 102
5 71 94 132
1 37 63 97
2 10 82 118
3 11 12 65
4 13 15 44
6 54 85 101
7 34 48 120
8 17 50 94
9 31 36 66
16 21 22 51
1 35 69 104 138 172 207 239 274 305 339 373 407 441 475 509 542 575 610 644 678 710 745 780 813 848 881 915 948 983 1016
2 36 70 105 139 173 208 240 275 306 340 374 408 442 476 508 543 576 611 645 679 711 746 781 814 849 882 914 948 975 1017
3 37 71 106 139 174 209 241 276 307 341 375 409 443 477 510 544 577 612 646 680 712 747 782 815 850 883 916 949 984 1018
4 38 72 106 140 175 210 242 277 308 342 376 410 444 478 511 545 578 613 647 681 713 748 778 816 851 884 915 950 985 1019
5 36 73 107 141 176 211 243 274 309 343 377 411 445 479 512 544 579 609 648 682 714 749 783 817 846 885 917 951 986 1015
6 39 70 108 142 177 212 244 278 310 344 378 412 446 473 511 546 580 614 649 683 715 747 784 818 848 886 918 952 987 1020
7 40 74 109 143 178 213 217 279 309 345 379 410 447 480 513 547 581 608 650 683 716 750 785 814 847 887 919 953 988 1021
8 41 75 110 144 179 214 245 280 311 346 373 413 448 481 514 540 582 615 647 684 715 751 781 819 852 888 917 954 989 1022
6 42 76 111 138 180 215 246 281 306 347 377 414 443 482 515 548 583 616 643 685 717 751 774 820 853 889 920 955 990 1023
9 35 77 110 133 181 216 244 282 312 348 372 415 449 483 516 549 584 617 651 686 718 749 782 821 854 890 921 953 991 1017
10 43 78 112 145 182 217 244 283 308 349 380 414 450 484 517 543 585 618 652 687 719 752 786 822 855 891 906 956 992 1018
6 44 79 113 146 183 218 247 284 313 342 381 416 451 485 518 550 576 619 653 686 720 753 779 812 856 880 922 957 993 1018
3 45 69 114 147 184 211 248 284 314 350 382 417 452 476 515 541 585 620 650 688 715 754 787 823 857 892 923 958 994 1019
11 35 80 103 148 183 199 249 285 315 351 383 414 453 481 519 551 586 621 654 689 714 754 788 824 858 887 924 959 979 1012
12 46 81 115 143 180 219 250 286 316 352 384 418 454 486 508 551 579 622 655 680 721 755 784 812 859 893 925 960 992 1019
13 47 82 116 148 172 211 251 287 312 344 385 419 455 487 514 552 587 623 656 690 720 756 789 825 842 894 926 956 985 1024
4 48 81 107 149 185 216 252 288 310 353 386 420 456 487 520 553 577 624 653 691 722 757 790 820 847 895 927 961 995 1022
11 49 83 117 150 186 218 253 276 317 346 387 421 444 488 521 543 588 625 657 692 723 745 789 826 860 896 928 962 996 0
14 48 70 112 151 172 220 250 289 318 350 388 422 457 480 522 554 589 621 658 692 724 751 791 827 861 897 929 963 976 0
15 50 84 92 152 180 213 240 256 313 341 389 423 450 487 523 555 590 610 659 693 725 758 792 828 861 890 917 964 994 0
16 46 75 118 153 187 221 254 276 319 354 381 424 442 489 512 549 585 626 660 694 726 759 790 827 851 898 930 965 987 1024
17 51 85 108 143 188 206 255 282 320 355 390 425 458 490 522 556 576 616 654 693 727 760 787 829 855 899 915 945 997 1024
13 41 79 119 154 189 212 256 290 321 356 391 421 453 475 524 557 591 616 660 680 728 761 793 816 862 892 931 943 998 0
18 52 86 120 155 176 218 244 291 306 350 383 426 459 486 525 558 592 627 661 678 729 762 794 811 863 884 930 966 999 0
5 53 87 117 156 182 222 257 280 322 357 376 418 449 491 526 556 593 628 646 690 710 763 795 830 858 900 920 967 987 0
9 54 72 116 157 190 220 240 263 323 354 392 427 441 492 517 559 592 624 662 695 723 747 796 831 864 889 932 968 997 0
5 35 88 121 142 167 209 258 292 324 358 393 428 452 480 521 560 594 629 653 693 730 762 797 825 851 882 912 955 1000 0
18 55 89 111 158 191 206 259 278 319 359 394 427 460 493 527 561 595 630 663 692 731 764 793 832 859 888 922 949 985 0
19 42 74 122 150 175 223 260 293 318 340 380 412 461 494 516 556 596 610 664 696 728 755 798 824 865 885 930 940 1000 0
20 34 85 118 146 192 208 252 289 309 359 380 409 462 495 526 545 597 631 661 697 732 765 792 833 866 881 933 954 996 0
21 45 87 123 159 189 219 261 275 325 360 378 429 441 494 521 562 587 632 665 698 714 743 785 833 867 897 922 969 991 1023
22 56 81 105 160 179 186 262 287 322 347 395 424 463 484 528 558 578 633 658 699 714 744 799 821 868 892 919 970 1001 0
23 57 85 119 136 178 220 258 294 326 337 385 430 456 477 529 563 598 634 663 679 713 766 798 817 848 901 928 965 979 0
6 58 86 124 161 193 224 263 295 314 341 374 431 464 491 514 564 599 630 640 700 730 767 778 810 855 881 925 961 986 1021
5 59 79 125 134 194 210 262 288 311 361 374 429 465 496 525 563 581 635 655 701 726 752 791 818 866 894 907 971 983 0
24 60 90 126 140 174 225 247 295 312 362 396 408 453 474 530 565 581 629 657 682 715 757 800 834 845 902 934 965 1002 1023
3 58 91 122 162 173 226 238 294 327 363 384 421 448 479 531 550 586 636 666 683 733 752 790 830 854 902 933 964 981 1016
4 55 92 113 163 195 207 249 280 306 364 375 432 454 489 521 566 600 637 642 676 728 765 800 835 869 903 935 972 988 0
20 40 84 127 164 196 226 241 249 328 354 397 429 446 497 520 548 578 618 667 702 727 768 797 819 870 873 936 957 1003 0
7 49 93 111 130 181 226 263 292 326 352 398 412 445 496 518 567 575 613 646 694 734 769 786 823 869 904 927 954 999 1014
16 40 88 119 165 191 227 245 287 325 343 387 426 457 473 508 568 584 638 652 691 735 770 801 831 845 899 920 972 1004 0
25 61 88 124 166 197 222 251 296 317 345 391 432 451 486 532 569 601 632 664 699 722 768 802 813 850 886 929 951 997 0
26 53 94 128 153 198 228 247 294 320 356 383 432 455 476 533 567 578 631 668 695 725 770 791 820 865 877 921 973 992 0
27 62 95 104 158 193 194 264 297 313 344 375 424 458 495 534 567 598 636 669 702 716 771 801 836 852 905 937 974 1005 1019
2 63 96 114 144 185 222 265 294 329 364 388 407 464 498 535 551 581 609 652 703 720 772 799 828 871 889 937 940 984 1013
14 45 93 129 157 188 223 251 279 330 357 377 421 463 483 510 568 590 637 653 700 736 748 803 818 859 901 936 948 989 0
13 64 97 130 167 198 222 242 298 310 365 396 427 466 499 531 542 597 622 650 684 726 773 779 836 870 897 928 975 1006 0
28 36 94 131 163 199 227 266 291 331 357 399 416 452 500 536 565 587 624 660 696 718 766 792 837 852 906 915 962 984 1021
29 44 68 99 160 200 223 240 274 315 348 393 433 457 491 531 561 587 613 667 675 721 772 787 838 853 903 911 952 996 0
29 65 94 123 143 190 229 251 299 305 347 397 412 459 501 534 544 593 619 670 704 731 759 804 839 872 907 928 959 1002 1022
23 50 98 109 141 201 216 259 300 321 339 400 434 444 484 535 570 602 615 669 700 724 754 796 815 870 874 920 952 1000 1024
1 60 99 125 157 185 230 261 293 332 352 389 424 447 476 511 571 603 634 671 705 737 774 782 822 870 908 933 959 1004 0
15 44 100 120 162 177 231 242 281 329 366 390 428 467 483 534 572 575 631 642 706 724 761 781 810 845 891 938 958 1001 0
11 48 71 132 144 176 215 266 293 313 367 379 408 449 484 531 557 604 639 672 695 736 775 804 840 873 894 935 958 977 1020
22 59 96 133 161 202 232 243 272 315 353 396 423 448 488 527 568 589 639 673 681 734 774 798 829 863 886 939 967 988 0
30 39 98 127 147 186 207 257 275 333 353 399 411 453 499 525 567 601 612 659 697 731 772 805 840 854 898 925 947 1007 0
24 42 78 105 167 184 205 254 282 334 357 391 419 460 498 520 573 579 627 671 698 713 758 791 826 864 887 938 954 1005 1009
18 37 75 107 166 188 215 256 285 322 366 392 415 466 480 529 543 600 636 667 698 738 756 806 841 874 878 940 950 980 0
31 65 95 121 137 202 231 247 301 311 348 384 426 468 502 537 546 605 621 674 679 739 768 780 842 874 906 919 961 1008 0
25 66 90 128 151 164 232 265 270 333 339 378 435 454 495 515 555 586 635 647 690 738 759 807 826 849 904 912 961 998 0
14 47 101 109 168 179 224 257 296 335 368 393 415 465 492 527 542 598 625 671 680 725 760 804 834 875 895 941 972 993 0
11 67 76 120 154 173 233 267 302 332 345 401 427 450 503 533 540 577 637 656 694 727 749 799 837 874 879 942 976 1002 0
18 56 82 125 152 184 198 268 292 333 348 400 436 461 497 534 554 580 626 672 707 717 757 795 814 867 896 943 972 986 1016
10 41 99 121 155 170 196 246 300 336 364 378 431 467 504 527 563 597 633 654 686 710 755 801 840 857 896 932 950 1002 0
8 53 92 116 147 178 234 255 277 329 358 397 420 469 486 509 574 580 640 675 696 711 773 801 827 844 908 941 971 991 1018
32 59 89 112 147 173 229 253 301 337 366 398 410 446 500 514 542 592 641 648 689 728 770 808 821 871 909 916 977 1009 1023
28 51 89 122 154 187 207 265 300 307 362 387 415 470 501 517 572 604 613 658 701 737 767 809 842 856 905 918 946 1010 0
21 67 95 128 165 179 230 252 299 326 362 402 433 443 479 538 541 573 622 654 700 719 763 794 835 862 882 929 977 1011 0
12 43 68 134 144 190 191 269 277 322 341 381 419 447 494 536 566 575 625 668 697 740 776 802 817 849 902 936 966 1008 0
32 42 87 118 163 201 235 238 299 338 349 390 437 468 477 539 547 603 617 657 701 741 771 803 825 876 877 943 976 1012 0
17 43 69 131 149 200 231 262 276 312 369 403 437 462 498 532 559 598 639 676 705 717 767 784 830 865 897 914 950 982 1015
9 63 84 107 168 203 228 246 292 332 369 390 438 444 489 528 550 599 638 670 674 716 773 793 813 858 894 944 947 1010 0
33 52 85 106 138 182 234 264 290 334 368 400 411 442 503 518 562 588 617 667 689 735 776 810 835 861 893 944 978 989 0
31 60 73 108 135 189 209 234 269 337 369 380 406 471 496 540 568 601 624 658 703 710 756 777 832 877 884 938 957 1011 0
21 36 102 127 138 202 229 242 285 336 355 379 430 460 485 510 549 599 620 668 707 721 777 786 843 860 879 918 964 998 0
1 64 91 109 146 191 212 270 283 324 366 399 422 472 478 519 562 577 639 643 679 723 763 803 843 869 905 923 970 1013 0
26 60 89 110 159 204 232 264 287 338 370 401 417 440 502 523 574 606 642 664 707 726 763 804 816 855 887 932 948 1014 0
9 52 90 122 160 177 235 239 298 328 356 376 420 458 502 510 573 594 625 655 685 734 765 805 832 872 910 926 979 1004 0
32 52 83 101 137 192 236 248 279 321 361 396 438 471 505 511 564 579 610 677 687 727 759 802 841 852 911 922 955 1013 0
10 57 73 104 153 200 237 255 296 333 365 404 429 440 501 536 553 583 629 661 681 720 758 782 841 858 892 935 976 989 0
15 47 73 133 150 204 217 271 278 328 358 374 437 472 490 524 545 593 615 666 691 737 766 807 835 867 909 937 973 980 0
30 51 101 113 167 190 221 272 281 314 367 376 435 450 504 535 558 580 634 666 708 741 770 793 833 843 893 929 974 1003 1017
23 37 96 116 159 196 237 271 302 334 340 381 413 452 493 539 555 584 641 655 678 736 767 783 820 860 911 934 974 1011 0
24 63 91 115 148 197 233 248 291 330 342 389 411 461 488 509 547 584 642 665 695 742 777 806 836 872 895 945 949 987 0
27 50 99 130 156 199 232 255 303 337 340 388 419 451 506 525 572 595 637 670 687 730 742 790 833 875 910 919 978 980 1020
33 67 92 129 161 205 217 241 303 325 346 384 438 467 499 529 561 596 609 668 690 718 754 775 808 851 907 931 968 993 0
3 65 97 117 164 204 221 260 285 308 360 372 433 447 498 518 563 607 638 669 706 729 775 792 844 877 886 942 970 986 0
33 41 74 103 149 206 225 266 289 304 352 372 417 473 477 535 566 590 635 656 704 742 753 811 841 860 905 941 951 1001 0
25 55 69 115 150 192 214 272 295 327 370 404 426 446 485 522 562 607 612 645 704 736 750 788 825 862 900 927 971 1010 0
28 62 77 117 146 205 214 263 273 330 355 405 428 454 502 538 553 589 618 656 699 731 746 785 815 871 911 924 980 983 0
2 55 97 135 145 181 220 243 277 331 371 386 418 463 482 504 569 586 626 649 674 730 745 785 834 872 883 931 973 994 1005
19 57 77 132 169 203 230 259 284 311 345 399 436 470 504 524 574 594 627 657 702 742 747 808 828 868 899 927 967 982 0
8 58 80 102 158 185 235 246 279 307 360 395 423 465 500 524 570 596 619 661 709 719 768 783 845 869 912 921 960 978 0
30 67 91 135 169 183 210 266 290 318 355 392 434 469 506 513 564 597 638 645 688 734 771 795 842 859 891 916 965 1015 1022
24 48 100 127 166 194 213 261 304 331 359 393 406 448 501 519 546 606 623 641 686 712 778 794 844 849 885 901 968 992 0
30 66 82 131 136 193 208 245 274 335 358 379 417 468 483 533 550 602 633 662 689 722 764 809 822 862 910 945 960 1013 0
7 59 72 132 170 186 234 258 298 314 359 383 413 451 489 523 570 605 643 645 698 721 761 807 839 876 883 936 956 995 1016
13 62 71 126 169 171 219 245 278 327 371 389 422 440 505 512 556 601 640 676 706 741 769 799 839 878 906 944 968 996 0
32 62 88 135 149 198 224 259 286 328 363 404 430 474 481 526 544 588 614 644 694 739 744 794 838 864 880 923 956 991 0
15 51 80 128 145 171 211 268 301 324 361 392 405 442 474 520 547 599 632 675 684 729 755 805 837 868 901 933 963 1014 0
28 61 81 129 170 174 233 269 283 319 360 403 434 459 507 539 554 576 620 651 708 739 745 805 824 866 909 941 955 988 1020
25 44 102 132 168 187 205 269 302 321 347 373 439 458 487 537 551 603 611 649 682 732 748 811 830 878 913 923 962 1014 0
31 40 86 105 156 203 235 267 304 335 353 400 439 467 475 516 545 585 614 663 676 743 751 812 836 871 883 934 971 997 0
12 66 87 133 139 197 218 273 281 308 351 385 431 469 497 522 557 605 636 671 682 735 769 796 837 865 888 946 947 994 1011
2 46 83 136 157 162 210 272 300 320 365 394 436 459 495 532 573 600 640 643 709 735 775 780 846 879 895 934 957 1007 0
10 56 93 124 163 202 206 241 288 332 351 402 413 439 478 507 572 591 619 662 688 733 750 776 827 846 890 940 973 982 1006
16 54 100 130 139 196 214 243 299 320 363 382 410 449 494 507 574 583 621 659 703 729 757 806 818 856 881 944 960 998 0
34 68 97 104 161 203 236 256 275 330 363 394 435 445 478 530 559 602 620 664 701 719 760 788 811 873 896 938 953 1004 0
27 38 101 119 170 181 225 268 302 329 350 377 433 455 488 513 571 582 630 662 693 712 765 780 808 880 914 924 981 1010 0
14 68 77 106 152 176 197 253 254 326 349 397 406 455 506 537 565 600 628 673 683 737 764 812 843 866 889 931 975 995 0
16 47 76 114 140 200 226 260 286 336 371 375 416 469 475 523 554 594 630 673 684 732 746 802 826 846 900 921 977 1001 1012
20 61 78 110 162 189 195 258 304 307 344 402 431 472 508 528 553 602 628 650 677 717 741 806 828 863 913 942 959 1008 0
22 64 84 136 158 182 209 238 303 317 339 404 416 462 482 541 564 582 641 665 706 707 748 800 824 847 898 908 963 999 0
29 49 82 118 145 174 231 267 286 310 351 373 440 471 493 513 566 604 616 659 699 738 766 797 831 857 885 939 978 1009 0
19 64 94 134 155 177 208 248 301 338 346 386 414 457 506 538 555 591 629 644 705 743 760 796 844 856 900 937 951 985 0
8 38 93 120 141 164 219 239 289 323 369 391 425 470 485 541 546 608 611 663 677 718 752 795 834 853 909 939 974 1012 0
20 53 71 111 160 193 229 265 271 318 343 382 425 471 474 536 552 603 606 674 709 713 762 781 847 854 893 924 982 993 0
34 56 80 137 159 187 213 250 283 323 343 398 407 443 490 529 557 588 627 647 705 722 779 797 832 875 902 942 952 1007 1017
22 45 103 126 153 178 212 267 298 331 368 405 437 445 497 517 571 596 628 669 703 739 762 789 813 853 899 916 964 1007 0
26 43 100 129 142 201 236 273 290 327 342 398 425 466 492 540 549 593 635 644 692 732 758 783 840 863 903 926 970 1003 1021
12 58 98 121 140 192 228 271 293 325 338 403 435 456 492 509 569 595 618 660 685 744 753 787 814 839 913 918 967 1006 0
31 38 96 131 166 180 238 253 280 309 356 402 438 461 503 530 552 604 612 651 691 711 753 786 838 848 912 932 969 1003 0
23 61 76 134 171 188 236 249 297 305 362 388 409 460 491 516 560 592 626 666 709 711 750 784 822 857 904 947 962 995 0
27 66 74 114 142 195 221 262 291 305 370 394 434 470 505 537 548 589 632 672 697 723 756 778 838 876 908 917 979 1006 0
33 65 70 125 165 175 216 237 295 319 349 382 407 472 500 526 559 591 623 675 685 725 777 809 817 850 904 939 969 1005 0
34 39 72 115 154 156 227 261 273 324 372 386 436 464 493 512 552 582 633 677 708 724 776 798 823 850 907 935 975 990 0
21 54 78 108 152 194 227 270 284 315 367 405 418 439 503 539 548 605 615 648 704 744 773 809 816 875 914 926 953 999 0
19 46 95 112 141 183 225 257 282 336 361 401 423 456 482 507 558 607 631 670 672 740 764 803 823 878 903 946 969 984 0
17 63 79 137 151 175 230 254 303 335 371 395 432 466 481 530 560 606 611 648 678 733 771 789 815 867 879 946 958 990 0
29 54 98 103 151 204 215 268 296 316 364 387 430 462 479 533 565 608 623 649 702 740 769 810 829 876 890 930 949 983 0
7 37 90 113 168 201 223 233 264 317 365 385 422 441 490 538 560 595 614 652 688 740 774 788 819 868 884 925 981 1009 0
1 39 75 123 171 199 224 250 260 334 370 395 420 468 496 515 561 590 608 651 681 712 761 800 831 873 882 913 966 1015 0
17 49 102 126 155 165 195 239 288 316 354 401 409 464 499 519 569 583 634 665 687 716 746 807 821 861 888 943 981 1000 0
4 57 86 123 148 184 228 270 297 323 368 406 408 463 505 532 570 607 622 646 708 733 749 772 829 880 891 910 963 1008 0
26 50 83 124 169 172 237 252 297 316 367 403 428 465 473 528 571 609 617 673 696 738 743 779 819 864 898 945 966 990 0
