1024 135
6 46
6 6 6 6 6 6 6 6 6 6 6 6 6 6 6 6 6 6 6 6 6 6 6 6 6 6 6 6 6 6 6 6 6 6 6 6 6 6 6 6 6 6 6 6 6 6 6 6 6 6 6 6 6 6 6 6 6 6 6 6 6 6 6 6 6 6 6 6 6 6 6 6 6 6 6 6 6 6 6 6 6 6 6 6 6 6 6 6 6 6 6 6 6 6 6 6 6 6 6 6 6 6 6 6 6 6 6 6 6 6 6 6 6 6 6 6 6 6 6 6 6 6 6 6 6 6 6 6 6 6 6 6 6 6 6 6 6 6 6 6 6 6 6 6 6 6 6 6 6 6 6 6 6 6 6 6 6 6 6 6 6 6 6 6 6 6 6 6 6 6 6 6 6 6 6 6 6 6 6 6 6 6 6 6 6 6 6 6 6 6 6 6 6 6 6 6 6 6 6 6 6 6 6 6 6 6 6 6 6 6 6 6 6 6 6 6 6 6 6 6 6 6 6 6 6 6 6 6 6 6 6 6 6 6 6 6 6 6 6 6 6 6 6 6 6 6 6 6 6 6 6 6 6 6 6 6 6 6 6 6 6 6 6 6 6 6 6 6 6 6 6 6 6 6 6 6 6 6 6 6 6 6 6 6 6 6 6 6 6 6 6 6 6 6 6 6 6 6 6 6 6 6 6 6 6 6 6 6 6 6 6 6 6 6 6 6 6 6 6 6 6 6 6 6 6 6 6 6 6 6 6 6 6 6 6 6 6 6 6 6 6 6 6 6 6 6 6 6 6 6 6 6 6 6 6 6 6 6 6 6 6 6 6 6 6 6 6 6 6 6 6 6 6 6 6 6 6 6 6 6 6 6 6 6 6 6 6 6 6 6 6 6 6 6 6 6 6 6 6 6 6 6 6 6 6 6 6 6 6 6 6 6 6 6 6 6 6 6 6 6 6 6 6 6 6 6 6 6 6 6 6 6 6 6 6 6 6 6 6 6 6 6 6 6 6 6 6 6 6 6 6 6 6 6 6 6 6 6 6 6 6 6 6 6 6 6 6 6 6 6 6 6 6 6 6 6 6 6 6 6 6 6 6 6 6 6 6 6 6 6 6 6 6 6 6 6 6 6 6 6 6 6 6 6 6 6 6 6 6 6 6 6 6 6 6 6 6 6 6 6 6 6 6 6 6 6 6 6 6 6 6 6 6 6 6 6 6 6 6 6 6 6 6 6 6 6 6 6 6 6 6 6 6 6 6 6 6 6 6 6 6 6 6 6 6 6 6 6 6 6 6 6 6 6 6 6 6 6 6 6 6 6 6 6 6 6 6 6 6 6 6 6 6 6 6 6 6 6 6 6 6 6 6 6 6 6 6 6 6 6 6 6 6 6 6 6 6 6 6 6 6 6 6 6 6 6 6 6 6 6 6 6 6 6 6 6 6 6 6 6 6 6 6 6 6 6 6 6 6 6 6 6 6 6 6 6 6 6 6 6 6 6 6 6 6 6 6 6 6 6 6 6 6 6 6 6 6 6 6 6 6 6 6 6 6 6 6 6 6 6 6 6 6 6 6 6 6 6 6 6 6 6 6 6 6 6 6 6 6 6 6 6 6 6 6 6 6 6 6 6 6 6 6 6 6 6 6 6 6 6 6 6 6 6 6 6 6 6 6 6 6 6 6 6 6 6 6 6 6 6 6 6 6 6 6 6 6 6 6 6 6 6 6 6 6 6 6 6 6 6 6 6 6 6 6 6 6 6 6 6 6 6 6 6 6 6 6 6 6 6 6 6 6 6 6 6 6 6 6 6 6 6 6 6 6 6 6 6 6 6 6 6 6 6 6 6 6 6 6 6 6 6 6 6 6 6 6 6 6 6 6 6 6 6 6 6 6 6 6 6 6 6 6 6 6 6 6 6 6 6 6 6 6 6 6 6 6 6 6 6 6 6 6 6 6 6 6 6 6 6 6 6 6 6 6 6 6 6 6 6 6 6 6 6 6 6 6 6 6 6 6 6 6 6 6 6 6 6 6 6 6 6 6 6 6 6 6 6 6 6 6 6 6 6 6 6 6 6 6 6 6 6 6 6 6 6 6 6 6 6 6 6 6 6 6 6 6 6 6 6 6 6 6 6 6 6 6 6 6 6 6 6 6 6 6 6 6 6 6 6 6 6 6 6 6 6 6 6 6 6 6 6 6 6 6 6 6 6 6 6 6 6 6 6 6 6 6 6 6 6 6 6 6 6 6 6 6 6 6 6 6 6 6 6 6 6 6 6 6 6 6 6 6 6 6 6 6 6 6 6 6 6 6 6
46 46 46 46 46 46 46 46 46 46 46 46 45 46 45 46 46 45 46 45 46 46 46 46 45 45 45 45 45 46 46 46 46 45 46 45 46 45 45 45 45 45 45 46 45 46 46 46 46 45 46 45 45 45 45 45 45 45 46 46 46 45 45 45 46 45 45 45 45 45 46 46 45 46 46 46 46 46 45 46 46 45 45 45 45 45 45 45 46 45 46 46 46 46 46 45 45 46 45 46 45 45 46 45 46 45 45 46 46 46 45 45 45 45 45 45 46 45 46 45 46 45 46 46 46 46 45 45 45 46 46 45 46 46 45
1 52 76 90 105 132
2 12 36 45 87 134
3 17 23 25 34 37
4 7 10 32 35 96
5 63 75 92 115 131
6 22 61 71 78 104
8 13 50 60 103 120
9 18 40 42 67 95
11 47 58 77 98 109
14 31 106 110 129 133
15 16 53 57 66 127
19 28 88 111 113 114
20 43 62 70 107 126
21 44 74 91 117 121
24 48 49 79 83 99
26 65 73 119 123 135
27 54 84 94 102 130
29 33 68 82 85 108
30 56 59 86 93 118
38 39 41 46 112 116
51 55 64 69 80 124
72 81 97 100 101 122
89 107 120 125 128 132
1 22 27 46 99 124
2 11 14 57 67 80
3 58 59 75 82 117
4 26 29 81 88 130
5 13 16 28 30 116
6 8 21 32 122 134
7 20 74 83 118 129
9 34 79 85 89 119
10 17 42 45 90 92
12 38 43 108 115 121
15 24 37 60 84 126
18 39 50 61 62 113
19 25 40 54 131 133
23 47 55 68 72 95
31 35 63 64 65 104
33 53 71 96 102 135
36 77 86 94 125 127
41 51 97 106 111 128
44 49 73 76 78 114
48 69 87 103 109 112
52 66 91 93 98 100
56 70 101 105 110 123
1 65 82 87 111 126
2 62 79 96 100 131
3 12 26 51 52 61
4 9 16 43 78 109
5 14 72 99 125 135
6 29 48 92 93 107
7 11 19 60 101 108
8 27 98 106 115 119
10 41 54 66 70 85
13 55 79 94 110 117
15 31 45 46 59 81
17 44 56 57 112 130
18 37 63 76 86 97
20 33 42 69 114 122
21 24 47 116 132 133
22 28 36 68 91 123
23 48 53 105 113 121
25 29 39 64 74 127
30 49 95 102 128 134
32 75 80 84 89 113
34 38 71 77 88 129
35 67 83 91 120 124
40 73 90 103 104 118
10 38 49 50 58 127
1 13 25 45 122 129
2 18 23 27 70 118
3 55 67 96 116 125
4 28 83 98 105 135
5 35 73 74 87 133
6 20 30 57 75 111
7 52 53 64 95 112
8 62 68 76 81 84
9 14 51 60 93 121
11 12 37 56 92 102
15 41 44 69 123 131
16 19 24 65 80 115
17 22 26 85 126 128
21 26 82 86 103 114
31 43 77 101 124 132
32 40 47 99 107 108
33 34 58 63 78 110
36 42 66 88 106 120
39 54 72 89 90 109
19 46 50 97 119 130
59 64 71 94 100 134
61 63 114 117 127 133
7 58 81 94 104 121
1 9 77 92 96 108
2 21 29 41 43 110
3 8 46 57 109 129
4 27 37 42 51 65
5 6 113 126 130 132
10 14 24 87 105 107
11 22 23 35 89 100
12 28 72 85 117 118
13 36 44 70 71 99
15 47 50 78 91 125
16 17 60 69 76 98
18 25 59 88 103 135
20 38 61 82 84 119
30 32 33 52 74 124
31 39 40 55 102 122
34 62 67 87 97 115
45 49 68 106 112 113
31 48 66 111 131 134
53 54 80 97 116 120
56 75 79 90 95 120
66 73 83 86 101 128
1 83 93 104 123 133
2 24 30 63 82 88
3 14 16 47 62 101
4 25 50 52 84 92
5 26 32 42 49 94
6 43 80 86 95 129
7 59 76 89 116 123
8 48 51 77 118 130
9 10 19 37 91 122
11 53 75 106 107 114
12 41 55 90 99 100
13 38 72 98 102 124
15 18 34 35 109 134
17 40 74 79 111 115
20 23 46 78 108 135
21 33 57 61 70 73
22 56 67 69 119 121
27 36 64 85 96 110
28 54 81 112 127 128
29 58 65 71 103 132
39 44 68 104 105 125
45 50 93 117 126 131
23 40 57 60 64 91
1 8 47 71 80 112
2 34 74 90 114 126
3 13 69 77 111 135
4 60 68 102 107 110
5 19 31 38 76 109
6 17 36 49 82 89
7 37 87 117 128 130
9 20 54 101 103 125
10 21 22 84 115 118
11 27 44 48 88 122
12 24 35 39 75 97
14 15 33 43 100 113
16 42 46 85 121 131
18 81 83 96 119 132
25 28 41 95 104 108
26 53 62 63 72 93
29 32 45 78 79 116
30 61 65 98 99 129
51 58 67 92 105 134
52 55 59 70 106 127
39 56 73 94 108 124
28 59 66 78 130 133
14 17 19 86 120 123
1 11 18 41 74 120
2 6 65 85 124 127
3 15 36 38 80 118
4 8 33 54 56 104
5 46 60 70 83 117
7 21 68 75 88 98
9 25 57 62 86 99
10 100 111 116 121 129
12 34 48 64 82 128
13 20 89 105 115 133
16 67 94 112 123 126
22 50 55 63 81 107
23 43 58 66 84 114
24 51 91 109 110 119
26 40 45 69 71 97
27 29 30 76 101 135
31 44 47 61 87 92
32 37 53 73 131 132
35 90 93 106 122 125
42 52 77 79 102 103
34 49 56 72 96 103
20 22 93 95 113 127
29 60 62 80 119 134
1 10 40 48 68 114
2 3 28 31 42 99
4 12 13 46 74 132
5 17 21 27 97 129
6 14 35 44 81 115
7 41 79 82 105 124
8 9 30 69 107 113
11 26 39 70 78 111
15 23 98 101 112 133
16 45 77 84 95 110
18 49 55 57 92 121
19 43 47 67 73 106
24 58 108 118 120 122
25 38 53 87 90 123
32 63 85 100 125 130
33 76 91 94 128 131
36 50 51 75 104 135
37 52 54 88 96 134
59 65 83 102 109 114
61 64 66 72 116 126
27 71 86 89 108 117
1 4 44 85 95 97
2 8 53 89 94 111
3 19 41 63 121 132
5 10 18 47 124 128
6 28 39 79 87 101
7 38 42 54 57 93
9 15 102 104 120 129
11 43 82 116 127 131
12 21 40 78 83 113
13 24 32 34 59 112
14 22 65 90 117 134
16 20 51 68 86 100
17 33 46 62 75 103
23 73 88 107 109 115
25 35 48 55 71 98
26 56 58 80 91 133
29 31 49 69 125 126
30 60 72 105 106 130
36 37 61 67 74 81
35 45 52 99 118 123
28 50 70 76 96 122
47 64 70 84 129 135
4 66 77 87 113 119
22 88 92 110 112 132
1 42 61 75 100 109
2 15 25 73 105 116
3 5 9 81 110 114
6 12 16 63 96 120
7 27 39 91 103 126
8 14 18 29 36 131
10 60 82 94 97 135
11 13 31 33 95 123
17 52 72 107 121 133
19 55 56 83 85 134
20 32 48 76 102 106
21 23 71 92 111 119
24 26 44 46 66 89
30 67 68 77 78 90
34 51 57 84 98 108
37 41 45 80 101 127
38 65 69 79 86 130
3 40 49 87 93 124
43 50 53 59 99 128
18 54 58 64 68 115
62 74 98 104 122 128
4 24 111 117 124 125
14 41 42 50 71 118
1 26 57 115 116 134
2 58 61 76 107 130
5 62 69 102 105 127
6 7 90 97 110 131
8 34 43 44 75 93
9 27 72 80 123 132
10 11 16 73 81 117
12 20 47 49 59 104
13 15 54 82 92 106
17 29 53 55 77 91
19 52 78 89 126 129
21 30 37 48 94 120
22 45 64 108 109 133
23 28 38 51 56 125
25 31 36 83 100 112
2 32 66 95 103 121
33 40 65 84 88 101
16 35 70 79 114 132
20 39 60 67 85 99
46 52 67 86 113 122
63 95 106 109 118 135
22 42 74 80 96 130
12 58 86 119 124 126
1 14 37 49 64 119
3 11 30 50 66 115
4 6 18 38 91 114
5 25 78 120 121 134
7 45 85 86 107 135
8 35 40 41 59 72
9 23 24 29 61 128
10 55 62 88 108 123
13 21 51 81 87 131
15 17 32 65 68 93
19 27 75 77 105 112
26 28 43 60 74 92
31 54 73 79 98 113
33 47 48 89 97 127
34 46 53 69 100 133
35 36 76 103 117 129
39 57 82 96 107 118
44 63 83 90 94 116
7 56 84 99 111 122
53 70 104 115 124 130
12 62 71 73 110 125
50 64 90 101 102 121
1 24 69 78 81 106
2 17 47 102 117 119
3 74 103 105 108 131
4 22 31 70 72 75
5 52 85 101 104 111
6 40 58 116 128 135
8 28 37 82 100 110
9 21 36 39 53 65
10 61 79 93 112 134
11 32 54 55 87 129
10 13 23 63 80 126
14 27 38 59 92 95
12 15 29 67 89 114
16 54 71 75 83 122
18 19 30 44 51 127
20 26 27 34 55 120
25 42 47 56 60 113
33 44 45 67 98 132
16 41 49 61 88 91
43 97 102 118 125 133
40 46 76 77 80 82
48 57 78 100 123 124
66 68 94 96 99 109
31 84 93 96 105 128
1 17 35 38 94 113
2 9 22 52 83 97
3 18 20 72 73 112
4 23 30 103 122 123
4 5 36 41 48 58
6 13 26 37 68 121
7 14 25 63 69 70
8 19 74 95 99 116
11 21 28 49 62 90
15 51 85 115 122 132
24 42 43 98 123 134
20 29 40 50 56 109
32 41 60 77 81 133
19 26 33 64 79 107
34 65 66 76 92 118
23 39 59 69 110 120
34 45 73 91 111 130
46 79 88 104 126 127
57 95 114 119 125 131
17 71 84 87 106 116
8 42 86 87 91 132
21 58 89 93 99 101
2 37 44 59 108 129
39 80 92 100 117 135
1 28 53 67 84 103
3 45 56 88 100 128
2 5 33 50 86 112
6 10 27 31 53 74
7 16 29 44 113 133
9 13 47 75 130 134
11 20 65 110 121 128
12 18 94 101 107 129
12 14 32 109 111 127
15 19 61 90 96 124
22 51 62 66 82 129
24 57 71 72 76 113
25 43 46 61 68 111
30 38 40 70 81 89
35 49 54 60 86 111
36 52 108 114 116 130
9 48 56 115 126 135
30 55 84 104 112 131
36 54 59 63 105 119
6 62 64 77 106 117
18 78 80 85 87 98
13 17 58 83 88 125
11 97 99 104 132 134
14 28 73 75 102 126
16 33 37 55 105 118
4 45 47 76 115 120
1 21 60 66 79 125
3 10 39 43 76 83
5 12 22 57 77 122
7 46 49 51 71 120
8 96 97 114 121 123
15 26 48 75 108 110
19 23 81 82 93 102
24 31 68 127 130 135
25 32 44 101 118 119
27 35 56 78 107 131
28 29 34 47 52 94
8 26 38 67 101 117
41 64 89 92 98 103
42 68 70 119 128 133
50 57 69 74 85 94
17 20 28 63 124 134
46 48 65 91 95 96
6 11 45 51 72 83
81 85 90 91 113 129
5 7 34 61 80 106
7 30 36 62 109 132
1 31 88 89 118 121
2 60 71 115 123 128
3 53 68 92 122 126
4 21 100 106 108 126
9 32 70 82 90 98
10 65 72 77 120 131
13 18 43 52 56 65
14 23 26 54 76 124
15 58 63 84 99 103
8 16 22 25 58 102
17 24 50 73 95 100
27 33 49 81 109 116
29 42 59 84 97 124
35 66 74 80 105 127
37 62 112 114 124 135
2 38 55 75 78 132
4 39 86 110 133 134
40 43 51 96 112 117
31 41 67 104 107 125
64 69 79 93 114 120
27 41 52 57 68 87
1 3 29 70 86 102
5 37 66 71 90 107
6 42 76 108 112 125
9 10 88 97 116 117
11 38 53 74 133 135
12 23 44 50 79 106
13 14 40 53 61 85
15 62 83 95 111 127
16 32 36 72 92 128
18 24 28 33 77 93
19 49 53 98 110 118
20 21 35 48 123 130
22 37 38 47 103 111
25 72 78 82 91 115
30 46 64 87 101 125
34 60 105 122 124 131
39 42 48 63 99 129
5 43 45 55 103 119
24 45 54 62 94 121
4 59 73 80 109 121
23 67 75 89 127 129
2 19 69 92 104 113
1 36 51 63 78 101
3 6 35 94 96 119
7 8 12 13 17 66
9 26 87 100 118 127
10 11 15 30 46 71
14 30 79 91 97 108
16 59 60 74 102 107
18 32 99 110 126 132
20 21 25 41 53 117
22 29 39 73 95 120
27 32 61 69 83 89
31 56 67 71 82 93
33 36 90 111 130 133
34 55 86 104 116 122
16 40 47 58 106 134
44 52 84 86 109 123
15 49 70 74 77 97
50 54 65 81 98 114
47 57 85 88 105 131
3 64 113 115 123 135
1 6 34 50 64 116
2 7 40 83 110 125
4 17 64 67 118 131
5 8 15 20 64 88
9 29 49 54 63 66
10 52 75 113 119 134
11 23 25 33 93 94
12 68 78 80 103 126
13 27 100 104 114 120
14 82 91 102 112 122
18 45 60 65 89 104
13 19 35 57 121 128
21 41 54 77 107 130
15 22 59 76 87 106
24 38 72 85 96 104
16 18 26 31 48 90
28 55 58 84 97 109
35 37 43 44 69 117
39 47 66 81 105 123
42 55 73 89 108 133
6 46 56 70 79 98
51 99 102 113 115 132
61 92 95 101 115 135
10 33 41 84 119 129
1 19 32 39 58 130
2 10 29 51 129 133
3 84 91 107 127 134
4 11 25 63 67 112
5 17 37 43 93 108
7 31 78 119 122 131
8 45 59 61 95 105
9 12 76 94 126 133
14 21 45 87 96 110
20 79 81 92 125 132
22 40 86 98 111 128
23 31 52 62 77 120
24 36 44 56 82 117
26 50 73 77 83 106
15 27 28 40 70 121
17 30 31 74 80 114
19 21 34 42 124 135
38 48 52 57 60 73
29 37 46 72 99 116
25 49 65 75 85 109
68 69 71 74 101 103
43 86 88 90 100 118
1 8 72 98 107 117
2 13 39 49 84 109
3 7 11 22 24 58
3 4 51 71 79 121
5 54 67 94 100 111
6 9 47 54 69 118
12 30 42 53 96 122
14 56 68 70 116 130
16 23 82 99 110 130
18 48 75 93 123 125
20 32 36 66 97 114
26 35 46 63 83 112
27 63 85 101 113 128
28 89 102 105 106 131
33 38 44 65 126 134
34 40 103 108 127 132
17 41 59 91 122 135
50 62 68 80 124 129
36 46 55 93 115 120
43 57 60 81 120 135
28 35 61 88 90 92
51 76 78 87 88 95
1 15 55 62 98 128
2 20 22 48 72 89
4 34 47 58 99 101
5 37 69 79 106 123
6 97 100 102 115 124
7 9 57 73 110 116
8 44 61 78 92 127
10 33 59 67 95 132
11 50 52 56 76 119
12 25 27 91 108 114
13 41 78 86 96 107
14 29 30 83 103 105
16 21 38 64 65 82
18 66 90 117 122 129
19 20 71 85 111 133
23 24 45 70 74 80
10 26 53 104 109 131
23 32 60 75 86 94
39 77 81 113 118 121
35 42 49 101 125 126
43 72 87 94 112 134
1 30 54 110 115 132
2 26 27 53 71 98
3 7 27 41 60 90
4 9 40 46 89 129
5 11 59 68 84 107
6 67 82 88 108 133
8 19 52 69 92 125
1 12 33 83 104 109
13 90 114 118 119 127
14 16 24 44 55 66
17 39 49 51 113 128
18 61 102 108 111 112
21 48 50 65 105 106
22 30 34 41 56 123
25 70 77 91 116 126
28 32 47 57 58 80
29 38 81 87 100 120
31 85 93 103 116 131
36 37 45 95 107 124
42 44 64 73 79 111
40 62 92 97 130 134
63 74 75 99 117 123
75 76 96 121 133 135
2 13 32 49 54 135
3 10 66 97 98 122
4 18 19 57 80 94
5 33 39 47 98 104
6 15 55 60 61 125
7 47 65 83 100 113
8 20 48 73 85 87
9 28 45 78 112 119
11 50 63 103 130 131
12 16 69 82 88 132
14 20 26 52 58 101
17 105 110 117 121 127
3 21 36 64 89 95
22 43 51 76 79 134
5 23 56 62 77 96
24 42 92 114 120 129
25 38 79 80 86 128
29 35 84 96 109 115
31 37 59 106 115 118
34 53 68 71 81 117
21 46 67 70 93 102
72 74 88 91 119 126
10 69 99 110 116 124
1 16 32 105 122 135
2 35 61 70 77 106
4 8 14 40 125 128
6 73 76 99 113 123
7 41 43 48 51 74
9 33 35 67 90 93
11 34 36 58 113 134
12 19 26 31 60 64
13 23 73 81 93 97
15 22 72 86 91 129
17 62 75 84 101 109
18 30 46 106 114 131
6 24 27 52 87 120
25 66 95 102 121 132
28 44 45 104 107 108
29 39 50 112 118 124
37 49 57 83 126 130
38 42 53 63 68 100
54 74 78 89 111 127
55 65 71 82 101 103
53 56 85 94 129 133
26 32 59 113 122 125
1 7 23 61 98 126
2 56 64 65 81 116
3 33 82 89 105 120
4 21 40 49 71 130
5 44 53 72 102 117
8 11 51 123 124 128
9 29 31 48 50 133
10 36 39 57 102 103
12 63 75 127 131 135
13 91 92 107 108 113
14 45 59 77 87 104
15 66 69 79 80 135
16 17 34 67 83 125
18 84 94 100 111 134
19 24 27 68 110 112
20 80 90 95 109 121
22 44 54 70 76 96
25 58 60 97 107 118
28 43 64 78 99 132
30 35 46 47 88 119
37 38 41 77 85 86
42 55 62 78 114 115
2 21 52 79 122 128
1 46 59 108 119 131
3 14 15 32 104 121
4 17 26 53 82 120
5 16 24 40 43 106
6 19 41 62 66 101
7 18 58 75 81 105
8 23 33 69 73 90
9 57 68 100 127 131
10 28 42 83 86 96
11 22 25 36 118 126
12 20 84 92 98 116
13 37 51 67 74 76
27 45 50 66 123 124
29 31 57 104 115 117
30 89 92 94 129 133
14 34 39 48 49 99
38 71 91 97 105 110
41 47 60 61 88 114
52 54 63 70 71 85
55 87 95 109 130 134
56 65 106 111 112 132
56 69 72 93 103 108
1 43 47 91 107 112
2 4 26 83 93 124
3 70 75 95 126 130
5 17 27 32 51 89
6 19 33 84 120 132
7 61 72 77 99 115
8 9 21 25 55 135
10 15 28 67 78 94
11 40 59 73 105 114
12 20 54 74 119 123
13 23 35 42 49 121
16 45 50 87 108 117
18 22 46 116 127 133
24 44 60 64 86 96
29 37 100 102 111 123
30 39 45 68 90 103
31 62 76 97 109 134
34 81 82 118 121 129
36 47 52 65 79 88
38 48 58 107 122 125
63 80 98 101 110 128
35 58 62 64 85 128
1 50 55 73 115 127
2 21 26 91 101 118
3 7 8 29 44 56
4 62 85 99 116 129
5 25 39 70 82 95
6 11 23 57 68 120
9 17 41 49 51 96
10 25 37 89 104 130
12 28 78 93 112 130
13 22 32 101 102 126
14 54 74 92 94 98
15 40 52 67 83 117
16 27 53 87 93 111
18 21 63 69 81 86
19 38 66 70 100 103
20 24 30 46 109 131
31 34 61 65 75 97
33 42 72 114 133 134
36 43 60 90 122 125
19 48 59 110 119 132
71 79 88 109 113 124
55 76 80 84 111 135
9 63 66 77 89 106
1 10 56 59 80 99
2 16 30 67 95 106
3 48 54 78 94 129
4 23 46 61 92 96
5 29 84 85 104 108
6 20 37 40 69 103
7 22 28 79 86 120
8 31 71 88 108 121
11 44 47 69 91 123
12 73 81 95 117 131
13 42 64 76 112 116
14 18 24 98 128 132
15 53 100 107 119 135
17 36 50 54 82 99
26 38 41 68 74 102
27 35 49 82 125 134
32 34 43 58 71 118
33 75 83 115 125 133
16 39 52 77 122 127
45 57 60 63 97 113
51 72 94 110 114 126
12 65 70 87 90 105
51 81 85 86 103 124
1 20 23 25 117 119
2 7 44 46 89 133
3 11 65 112 122 133
4 43 93 100 102 127
5 17 78 91 123 131
6 83 105 107 109 126
8 19 49 67 133 135
9 38 74 84 90 110
10 18 30 55 64 104
13 48 62 68 75 111
14 24 34 37 66 88
15 33 47 57 113 130
15 21 45 50 56 97
22 31 53 58 59 60
26 40 98 101 129 132
27 36 67 73 79 80
28 29 69 115 124 129
32 39 87 117 120 134
35 76 102 106 114 116
41 77 113 118 121 128
42 61 72 96 104 110
3 52 92 110 115 135
1 2 51 86 123 131
4 20 55 89 97 111
5 60 65 92 125 127
6 8 46 59 124 126
7 50 98 114 120 134
9 11 48 64 91 112
10 12 78 93 106 119
13 19 22 29 49 103
14 33 70 78 84 88
16 23 44 56 89 96
17 18 63 76 83 109
21 37 57 80 87 104
24 42 66 90 94 101
25 26 30 40 100 121
27 36 41 43 47 118
28 35 61 71 95 122
31 32 39 45 52 91
34 68 75 79 85 107
32 38 58 62 73 116
53 74 108 128 132 134
54 61 77 81 99 130
5 58 72 79 82 105
1 5 7 46 63 73
2 50 87 114 116 120
3 67 76 85 99 106
4 15 27 42 113 135
6 21 25 37 60 82
8 13 19 83 102 125
9 70 71 72 81 100
10 20 44 117 124 131
11 18 22 29 36 96
12 51 54 66 121 130
14 84 92 98 111 114
16 28 47 104 118 119
17 45 59 61 115 132
23 41 62 65 80 122
24 26 30 33 103 123
31 64 86 95 127 128
34 38 55 70 101 109
35 52 57 68 105 112
39 74 88 93 94 126
40 43 49 66 75 129
17 48 53 81 90 108
32 56 69 77 97 107
1 58 75 80 113 116
2 3 62 68 78 86
4 10 16 20 89 90
6 40 59 64 123 134
7 15 51 67 92 101
8 12 27 63 79 111
9 41 42 56 97 124
11 24 38 99 125 129
13 25 60 88 102 120
14 34 43 46 82 126
18 22 28 53 79 96
19 31 45 84 87 100
21 35 69 76 115 127
23 83 85 95 110 117
26 29 47 71 96 132
30 33 72 73 107 121
36 48 98 109 121 135
37 50 74 106 128 131
39 49 93 118 119 130
44 65 77 94 100 105
52 80 81 103 108 112
54 55 57 91 122 133
1 12 31 42 85 122
2 24 25 54 105 132
3 30 43 57 95 114
4 18 36 39 69 77
5 34 38 103 118 130
6 90 91 92 104 119
7 19 45 75 93 127
8 32 65 82 109 112
9 15 44 58 78 84
10 59 68 89 94 101
11 53 61 62 86 133
13 49 99 123 128 134
14 51 70 89 125 129
16 22 28 97 103 108
11 17 35 40 110 117
20 31 50 73 94 111
21 23 52 72 113 120
26 48 55 74 95 126
27 29 67 76 116 127
33 60 66 71 87 106
37 64 98 102 124 125
41 46 47 94 115 135
56 63 83 87 107 131
9 24 32 50 88 122
1 43 49 69 106 134
2 4 48 55 101 102
3 10 34 39 80 91
5 65 74 84 100 123
6 52 57 130 131 135
7 8 25 33 46 51
12 18 75 76 107 132
13 19 62 85 96 118
14 15 21 68 71 82
16 30 47 92 124 128
17 41 70 117 121 133
20 26 38 53 77 110
22 67 79 98 105 114
23 36 54 59 61 115
27 58 81 99 104 112
28 37 44 48 90 111
29 40 45 64 75 93
35 72 86 108 109 113
42 56 66 83 117 120
60 88 97 112 119 129
47 63 73 116 122 126
7 78 95 98 105 110
1 28 45 73 79 118
2 33 55 68 111 120
3 10 27 100 129 135
4 26 54 103 106 121
5 19 34 49 51 128
6 12 13 66 76 77
8 18 22 70 80 127
9 16 38 59 65 111
11 36 39 63 85 124
14 25 37 61 67 133
15 29 39 83 87 104
17 31 41 62 81 104
20 86 96 114 123 131
21 40 50 84 101 109
23 24 32 53 82 134
30 35 58 91 130 132
42 69 89 90 107 113
43 54 57 60 99 102
44 62 92 93 97 125
46 56 74 78 110 115
52 72 82 88 108 119
23 64 71 97 116 126
1 6 29 60 67 85
2 37 81 96 102 109
3 58 78 100 114 124
4 33 86 117 118 119
5 35 47 107 108 134
7 11 26 74 75 132
8 10 70 83 84 98
9 20 57 71 89 105
12 17 34 90 91 130
13 14 22 28 43 116
15 19 52 88 101 115
16 31 53 66 106 129
18 44 46 48 82 103
21 59 68 85 93 112
24 27 36 41 72 87
25 40 49 65 76 110
30 63 80 95 120 126
32 64 69 125 131 135
38 45 50 51 73 94
42 77 113 122 127 133
55 56 61 113 121 128
79 84 92 99 123 133
1 3 20 60 77 132
2 27 49 62 70 117
4 25 35 63 74 134
5 9 37 54 73 89
6 61 81 112 116 135
7 41 47 56 102 106
8 24 48 53 65 108
10 31 72 96 107 125
11 29 43 79 97 122
12 17 21 33 66 88
13 14 44 98 100 121
15 55 75 87 90 104
16 40 91 127 128 131
18 19 45 64 71 105
22 38 46 93 94 95
23 30 69 109 118 131
26 36 52 68 84 103
28 46 101 114 123 126
32 42 58 59 78 115
34 57 67 102 119 120
39 76 92 115 124 130
50 80 86 89 99 110
31 51 76 83 111 129
1 8 10 87 120 128
2 7 27 40 41 71
3 37 67 75 77 132
4 5 14 25 55 63
6 17 23 35 58 93
9 51 53 62 100 114
11 28 42 92 94 106
12 16 74 98 99 121
13 65 69 80 91 117
15 47 50 56 78 118
18 26 32 119 130 134
19 22 36 72 81 83
20 29 30 45 66 133
21 31 49 85 107 125
24 54 67 86 101 108
33 48 92 103 124 129
34 54 59 79 95 126
38 39 96 106 109 112
43 44 52 104 105 122
57 59 64 82 90 113
60 70 88 111 116 135
61 68 73 97 123 127
1 17 40 42 66 95
2 10 32 68 102 109
3 6 69 78 86 88
4 7 43 72 119 130
5 11 13 35 39 116
8 14 18 22 27 39
9 23 64 65 74 133
12 34 48 51 113 131
15 19 25 37 98 128
16 82 101 105 120 126
20 29 46 53 91 100
21 24 28 96 99 112
26 57 79 99 105 127
30 36 44 50 85 97
33 41 47 56 80 135
38 71 76 83 108 132
45 58 77 103 114 117
49 60 70 107 115 134
49 52 73 93 111 121
7 55 90 110 122 129
61 62 63 84 94 118
75 81 89 123 124 125
10 21 23 68 87 104
1 2 16 44 114 134
3 43 53 85 95 117
4 28 38 50 88 133
5 12 17 79 103 110
6 8 29 34 35 37
9 64 81 92 126 128
11 46 47 122 127 132
13 59 67 77 80 94
14 22 27 52 120 131
15 26 42 45 73 119
18 40 61 63 74 100
19 97 104 109 117 135
20 51 69 75 82 115
24 57 70 102 107 123
25 32 65 106 124 130
30 56 87 91 117 129
31 54 60 71 93 101
33 62 66 84 99 113
36 40 76 78 86 108
41 48 72 83 121 125
55 58 90 98 111 118
44 74 89 96 112 116
1 51 55 71 95 97
2 5 10 15 22 83
3 19 20 73 116 128
4 6 47 110 123 124
7 25 28 69 114 132
8 11 13 62 106 108
9 37 43 54 70 78
12 39 67 77 79 133
14 21 30 49 72 75
16 23 38 76 92 112
17 48 80 94 98 126
18 35 52 88 89 134
24 46 58 101 109 125
26 31 57 85 87 102
27 29 42 104 119 133
32 53 84 122 123 131
22 33 45 66 107 127
34 64 65 100 113 118
36 50 56 59 96 129
41 60 90 93 109 111
61 103 105 115 120 121
63 68 81 91 130 135
17 47 59 74 82 86
1 10 21 76 98 100
2 14 61 105 108 130
3 33 46 65 80 126
4 49 71 72 94 131
5 32 44 75 81 92
6 48 77 89 93 95
7 11 37 51 119 124
8 19 30 91 110 121
9 16 31 35 78 103
12 23 24 60 125 134
1 24 46 70 93 114 137 160 183 204 228 251 274 296 320 344 370 391 412 434 454 478 500 522 543 550 589 611 634 656 678 701 724 746 768 790 812 836 858 880 902 925 947 970 992 1015
2 25 47 71 94 115 138 161 184 205 229 252 266 297 321 342 346 392 406 433 455 479 501 523 544 566 590 612 633 657 679 702 725 746 769 791 813 837 859 881 903 926 948 970 993 1016
3 26 48 72 95 116 139 162 184 206 230 245 275 298 322 345 371 393 412 435 453 480 502 503 545 567 578 613 635 658 680 703 726 745 770 791 814 838 860 882 902 927 949 971 994 1017
4 27 49 73 96 117 140 163 185 204 226 249 276 299 323 324 369 394 407 431 456 481 503 524 546 568 591 614 636 657 681 704 727 747 771 792 815 837 861 883 904 928 950 972 995 1018
5 28 50 74 97 118 141 164 186 207 230 253 277 300 324 346 372 389 413 429 457 482 504 525 547 569 580 615 637 659 682 705 728 748 767 768 816 839 862 884 905 928 951 973 993 1019
6 29 51 75 97 119 142 161 187 208 231 254 276 301 325 347 363 387 414 435 454 474 505 526 548 570 592 601 638 660 683 706 729 749 772 793 817 840 863 880 906 929 949 974 995 1020
4 30 52 76 92 120 143 165 188 209 232 254 278 292 326 348 373 389 390 436 455 483 502 527 545 571 593 611 639 661 680 707 725 750 768 794 818 841 857 885 907 926 950 966 996 1021
7 29 53 77 95 121 137 163 189 205 233 255 279 302 327 340 374 381 400 436 457 484 500 528 549 572 591 616 640 662 680 708 730 749 773 795 819 841 864 886 908 925 952 974 997 1022
8 31 49 78 93 122 144 166 189 210 230 256 280 303 321 349 360 395 415 437 458 485 505 527 546 573 594 617 641 662 684 700 731 751 774 796 820 835 865 887 905 930 953 975 998 1023
4 32 54 69 98 122 145 167 183 207 234 257 281 304 306 347 371 396 415 438 459 477 479 529 538 567 588 618 642 663 685 701 732 752 775 792 821 838 860 886 909 925 948 969 993 1015
9 25 52 79 99 123 146 160 190 211 235 257 275 305 328 350 366 387 416 438 460 481 502 530 547 574 595 616 643 664 683 709 726 751 776 797 822 826 866 885 910 931 951 976 997 1021
2 33 48 79 100 124 147 168 185 212 231 258 273 294 308 351 352 372 417 436 461 485 506 531 550 575 596 619 644 665 686 710 722 752 777 795 812 842 863 888 911 932 954 973 999 1024
7 28 55 70 101 125 139 169 185 213 235 259 282 306 325 349 365 397 418 436 462 465 501 532 551 566 597 620 645 666 687 711 733 753 773 798 823 843 863 889 912 933 951 977 997 0
10 25 50 78 98 116 148 159 187 214 233 250 274 307 326 352 367 398 418 439 463 486 507 533 552 576 591 621 635 649 688 712 734 754 778 799 824 844 867 889 912 928 952 978 1000 1016
11 34 56 80 102 126 148 162 191 210 229 259 283 308 329 353 375 399 419 438 450 457 467 492 522 570 598 622 635 663 689 713 735 736 771 794 820 844 868 890 913 934 955 979 993 0
11 28 49 81 103 116 149 170 192 215 231 257 268 309 314 348 368 400 420 440 448 469 508 534 552 575 589 623 637 667 690 702 719 755 779 792 825 845 865 891 914 932 956 970 1001 1023
3 32 57 82 103 127 142 159 186 216 236 260 283 297 320 339 365 385 401 436 456 482 493 516 553 577 599 623 636 659 684 714 728 756 780 788 826 846 869 888 911 929 947 973 1002 1014
8 35 58 71 104 126 150 160 193 207 233 247 276 310 322 351 364 397 421 441 464 469 509 535 554 568 600 624 639 668 691 712 732 756 776 800 815 842 864 892 915 935 952 980 1003 0
12 36 52 81 89 122 141 159 194 206 237 261 284 310 327 333 353 376 422 433 465 478 494 536 549 568 596 625 638 660 692 697 730 753 773 801 818 843 862 890 915 936 955 981 994 1022
13 30 59 75 105 128 144 169 181 215 238 258 269 311 322 331 350 385 423 442 457 487 510 523 536 572 576 626 644 665 693 706 724 747 775 792 827 847 870 887 902 937 957 982 994 0
14 29 60 83 94 129 145 165 186 212 239 262 282 303 328 341 370 394 423 442 466 486 494 534 555 578 586 614 633 662 679 691 736 757 772 802 828 844 871 893 911 938 958 969 1000 1015
6 24 61 82 99 130 145 171 181 214 227 263 272 299 321 354 372 400 424 443 467 488 502 523 556 579 598 627 643 668 687 707 737 753 776 800 825 848 864 889 916 936 952 978 993 1008
3 37 62 71 99 128 136 172 191 217 239 264 280 306 323 335 376 398 417 432 460 489 508 537 539 580 597 611 640 666 683 704 724 755 781 803 828 849 872 879 917 929 953 969 1001 1024
15 34 60 81 98 115 147 173 195 213 240 249 280 296 330 355 377 401 421 430 468 490 502 537 552 581 601 625 637 669 693 712 734 758 782 797 813 835 872 894 908 939 958 983 1004 1024
3 36 63 70 104 117 151 166 196 218 229 265 277 312 326 356 378 400 425 442 460 481 497 531 557 582 602 628 643 662 682 685 724 759 772 798 813 841 867 895 904 928 955 984 996 0
16 27 48 82 83 118 152 174 190 219 240 251 285 311 325 333 375 381 398 437 469 491 511 538 544 576 596 610 636 657 679 715 738 759 782 804 829 847 861 885 918 935 959 979 1005 0
17 24 53 71 96 131 146 175 186 203 232 256 284 307 311 347 379 402 411 444 462 492 512 531 544 545 601 625 646 659 690 716 739 760 771 795 830 850 860 894 903 926 952 978 1006 0
12 28 61 73 100 132 151 158 184 208 224 264 285 302 328 344 367 380 385 421 470 492 513 520 558 573 603 629 642 663 686 707 740 761 779 800 825 851 858 889 919 931 958 972 996 0
18 27 51 63 94 133 153 175 182 220 233 260 280 308 331 348 380 403 412 443 458 479 496 533 559 583 604 617 647 670 680 705 740 753 776 804 830 852 868 880 910 937 957 974 1006 0
19 28 64 75 106 115 154 175 189 221 241 262 275 310 323 357 361 390 426 438 439 493 506 533 543 556 600 630 648 671 693 702 732 759 782 805 814 845 873 896 917 937 960 985 1000 1022
10 38 56 84 107 110 141 176 184 220 235 265 286 299 319 347 377 391 409 445 469 483 489 493 560 584 596 617 647 672 694 708 737 762 783 801 812 827 869 891 909 924 938 986 1005 1023
4 29 65 85 106 118 153 177 197 213 238 266 283 305 332 352 378 395 420 441 444 478 510 539 558 566 589 610 635 659 687 717 741 762 764 789 819 835 872 897 920 935 948 984 1007 1019
18 39 59 86 106 129 148 163 198 216 235 267 287 313 333 346 368 402 421 446 460 477 514 529 550 569 594 613 640 660 695 718 735 754 782 805 831 841 859 883 911 940 961 987 1008 1017
3 31 66 86 108 126 138 168 180 213 242 255 288 311 334 336 380 389 427 447 454 494 515 524 556 585 595 623 649 673 694 717 734 763 784 799 816 838 862 888 921 941 954 974 1009 0
4 38 67 74 99 126 147 178 187 218 223 268 279 289 320 358 379 404 423 435 465 471 511 520 541 583 590 594 630 666 677 716 742 761 785 802 826 853 873 884 904 929 951 974 1003 1023
2 40 61 87 101 131 142 162 199 222 233 265 289 303 324 359 362 390 420 434 446 490 510 518 561 578 595 618 643 674 696 714 739 760 776 806 815 849 866 894 918 936 960 988 1010 0
3 34 58 79 96 122 143 177 200 222 243 262 274 302 325 342 368 405 413 424 471 482 496 525 561 584 605 631 645 670 685 706 734 757 772 807 832 851 867 881 905 927 955 974 998 1021
20 33 66 69 105 125 141 162 196 209 244 264 276 307 320 357 381 406 416 424 468 495 514 534 559 582 606 631 650 675 692 715 731 764 784 797 816 847 865 898 916 942 962 972 1001 0
20 35 63 88 107 134 147 157 190 208 232 269 290 303 335 343 371 407 428 443 472 478 501 540 553 569 604 618 649 671 682 719 741 762 786 808 815 838 866 868 922 942 951 952 999 0
8 36 68 85 107 127 136 174 183 212 245 267 279 301 316 331 357 408 418 448 455 488 492 515 546 563 591 614 637 664 689 706 738 759 787 793 826 852 871 895 914 926 947 980 988 0
20 41 54 80 94 124 151 160 188 206 243 250 279 314 324 332 382 409 411 442 466 477 516 532 545 556 593 631 638 651 684 715 743 760 781 796 833 846 869 894 907 926 961 989 1011 0
8 32 59 87 96 118 149 179 184 209 228 250 272 312 330 340 383 403 414 428 473 494 506 541 562 581 606 632 642 666 695 711 744 758 771 796 812 854 874 899 920 931 947 979 1006 0
13 33 49 84 94 119 148 172 194 211 246 255 285 315 330 356 371 397 408 429 471 482 499 519 542 579 593 629 637 656 696 717 727 760 787 799 814 836 875 889 910 943 950 971 998 0
14 42 57 80 101 134 146 176 187 204 240 255 291 310 313 342 348 378 417 449 471 490 514 528 552 562 603 615 627 669 680 709 725 755 775 809 820 851 876 892 912 943 960 970 991 1019
2 32 56 70 109 135 153 174 192 223 243 263 278 313 336 345 369 387 429 430 464 484 486 537 561 573 603 621 646 667 671 720 736 762 780 801 818 852 858 898 915 937 963 979 1008 0
20 24 56 89 95 128 149 164 185 216 240 270 288 316 337 356 373 386 426 438 474 496 511 518 546 586 600 630 634 668 693 704 725 749 768 799 833 841 877 892 916 919 957 976 1004 1017
9 37 60 85 102 116 137 176 194 207 225 258 287 297 312 349 369 380 424 448 452 472 505 524 558 569 571 630 651 656 674 709 735 760 779 804 833 845 856 884 907 934 961 976 995 1014
15 43 51 62 110 121 146 168 183 218 238 262 287 317 324 360 375 386 423 428 469 495 509 523 555 572 593 617 649 675 697 703 733 751 788 806 829 837 851 892 908 940 954 989 1002 1020
15 42 64 69 109 118 142 180 193 220 245 258 274 314 328 358 373 402 422 450 458 497 501 541 553 566 605 614 649 666 684 716 730 753 787 808 823 836 862 895 903 938 964 965 1000 1018
7 35 69 89 102 117 135 171 199 224 246 250 275 295 331 346 384 401 417 451 454 491 517 530 555 574 604 617 646 667 678 714 736 750 769 807 827 835 871 898 923 934 960 972 1010 0
21 41 48 78 96 121 155 173 199 215 242 264 282 310 329 354 373 387 408 434 475 479 503 521 553 579 593 616 645 659 684 721 723 746 777 794 824 841 862 898 924 930 954 982 992 1021
1 44 48 76 106 117 156 179 200 223 236 261 270 300 321 359 380 397 411 449 459 489 495 530 549 576 601 633 652 674 689 719 745 762 785 810 828 840 878 890 918 943 965 978 1003 0
11 39 62 76 111 123 152 177 196 205 246 260 288 293 303 344 347 393 416 418 422 442 506 538 544 585 606 609 615 636 690 713 737 765 788 800 822 847 872 891 908 930 957 971 1007 0
17 36 54 88 111 132 144 163 200 209 247 259 286 305 309 358 362 398 430 451 458 466 504 505 543 566 607 627 652 665 688 703 714 766 777 811 813 849 861 875 905 939 941 986 998 0
21 37 55 72 107 124 156 171 193 218 237 260 281 305 311 361 368 406 429 447 470 473 518 522 552 570 608 632 653 662 678 699 732 747 784 811 829 837 859 900 913 928 966 990 992 0
19 45 57 79 112 130 157 163 180 219 237 264 292 312 331 345 360 379 397 445 474 490 507 530 556 580 609 612 654 655 680 701 736 755 789 796 834 854 877 900 907 934 961 985 1010 0
11 25 57 75 95 129 136 166 193 209 242 251 290 317 338 355 372 384 411 452 465 495 519 527 558 568 605 618 641 647 683 720 735 757 785 811 814 840 875 887 921 944 959 983 1005 0
9 26 69 86 92 133 155 172 195 219 247 252 273 301 324 341 365 399 400 448 470 478 502 524 558 576 595 628 639 675 677 717 737 764 767 790 820 850 873 882 920 929 963 990 1004 0
19 26 56 90 104 120 156 158 201 213 246 258 279 307 335 342 362 403 431 440 467 484 516 529 547 584 610 621 634 664 697 701 737 749 780 793 821 849 865 893 920 941 944 977 1010 1014
7 34 52 78 103 136 140 164 182 221 234 269 285 312 332 358 370 392 427 440 464 495 519 539 545 570 596 628 651 669 696 720 737 748 772 798 831 855 875 880 902 945 964 986 1011 1024
6 35 48 91 105 129 154 176 202 222 228 252 280 304 314 353 356 389 418 444 476 484 520 528 554 570 590 611 651 661 694 704 744 761 766 780 822 849 867 900 906 946 967 980 1012 1016
13 35 47 77 108 116 152 166 182 216 248 253 281 294 328 354 363 390 405 419 430 489 517 522 563 580 599 632 638 672 677 681 733 764 781 791 822 843 869 876 903 930 967 987 997 0
5 38 58 86 91 115 152 171 197 206 231 271 291 306 326 362 385 399 428 434 458 481 511 512 564 574 606 619 652 676 691 700 720 756 768 795 834 856 866 896 904 928 967 980 1013 0
21 38 63 76 90 131 136 168 202 225 247 263 274 295 333 363 382 410 426 453 454 456 457 534 562 578 596 612 629 669 677 711 732 751 783 793 832 852 879 897 915 944 953 975 1009 0
16 38 46 81 96 133 154 161 201 214 244 267 283 303 334 350 386 396 397 451 464 497 514 534 555 571 608 612 654 674 694 722 726 748 781 809 819 839 865 895 908 933 953 984 1009 1017
11 44 54 87 110 113 158 172 202 226 240 266 275 318 334 354 370 404 413 436 458 472 510 535 552 567 602 622 638 646 692 700 734 758 777 787 831 854 863 891 911 937 947 987 1008 0
8 25 67 72 108 130 155 170 194 222 241 269 270 308 313 344 381 409 432 445 456 481 504 529 548 586 594 623 645 663 689 702 730 739 770 794 830 848 867 880 921 927 939 977 999 0
18 37 61 77 109 134 140 165 183 215 241 247 283 318 325 356 377 383 393 411 461 498 507 517 547 585 606 625 641 671 683 715 733 763 785 791 821 844 859 893 918 946 948 969 1013 0
21 43 59 80 103 130 139 174 189 220 244 253 288 296 326 335 384 410 433 444 471 498 505 525 549 575 588 622 640 655 691 706 709 740 789 802 815 836 874 897 917 933 949 982 996 0
13 45 54 71 101 129 156 164 190 224 225 268 293 299 326 357 383 395 412 450 474 492 507 537 557 586 590 627 652 658 682 692 722 754 774 784 824 846 864 886 903 945 964 983 998 0
6 39 66 90 101 133 137 174 203 218 239 250 294 309 339 355 373 392 413 438 445 498 503 536 544 585 608 614 650 652 698 708 717 761 774 804 831 844 879 887 915 926 962 986 992 1018
22 37 50 88 100 125 152 180 202 221 236 256 279 299 322 355 387 396 420 425 468 496 500 523 542 587 598 615 655 661 695 721 744 767 774 805 828 853 878 894 909 936 950 989 1000 1018
16 42 68 74 113 129 157 177 194 217 229 257 286 294 322 336 367 401 431 443 473 491 495 527 562 572 592 597 640 664 678 710 739 764 768 805 827 856 858 898 905 946 965 979 994 0
14 30 63 74 106 127 138 160 185 222 248 272 285 298 327 347 384 404 416 440 450 493 498 537 564 587 593 607 645 665 688 715 731 765 786 807 829 839 877 885 904 932 953 980 991 1014
5 26 65 75 112 123 147 165 199 216 228 255 284 299 309 349 367 375 406 432 459 497 509 539 564 565 599 619 639 658 694 718 733 763 787 790 818 842 852 885 913 927 968 982 1000 1019
1 42 58 77 103 120 141 175 198 224 238 252 289 316 334 355 369 371 398 414 467 485 521 530 565 579 592 627 645 672 699 711 742 756 770 802 830 842 863 895 922 924 962 988 1001 1015
9 40 66 84 93 121 139 179 192 226 241 260 284 316 332 363 372 396 421 450 466 489 491 540 557 580 590 621 631 661 700 719 743 766 789 809 815 847 863 899 902 927 963 977 999 1020
6 42 49 86 102 128 153 158 190 212 241 261 277 296 317 364 379 406 425 434 461 483 521 528 532 573 607 629 632 663 686 703 728 752 754 791 820 857 877 882 920 934 949 988 998 1023
15 31 47 55 112 127 153 179 188 208 244 268 286 304 333 337 370 410 417 439 474 487 503 525 562 579 582 622 633 674 698 707 739 763 767 795 800 848 858 901 910 941 959 973 999 0
21 25 65 81 111 119 137 162 182 219 243 256 272 306 316 343 364 389 404 431 461 493 517 537 558 568 582 622 626 676 699 701 739 757 781 790 810 838 864 896 923 933 961 977 1002 1017
22 27 56 77 92 132 150 171 187 222 230 257 282 296 332 357 376 388 402 451 472 487 519 540 559 585 597 612 639 673 691 710 723 766 774 788 810 850 869 881 906 936 968 975 1013 1019
18 26 46 83 105 115 142 168 188 211 234 259 290 302 316 354 376 395 425 445 463 490 508 534 548 575 608 613 636 673 682 714 716 767 772 799 819 844 872 878 892 944 956 982 1014 0
15 30 67 73 113 114 150 164 201 212 237 265 291 309 321 365 371 387 419 444 455 491 511 533 550 571 605 623 642 657 689 718 729 756 773 803 834 854 868 886 924 936 962 989 993 0
17 34 65 77 105 117 145 172 192 225 242 267 292 319 339 344 361 399 403 449 470 477 480 501 547 583 599 624 644 660 699 705 731 754 778 801 820 839 871 886 901 918 967 987 1007 0
18 31 54 82 100 131 149 161 197 204 237 269 278 300 329 364 384 388 418 452 468 497 512 536 560 572 609 631 652 677 681 705 723 763 770 803 812 843 866 880 893 938 960 971 1005 0
19 40 58 83 113 119 159 166 203 215 244 270 273 278 340 346 358 407 412 447 449 488 499 532 539 582 598 631 642 669 691 707 723 746 783 791 822 853 870 883 923 939 949 988 1014 0
2 43 46 74 98 108 143 176 196 208 226 245 282 305 339 340 364 411 426 437 467 486 521 542 559 572 601 621 653 667 690 722 741 757 769 801 831 834 868 894 913 925 969 985 1005 0
12 27 66 87 104 115 146 165 200 217 227 267 281 314 337 345 365 391 415 452 457 499 520 521 548 575 587 630 651 674 698 708 734 754 786 798 835 855 878 890 911 945 949 972 1003 0
23 31 65 88 99 120 142 169 203 205 240 261 287 308 341 357 382 391 432 444 464 473 513 523 546 578 607 613 648 659 685 700 725 747 755 792 821 824 874 887 905 923 968 991 1003 1020
1 32 68 88 112 124 138 178 196 214 241 254 291 295 328 353 388 395 413 446 469 499 520 535 545 551 594 626 640 671 696 722 731 758 788 792 817 851 874 888 913 944 966 990 1011 0
14 44 61 67 102 122 136 173 198 219 232 260 276 314 336 340 386 388 425 439 463 480 516 531 557 587 598 620 650 656 679 709 728 751 762 811 817 838 873 888 914 933 957 985 1013 1022
5 32 51 79 93 117 155 176 193 227 239 259 285 307 334 343 382 393 420 433 476 487 520 528 549 563 581 620 644 648 688 704 745 748 778 794 817 845 876 901 922 931 940 975 1001 1019
19 44 51 78 114 135 152 178 181 209 245 255 283 304 319 341 376 410 421 445 460 482 509 518 560 586 594 597 655 657 686 690 727 752 786 808 818 852 876 893 916 929 965 986 1011 1020
17 40 55 90 92 118 157 170 198 205 234 262 291 318 320 351 380 384 430 435 460 485 504 539 542 568 609 624 648 663 688 703 721 758 786 809 821 827 833 898 916 931 967 977 1002 1018
8 37 64 76 112 119 151 181 192 204 235 266 271 307 327 338 386 401 419 443 476 484 521 529 561 578 602 626 653 658 682 702 710 761 783 803 814 829 857 896 916 941 947 971 992 1020
4 39 47 72 93 131 150 180 200 224 231 272 290 318 319 353 374 386 408 435 468 486 506 532 565 580 583 627 642 669 684 704 744 755 776 800 804 843 870 881 909 942 958 991 1010 0
22 41 58 89 108 111 147 174 186 204 234 254 287 315 321 366 374 403 415 439 450 470 510 526 563 567 597 628 650 672 694 720 736 747 789 796 825 855 876 879 910 946 960 981 992 0
9 44 53 73 103 125 154 165 191 218 242 248 286 313 330 364 382 395 422 451 474 488 500 522 544 567 569 611 644 676 688 712 738 750 778 806 832 848 857 886 912 932 955 990 1002 1015
15 24 50 85 101 124 154 166 184 223 246 269 292 318 327 341 366 399 428 441 475 496 508 524 564 588 592 629 649 661 681 701 714 766 770 797 823 850 875 901 923 932 958 959 987 0
22 44 47 90 99 124 148 167 197 215 228 265 288 302 317 343 345 394 401 437 462 499 504 526 559 571 606 624 641 670 692 713 727 759 774 801 809 839 860 882 912 930 957 980 1009 1015
22 45 52 84 113 116 144 175 191 208 243 267 295 300 341 351 378 381 426 434 476 498 512 524 541 576 599 608 638 676 679 687 738 758 784 794 821 837 871 890 919 939 956 986 1004 0
17 39 64 79 107 125 140 179 201 210 238 253 295 297 315 367 376 400 412 440 463 475 513 526 554 586 602 615 618 670 687 715 727 742 773 798 832 837 875 881 907 921 948 983 1005 0
7 43 68 83 104 133 144 179 180 216 232 266 289 298 323 344 382 399 424 429 461 498 515 533 560 574 608 618 655 671 692 706 723 753 782 810 816 825 861 892 918 940 963 973 1012 1023
6 38 68 92 114 134 151 163 199 210 248 258 293 300 337 361 366 409 433 447 462 464 468 538 550 569 603 621 635 647 685 705 732 744 757 779 817 850 868 869 913 943 969 981 1006 0
1 45 62 73 98 134 155 169 188 221 229 253 284 298 319 362 368 404 427 452 472 484 513 533 555 577 589 613 639 650 664 722 729 767 785 809 813 848 857 887 915 943 956 959 1012 1016
10 41 53 87 109 123 156 178 194 221 238 259 271 296 339 363 389 394 417 448 467 491 513 525 555 584 590 600 637 654 700 702 742 752 770 807 831 836 861 891 907 931 942 984 997 0
13 23 51 85 98 123 140 171 189 217 236 252 278 290 333 351 379 409 413 440 466 480 500 532 547 561 603 620 628 656 675 713 729 763 789 805 834 842 874 884 909 938 964 983 1008 0
18 33 52 85 93 128 151 157 195 203 242 263 281 298 342 359 375 394 414 439 473 482 515 531 548 554 603 620 634 655 667 705 708 765 788 810 825 853 878 884 908 939 962 988 997 1016
9 43 49 88 95 126 141 173 201 217 228 263 271 318 331 352 390 402 431 449 470 497 501 538 550 583 599 626 653 672 693 698 729 756 784 806 819 853 871 881 917 942 948 981 1004 1011
10 45 55 86 94 131 140 173 192 227 230 254 294 302 335 350 375 407 422 441 455 486 508 527 543 577 588 625 650 676 697 721 731 744 745 803 826 847 857 877 895 923 966 973 995 1022
12 41 46 75 110 127 139 167 190 205 239 249 292 300 336 352 356 358 419 424 446 488 504 536 554 562 607 624 654 670 690 699 733 747 778 795 827 851 859 865 924 945 965 990 1011 0
20 43 57 76 109 132 137 170 191 213 227 265 284 304 322 346 361 405 408 414 463 481 511 542 554 573 604 625 654 656 686 711 726 751 785 810 819 850 855 893 906 942 958 991 1001 0
12 35 62 65 97 109 148 181 189 212 226 270 286 312 320 348 355 388 433 453 459 475 512 540 553 571 592 595 610 620 698 720 735 743 771 790 828 853 874 899 900 944 954 987 1009 0
12 42 59 83 91 123 138 172 183 201 230 268 276 308 338 359 374 405 410 451 462 493 510 531 551 581 600 632 651 664 695 721 742 750 769 778 814 848 870 882 919 930 963 970 996 0
5 33 53 81 108 127 145 169 187 217 247 251 275 293 329 360 369 392 425 453 475 476 518 526 543 583 584 632 647 661 678 718 740 745 780 802 833 849 877 890 920 922 964 982 1012 0
20 28 60 72 111 120 153 167 202 211 229 251 291 301 327 339 359 402 415 447 454 496 507 527 557 560 588 612 644 668 681 711 742 764 769 790 830 856 879 889 906 945 951 991 994 0
14 26 55 91 100 135 143 164 203 214 249 257 289 297 343 363 381 408 415 442 471 490 500 535 564 577 585 615 647 667 689 710 724 741 775 803 826 846 854 883 903 933 963 971 981 985
19 30 68 71 100 121 145 162 195 223 250 271 290 315 334 368 378 391 422 437 456 499 505 540 551 584 604 628 643 673 679 717 743 760 779 808 816 843 858 883 917 934 967 990 1009 0
16 31 53 89 105 130 150 173 182 226 239 273 274 297 338 362 378 383 429 435 459 477 483 530 551 573 587 630 634 665 697 713 724 752 779 808 817 855 878 883 921 935 950 979 1006 1021
7 23 67 87 111 112 159 160 195 210 231 262 277 311 335 369 373 396 410 443 462 489 518 519 559 581 601 613 636 660 683 707 741 750 769 798 828 854 859 896 921 925 956 978 1012 0
14 33 62 78 92 130 149 167 193 206 236 266 277 295 325 350 374 391 430 431 465 492 503 540 565 577 602 626 635 666 673 708 743 759 777 805 806 846 861 900 912 932 965 989 1012 1022
22 29 59 70 107 122 146 178 195 224 248 270 292 309 323 329 372 393 427 447 463 483 506 516 535 567 589 610 633 675 696 719 726 761 781 811 812 835 856 899 910 943 966 976 1007 0
16 45 61 80 114 120 159 170 196 223 235 256 281 317 323 330 374 392 423 449 453 472 509 525 556 564 592 616 646 665 670 709 728 746 782 793 823 839 870 901 919 946 968 983 995 1007
21 24 67 84 106 125 157 161 188 207 245 249 273 293 317 353 385 398 403 405 427 494 517 526 561 588 604 616 646 657 698 723 740 749 775 796 832 845 866 882 922 940 968 984 995 1021
23 40 50 72 102 134 144 178 197 220 249 264 294 315 338 365 370 409 414 426 455 487 509 541 549 570 591 610 623 675 696 716 718 748 773 797 824 832 876 897 909 938 968 989 1004 1024
13 34 46 82 97 135 138 170 202 220 232 261 273 306 337 360 367 393 394 441 461 485 514 541 557 587 605 611 643 658 687 721 729 749 786 799 829 856 879 896 919 941 956 975 1002 1017
11 40 63 69 91 132 156 161 181 211 243 253 287 310 337 352 377 404 419 432 437 480 515 528 551 577 607 619 641 668 678 719 727 748 783 802 818 830 864 899 914 946 959 976 1008 0
23 41 64 82 113 132 143 168 198 207 246 248 280 301 319 345 350 383 392 420 465 488 512 522 553 582 591 616 633 676 677 712 743 765 783 807 823 845 862 900 914 925 955 975 994 0
10 30 66 70 95 119 154 167 186 210 225 261 289 305 342 351 354 388 428 432 477 479 517 535 546 581 598 609 648 673 681 703 738 740 787 797 824 855 860 891 924 940 966 985 1010 0
17 27 57 89 97 121 143 158 197 221 244 252 272 293 336 349 359 377 423 446 466 478 507 508 563 574 605 614 653 658 685 686 735 766 777 808 816 840 873 888 922 935 950 984 1013 1016
5 36 47 80 110 135 149 177 198 211 233 254 282 298 338 361 379 396 427 452 456 483 513 538 560 574 600 619 634 641 693 710 728 746 775 807 834 840 870 897 914 917 954 978 1007 1018
1 23 60 84 97 133 150 177 185 206 227 256 268 313 329 340 366 390 406 441 475 487 515 529 543 575 602 629 654 660 697 712 738 765 780 804 813 842 873 885 902 927 962 976 996 0
10 36 60 74 91 114 158 169 191 219 236 263 288 315 332 348 383 407 416 446 473 479 485 536 548 565 609 617 648 668 695 718 725 726 730 811 822 846 867 899 901 937 953 972 999 1006
2 29 64 90 110 126 155 182 200 214 237 251 277 304 330 349 366 385 407 448 459 480 514 542 563 579 595 624 653 672 695 716 741 750 765 793 823 836 872 884 904 935 964 970 1003 1024
16 39 50 73 104 128 139 175 199 225 234 271 278 301 343 360 377 405 416 453 476 494 516 519 565 566 589 619 622 662 699 713 730 745 771 806 833 840 860 897 906 945 961 981 1013 0
