1024 320
6 20
6 6 6 6 6 6 6 6 6 6 6 6 6 6 6 6 6 6 6 6 6 6 6 6 6 6 6 6 6 6 6 6 6 6 6 6 6 6 6 6 6 6 6 6 6 6 6 6 6 6 6 6 6 6 6 6 6 6 6 6 6 6 6 6 6 6 6 6 6 6 6 6 6 6 6 6 6 6 6 6 6 6 6 6 6 6 6 6 6 6 6 6 6 6 6 6 6 6 6 6 6 6 6 6 6 6 6 6 6 6 6 6 6 6 6 6 6 6 6 6 6 6 6 6 6 6 6 6 6 6 6 6 6 6 6 6 6 6 6 6 6 6 6 6 6 6 6 6 6 6 6 6 6 6 6 6 6 6 6 6 6 6 6 6 6 6 6 6 6 6 6 6 6 6 6 6 6 6 6 6 6 6 6 6 6 6 6 6 6 6 6 6 6 6 6 6 6 6 6 6 6 6 6 6 6 6 6 6 6 6 6 6 6 6 6 6 6 6 6 6 6 6 6 6 6 6 6 6 6 6 6 6 6 6 6 6 6 6 6 6 6 6 6 6 6 6 6 6 6 6 6 6 6 6 6 6 6 6 6 6 6 6 6 6 6 6 6 6 6 6 6 6 6 6 6 6 6 6 6 6 6 6 6 6 6 6 6 6 6 6 6 6 6 6 6 6 6 6 6 6 6 6 6 6 6 6 6 6 6 6 6 6 6 6 6 6 6 6 6 6 6 6 6 6 6 6 6 6 6 6 6 6 6 6 6 6 6 6 6 6 6 6 6 6 6 6 6 6 6 6 6 6 6 6 6 6 6 6 6 6 6 6 6 6 6 6 6 6 6 6 6 6 6 6 6 6 6 6 6 6 6 6 6 6 6 6 6 6 6 6 6 6 6 6 6 6 6 6 6 6 6 6 6 6 6 6 6 6 6 6 6 6 6 6 6 6 6 6 6 6 6 6 6 6 6 6 6 6 6 6 6 6 6 6 6 6 6 6 6 6 6 6 6 6 6 6 6 6 6 6 6 6 6 6 6 6 6 6 6 6 6 6 6 6 6 6 6 6 6 6 6 6 6 6 6 6 6 6 6 6 6 6 6 6 6 6 6 6 6 6 6 6 6 6 6 6 6 6 6 6 6 6 6 6 6 6 6 6 6 6 6 6 6 6 6 6 6 6 6 6 6 6 6 6 6 6 6 6 6 6 6 6 6 6 6 6 6 6 6 6 6 6 6 6 6 6 6 6 6 6 6 6 6 6 6 6 6 6 6 6 6 6 6 6 6 6 6 6 6 6 6 6 6 6 6 6 6 6 6 6 6 6 6 6 6 6 6 6 6 6 6 6 6 6 6 6 6 6 6 6 6 6 6 6 6 6 6 6 6 6 6 6 6 6 6 6 6 6 6 6 6 6 6 6 6 6 6 6 6 6 6 6 6 6 6 6 6 6 6 6 6 6 6 6 6 6 6 6 6 6 6 6 6 6 6 6 6 6 6 6 6 6 6 6 6 6 6 6 6 6 6 6 6 6 6 6 6 6 6 6 6 6 6 6 6 6 6 6 6 6 6 6 6 6 6 6 6 6 6 6 6 6 6 6 6 6 6 6 6 6 6 6 6 6 6 6 6 6 6 6 6 6 6 6 6 6 6 6 6 6 6 6 6 6 6 6 6 6 6 6 6 6 6 6 6 6 6 6 6 6 6 6 6 6 6 6 6 6 6 6 6 6 6 6 6 6 6 6 6 6 6 6 6 6 6 6 6 6 6 6 6 6 6 6 6 6 6 6 6 6 6 6 6 6 6 6 6 6 6 6 6 6 6 6 6 6 6 6 6 6 6 6 6 6 6 6 6 6 6 6 6 6 6 6 6 6 6 6 6 6 6 6 6 6 6 6 6 6 6 6 6 6 6 6 6 6 6 6 6 6 6 6 6 6 6 6 6 6 6 6 6 6 6 6 6 6 6 6 6 6 6 6 6 6 6 6 6 6 6 6 6 6 6 6 6 6 6 6 6 6 6 6 6 6 6 6 6 6 6 6 6 6 6 6 6 6 6 6 6 6 6 6 6 6 6 6 6 6 6 6 6 6 6 6 6 6 6 6 6 6 6 6 6 6 6 6 6 6 6 6 6 6 6 6 6 6 6 6 6 6 6 6 6 6 6 6 6 6 6 6 6 6 6 6 6 6 6 6 6 6 6 6 6 6 6 6 6 6 6 6 6 6 6 6 6 6 6 6 6 6 6 6 6 6 6 6 6 6 6 6 6 6 6 6 6 6 6 6 6 6 6 6 6 6 6 6 6 6 6 6 6 6 6 6
20 20 20 20 20 20 20 20 20 19 19 19 19 20 19 20 19 19 19 19 19 19 19 20 19 19 19 19 19 19 19 19 20 19 19 19 19 19 19 19 20 19 20 19 19 20 19 19 19 19 19 19 19 19 19 19 19 20 19 19 19 20 19 20 19 19 19 19 19 19 19 19 20 20 19 19 19 19 19 19 20 19 19 20 19 19 19 20 19 19 19 19 19 19 20 19 19 19 19 19 19 19 19 20 19 20 19 19 20 19 19 20 19 20 19 19 20 19 19 19 19 19 19 19 19 19 20 19 19 19 19 20 19 19 19 19 19 20 19 19 19 19 19 19 20 20 19 19 19 19 19 19 19 19 20 20 19 19 19 19 19 19 19 19 19 19 19 19 19 19 19 20 20 19 20 19 20 19 19 20 19 19 19 19 19 20 19 19 19 19 19 19 19 19 19 20 19 20 19 19 19 19 20 19 19 19 19 20 19 19 19 19 19 19 19 19 19 19 19 19 19 20 20 19 19 19 20 19 19 19 19 19 19 19 19 19 20 19 19 19 19 19 19 19 19 20 19 19 20 19 19 19 19 19 19 19 19 20 20 19 19 19 19 19 19 19 19 19 19 19 19 20 20 19 20 19 20 19 19 19 19 19 19 19 19 20 19 19 19 19 19 19 20 19 20 19 19 19 19 19 19 19 19 19 19 20 19 19 19 19 19 19 19 19 19 19 19 19 19 19
1 123 180 214 248 313
2 27 84 108 206 316
3 35 51 55 76 82
4 10 18 69 71 222
5 139 172 210 271 311
6 43 135 160 175 241
7 15 103 132 235 281
8 26 75 80 146 216
9 93 121 164 217 245
11 58 234 244 304 314
12 16 101 115 141 305
13 41 195 251 260 261
14 73 122 145 250 302
17 66 152 203 268 282
19 79 83 155 174 219
20 120 149 273 286 317
21 95 179 213 247 318
22 32 125 178 184 254
23 105 112 182 204 265
24 28 45 50 227 242
25 46 54 85 94 274
29 34 128 147 185 200
30 263 279 292 307 309
31 91 97 136 243 297
33 61 63 158 171 201
36 138 150 169 187 276
37 47 87 99 127 239
38 114 193 232 283 298
39 57 81 131 177 181
40 116 162 228 288 291
42 56 70 78 259 308
44 65 68 106 111 173
48 100 148 161 229 295
49 205 233 266 296 320
52 62 130 167 192 287
53 77 191 249 252 275
59 104 144 264 303 306
60 86 107 198 202 285
64 96 110 196 237 240
67 92 119 238 299 315
72 117 118 129 133 300
74 113 142 278 289 312
88 151 194 212 236 269
89 134 170 211 225 262
90 102 143 157 215 221
98 153 159 253 293 294
109 126 189 199 255 310
124 140 163 168 183 188
137 165 190 197 284 301
154 186 207 209 224 257
156 166 223 226 231 272
176 208 258 270 277 319
218 230 246 256 267 290
73 138 220 260 266 280
1 34 103 206 303 314
2 74 124 133 239 287
3 42 111 118 158 253
4 135 218 305 311 315
5 185 243 254 258 276
6 194 216 225 229 309
7 38 66 126 149 202
8 9 45 83 143 284
10 23 25 156 179 228
11 50 177 209 240 249
12 63 191 198 250 307
13 37 55 166 245 310
14 142 165 213 298 304
15 98 105 134 163 296
16 79 110 187 265 313
17 22 40 65 88 131
18 62 120 220 221 269
19 54 144 230 300 302
20 31 175 257 272 308
21 48 115 157 268 319
24 104 195 270 294 299
26 76 107 188 200 224
27 53 56 100 251 283
28 68 141 231 312 320
29 129 160 162 197 205
30 36 67 127 244 259
32 130 170 207 217 290
33 199 236 264 278 297
35 139 212 219 275 281
39 123 168 255 263 271
41 58 61 80 125 204
43 81 93 113 208 274
44 71 121 196 295 306
46 47 137 161 248 273
49 64 85 114 184 292
51 116 145 211 214 277
52 159 174 234 241 285
57 92 147 192 201 247
59 60 89 172 190 223
69 70 86 178 180 289
72 102 136 238 252 262
75 132 176 226 237 267
77 99 128 246 282 293
78 167 182 203 210 242
82 97 112 279 301 316
84 119 122 173 186 189
87 90 154 171 232 288
91 106 183 256 261 318
94 101 108 146 153 280
95 117 151 169 227 285
96 140 152 175 201 280
109 148 155 193 220 291
116 150 164 222 235 317
181 198 206 215 233 256
104 128 186 213 286 309
1 28 136 176 193 311
2 22 26 46 135 232
3 11 16 32 147 149
4 34 138 177 301 319
5 9 63 67 159 273
6 13 54 103 124 238
7 30 113 155 205 248
8 25 31 99 145 271
10 88 140 141 244 267
12 167 197 258 303 310
14 98 131 166 210 316
15 40 243 259 295 313
17 146 148 257 296 300
18 61 83 84 89 115
19 93 101 126 178 272
20 142 192 219 227 229
21 112 184 200 235 315
23 39 74 76 191 225
24 43 44 168 226 288
27 58 203 231 236 277
29 102 209 239 283 318
33 47 53 169 196 218
35 95 105 119 144 263
36 72 106 125 212 293
37 69 139 152 187 279
38 78 82 174 179 299
41 45 48 77 123 228
42 57 85 221 312 314
49 52 71 81 87 297
50 92 94 202 251 269
51 96 165 182 215 254
55 59 70 162 252 290
56 65 80 164 190 241
60 194 208 255 265 317
62 75 154 161 253 320
64 90 133 172 216 250
66 121 160 262 270 278
68 110 130 185 260 284
73 97 132 180 287 306
79 127 158 188 233 286
86 173 274 282 291 304
91 153 157 204 298 307
32 100 129 171 214 237
107 150 275 292 295 302
108 162 183 234 242 276
109 117 170 240 281 289
111 120 163 223 230 319
114 151 211 245 305 308
118 134 137 189 222 268
122 143 156 160 249 261
89 152 181 199 224 294
136 195 207 216 222 247
46 217 236 249 263 266
133 220 245 246 264 265
1 56 62 66 112 276
2 120 141 165 207 293
3 18 99 132 241 307
4 9 109 203 213 252
5 17 70 95 206 225
6 111 224 244 254 266
7 14 48 69 151 188
8 100 106 113 167 315
10 73 171 258 308 309
11 153 226 262 284 302
12 27 36 81 163 180
13 39 64 83 86 257
15 52 143 277 280 286
16 53 116 172 175 289
19 44 57 60 214 298
20 59 239 253 274 313
21 173 237 259 264 271
22 37 91 104 205 240
23 24 33 221 281 282
25 29 65 218 229 294
26 92 118 123 182 290
28 40 93 124 147 279
30 75 179 251 297 317
31 35 121 234 248 283
34 80 87 98 219 255
38 110 145 212 223 314
41 67 107 108 177 278
42 71 126 176 191 260
43 51 115 117 128 251
45 54 138 186 198 211
47 125 156 208 242 296
49 63 135 144 187 304
50 72 155 190 200 267
55 85 154 194 243 268
58 74 104 150 215 305
61 137 139 209 230 291
68 150 178 238 246 316
76 84 130 273 300 318
77 114 119 129 181 231
78 103 107 157 201 320
79 146 189 217 288 311
82 140 161 164 185 250
88 122 204 247 289 303
30 77 90 101 134 192
94 127 170 210 306 319
96 131 149 195 275 287
46 97 158 172 227 310
102 148 168 169 184 303
105 174 196 224 261 312
84 136 142 202 228 266
159 232 233 269 272 301
146 166 214 256 292 299
183 186 192 193 235 236
74 145 152 197 217 285
35 62 64 127 199 228
40 182 219 250 270 318
1 22 67 89 149 282
2 31 60 259 260 276
3 58 95 108 196 255
4 66 153 248 254 264
5 34 57 115 156 265
6 50 83 98 114 130
7 55 141 174 177 178
8 191 222 269 286 313
9 94 169 176 180 181
10 24 76 159 173 275
11 13 27 106 193 306
12 17 200 231 234 295
14 42 124 240 273 288
15 37 48 61 68 216
16 33 39 43 161 213
18 53 166 185 215 274
19 99 204 218 258 320
20 21 71 93 132 197
23 59 100 126 138 194
25 28 51 70 90 202
26 142 238 253 277 279
29 86 91 105 158 226
32 97 203 256 291 312
36 157 208 225 272 291
38 80 120 199 235 252
41 140 167 232 257 281
44 122 125 139 179 233
45 88 187 239 246 292
47 96 109 144 147 308
49 102 112 129 190 247
52 92 184 218 262 263
54 69 237 285 293 301
56 101 168 209 212 221
63 131 165 206 283 290
65 117 154 280 284 305
62 72 134 198 271 316
73 123 134 162 299 311
75 160 163 195 210 298
78 87 89 148 249 287
79 81 85 278 300 307
57 82 151 189 294 297
103 121 220 227 244 315
110 118 175 205 229 243
111 128 143 155 211 241
34 113 171 207 245 302
2 116 183 201 296 309
119 137 170 261 314 317
69 133 135 223 242 310
164 188 202 230 268 270
79 181 225 267 304 310
1 24 30 141 272 318
3 45 124 167 217 274
4 49 201 212 250 288
5 13 76 129 283 294
6 97 101 235 258 293
7 74 102 173 261 320
8 19 64 95 176 233
9 40 87 118 183 220
10 70 80 198 203 240
11 113 132 133 162 179
12 47 48 108 136 246
14 29 149 182 208 214
15 25 32 86 127 187
16 52 107 138 206 232
17 61 82 256 266 306
18 36 65 75 77 290
20 33 90 122 243 245
21 27 104 125 158 289
22 35 177 222 285 309
23 37 43 192 300 304
26 31 66 191 255 316
28 39 109 204 302 314
38 115 151 175 248 253
41 131 205 226 242 279
42 135 188 219 254 319
44 55 128 144 257 297
46 68 71 140 265 299
50 120 150 189 236 262
51 137 168 239 298 315
53 57 67 73 174 230
54 126 180 292 311 317
56 96 139 142 160 224
58 72 154 160 185 273
59 63 88 117 207 249
60 119 161 184 251 281
78 94 129 263 286 303
81 116 152 244 271 284
83 93 171 259 267 268
84 121 159 170 194 308
85 106 123 130 147 252
91 114 165 169 269 296
92 163 166 200 264 270
98 103 164 186 197 276
99 153 195 228 229 236
100 145 260 275 301 307
4 105 146 247 277 287
110 157 172 213 238 295
111 193 196 215 227 278
112 211 237 273 280 312
143 148 190 199 216 282
33 155 178 210 223 313
156 158 209 234 238 305
116 144 221 231 237 241
1 20 49 61 133 207
2 12 79 157 203 249
3 164 193 218 219 264
5 21 40 50 151 284
6 93 119 138 149 316
7 130 194 200 272 294
8 56 115 231 254 262
9 29 153 198 241 310
10 89 96 108 118 184
11 26 169 186 210 248
13 87 104 120 214 250
14 31 47 206 263 301
15 36 76 124 177 192
16 80 111 134 159 171
17 18 19 30 121 242
22 132 136 227 280 288
23 77 187 235 256 284
24 52 64 215 289 290
25 27 107 183 199 253
28 63 190 255 257 295
32 145 191 246 251 258
34 70 135 216 244 291
35 68 78 123 223 267
37 168 178 269 299 317
38 106 188 277 300 309
39 166 170 179 189 293
41 59 266 271 282 292
42 95 185 281 296 304
43 48 83 94 150 205
44 62 180 232 305 314
45 154 175 283 306 307
46 69 98 128 156 245
51 66 71 86 204 209
53 60 82 139 176 197
54 84 113 146 182 195
55 75 131 142 147 208
58 122 148 152 165 202
65 126 217 268 278 302
67 143 212 222 229 320
72 73 74 100 240 319
81 103 109 110 259 261
85 163 226 228 234 303
88 97 224 265 274 315
90 92 117 260 298 308
91 161 167 196 221 275
99 112 140 213 285 313
101 127 155 173 181 243
93 102 141 162 201 233
105 125 175 239 270 286
114 230 279 287 297 311
137 172 174 247 252 276
38 83 139 211 220 318
13 46 84 225 312 315
1 17 32 110 188 222
2 41 151 186 256 303
3 103 169 216 221 295
4 60 134 206 236 310
5 37 44 157 194 289
6 179 183 215 313 319
7 27 91 233 241 278
8 142 195 244 264 268
9 51 92 171 228 320
10 54 107 166 217 276
11 78 86 112 229 318
12 122 170 208 279 286
14 71 199 200 287 314
15 53 69 81 96 269
16 88 242 299 302 312
18 55 155 159 261 309
15 19 146 253 275 305
20 50 76 108 176 211
21 47 149 226 232 311
22 94 118 163 201 307
23 130 160 177 180 259
24 197 220 230 262 273
25 73 116 119 212 225
26 33 148 212 237 292
28 154 184 210 249 301
29 40 101 257 274 306
30 42 96 99 114 316
31 49 67 111 131 138
34 64 141 189 218 239
35 125 153 161 191 227
36 59 132 198 209 245
39 45 164 203 254 280
43 67 68 234 252 255
48 75 159 248 265 282
52 172 205 231 260 291
56 61 79 123 185 196
57 66 74 106 143 271
54 58 137 158 224 308
62 65 100 152 223 297
63 120 168 182 193 277
70 105 161 173 187 207
72 87 115 247 285 294
77 109 133 190 270 296
80 124 150 162 213 243
82 121 126 240 258 263
85 135 139 214 266 267
89 90 106 156 204 304
81 95 178 250 293 298
97 174 181 246 272 300
98 113 129 136 144 192
46 102 104 117 127 288
128 145 165 219 238 259
140 147 202 262 283 317
134 147 167 235 251 290
53 63 155 239 245 281
1 57 76 77 169 208
2 5 29 66 142 315
3 98 143 258 272 278
4 21 58 62 193 205
6 57 72 95 123 306
7 23 223 232 295 296
8 69 117 175 267 287
9 100 225 255 264 302
10 55 83 111 172 273
11 12 24 75 91 309
13 153 156 187 188 289
14 59 171 218 261 275
16 26 68 93 214 240
17 47 80 115 228 276
18 118 204 238 250 317
19 70 97 107 113 307
20 25 56 150 184 203
22 110 122 166 197 236
27 65 89 168 186 222
28 164 209 215 216 271
30 38 130 178 288 320
31 42 152 213 237 303
32 73 102 108 194 314
33 92 109 173 226 248
34 94 217 246 279 283
35 138 157 167 286 292
36 105 140 189 242 308
37 86 235 243 260 319
39 71 112 249 268 274
40 43 144 179 269 316
41 44 64 229 253 304
45 125 129 282 297 299
48 51 133 185 247 311
49 82 192 199 290 293
50 101 103 165 233 263
52 126 154 177 245 270
60 136 182 244 305 312
61 78 145 170 195 254
74 210 231 252 281 310
79 104 198 207 234 284
84 85 158 181 190 313
87 119 141 227 277 298
88 162 200 241 318 319
90 116 131 135 146 301
99 120 160 176 256 257
114 132 148 191 201 285
121 124 219 247 291 300
127 128 174 180 197 294
137 149 206 251 265 266
151 163 196 202 280 290
122 183 211 221 224 230
88 100 169 199 202 220
1 29 146 228 250 261
2 3 243 262 291 298
4 39 48 79 87 194
5 14 38 52 132 204
6 180 184 211 219 223
7 94 179 186 196 220
8 35 171 240 266 293
9 21 60 90 128 224
10 13 34 131 284 320
11 56 144 166 242 287
12 65 72 84 151 193
15 28 58 129 155 226
16 106 126 254 295 297
17 149 170 183 185 239
18 117 136 198 279 304
19 20 41 63 110 115
22 36 134 214 275 289
23 89 121 260 273 309
24 49 143 163 259 305
25 92 98 101 285 317
26 32 71 74 164 205
27 124 216 267 296 312
30 81 102 232 277 308
31 53 75 181 209 270
33 54 118 139 215 225
37 95 141 283 303 315
40 78 83 159 235 302
42 43 137 147 278 311
44 113 138 241 246 269
45 64 82 109 200 210
46 133 234 257 301 313
47 217 230 244 280 310
50 142 161 231 271 294
51 120 125 135 203 248
55 105 160 218 255 281
59 66 108 123 157 237
61 70 91 263 264 282
62 68 107 162 174 227
67 140 150 207 274 288
69 119 172 221 233 300
73 80 152 154 251 292
76 116 182 187 206 299
77 156 176 222 307 314
85 93 99 173 276 306
86 97 168 175 189 191
96 178 252 256 258 286
103 114 188 212 249 318
104 111 148 167 236 268
112 165 195 201 208 253
127 177 190 229 238 302
130 145 153 158 213 265
32 161 192 239 272 316
1 31 37 148 170 284
2 63 240 268 286 305
3 56 131 134 188 313
4 172 184 199 230 306
5 42 80 183 214 263
6 48 58 96 243 318
7 100 201 226 227 304
8 65 76 204 259 316
9 35 52 124 186 311
10 29 45 75 104 285
11 68 128 232 258 307
12 53 61 212 271 315
13 36 94 139 145 167
14 118 125 138 217 219
15 21 30 97 133 140
16 122 185 248 266 308
17 78 202 205 273 274
18 74 107 194 254 296
19 38 59 77 269 291
20 44 46 86 147 171
22 23 98 102 151 310
24 130 236 244 251 276
25 40 64 169 195 319
26 141 144 153 193 234
27 54 79 101 175 314
28 87 111 168 177 252
33 51 123 190 293 300
34 89 117 187 196 209
39 85 136 160 237 287
41 69 83 127 164 247
43 174 222 256 264 279
47 105 114 155 289 295
49 60 113 189 221 309
50 57 88 112 121 158
55 92 99 198 253 312
62 135 191 206 238 294
66 93 215 246 249 320
67 106 162 163 235 301
70 73 84 192 218 231
71 143 210 225 250 292
72 146 149 178 224 245
81 119 126 132 156 229
82 180 182 220 272 288
90 137 152 241 257 270
91 108 166 181 213 262
95 159 197 203 260 317
103 129 179 207 208 278
109 157 211 267 283 297
110 120 142 200 233 282
115 154 242 275 277 290
116 173 176 223 255 280
150 216 228 281 298 299
39 61 165 261 265 303
1 64 138 178 263 265
2 16 92 189 220 250
3 90 112 222 259 300
4 30 73 208 246 273
5 245 252 261 304 319
6 82 86 169 205 217
7 50 145 148 156 317
8 20 74 128 137 201
9 19 47 62 173 210
10 27 77 78 127 132
11 49 89 126 151 315
12 140 190 215 272 292
13 70 164 176 229 301
14 21 108 130 150 309
15 113 141 168 172 279
17 38 51 72 105 227
18 114 153 196 199 233
22 187 241 290 316 320
23 71 95 135 163 198
24 68 166 225 254 257
25 88 160 193 206 293
26 45 102 174 192 266
28 57 197 207 211 248
29 36 48 171 277 297
31 33 98 107 184 274
32 154 157 182 247 271
34 67 267 280 294 298
35 159 262 268 295 299
37 54 75 93 136 218
40 60 76 79 167 213
41 91 133 238 289 306
42 161 177 179 235 286
43 87 121 123 149 155
44 58 59 195 230 258
46 63 80 101 116 264
52 111 146 237 243 283
53 84 129 147 236 284
55 97 106 109 120 202
56 158 180 191 228 302
65 99 170 234 249 288
66 69 231 275 311 318
81 143 200 253 255 260
83 124 194 276 278 285
85 104 118 122 212 296
94 165 214 224 281 291
96 181 188 204 223 312
100 110 162 232 239 244
103 134 175 219 242 305
115 131 139 221 307 308
117 186 269 282 310 314
119 142 185 256 270 313
125 152 183 209 226 287
36 144 174 216 240 251
47 176 203 262 297 303
1 75 129 203 220 316
2 61 107 109 111 180
3 72 207 235 289 308
4 85 113 225 242 294
5 97 169 200 212 247
6 65 139 148 198 286
7 28 67 158 254 269
8 22 155 161 270 311
9 16 162 165 178 193
10 37 46 150 197 250
11 25 60 105 120 283
12 15 39 118 298 306
13 45 57 196 232 259
14 32 91 140 227 230
17 49 55 73 249 313
18 50 51 191 217 229
19 26 179 201 222 273
20 78 138 216 237 261
21 31 64 122 146 244
23 205 238 268 280 307
24 27 48 102 121 181
29 110 204 231 245 253
30 71 136 145 185 236
33 76 93 94 287 315
34 74 96 134 151 241
35 89 103 147 218 265
38 41 183 190 210 274
40 63 119 278 282 309
42 211 215 243 284 317
43 86 90 166 186 281
44 52 54 88 188 320
53 92 106 257 258 302
56 87 117 248 275 291
58 68 83 100 101 290
59 82 98 214 246 318
62 99 137 157 255 304
66 128 182 221 240 285
69 144 167 195 226 271
70 132 154 234 260 312
77 81 184 189 202 267
79 84 153 163 171 279
80 104 123 141 187 266
95 125 194 223 251 252
108 114 131 173 239 293
112 209 219 272 295 314
115 126 152 168 256 296
116 127 160 192 208 305
124 143 170 175 299 310
130 206 224 228 277 292
133 142 156 159 199 276
135 149 164 177 213 263
101 172 288 303 308 319
124 126 160 171 233 264
48 236 287 290 300 301
1 140 240 298 301 302
2 103 150 167 277 307
3 102 224 263 276 316
4 7 59 80 210 286
5 11 45 72 122 158
6 26 251 272 296 299
8 16 81 118 198 294
9 20 42 129 151 244
10 14 43 65 212 235
12 134 166 194 227 248
13 197 266 268 275 314
15 84 162 219 256 293
17 107 135 153 182 186
18 35 56 110 165 280
19 32 112 132 220 292
21 131 170 176 196 246
22 108 137 192 281 306
23 58 88 99 161 317
24 149 174 175 187 237
25 66 113 125 211 216
27 97 239 250 262 304
28 73 105 133 206 318
29 87 92 180 190 193
30 109 146 154 215 285
31 36 61 130 221 253
33 34 68 203 270 288
37 79 115 209 258 261
38 70 96 128 189 278
39 127 172 200 217 309
40 82 117 152 191 232
41 147 148 159 163 213
44 119 164 201 223 274
46 55 184 205 228 271
47 77 121 177 225 313
49 90 136 139 208 231
50 74 179 199 218 303
51 67 83 91 173 195
52 60 123 230 233 249
53 71 255 267 291 320
54 116 120 229 247 259
57 63 69 75 204 243
62 76 85 145 183 264
64 104 157 252 260 315
78 142 178 214 226 257
86 98 222 241 265 295
89 169 238 310 311 312
93 168 181 254 283 284
94 141 245 289 297 300
95 156 207 273 279 319
100 155 185 188 269 305
106 114 138 234 250 282
111 127 202 209 242 248
125 143 144 188 196 273
1 69 134 158 205 309
2 24 70 93 265 310
3 40 94 173 192 242
4 164 189 195 232 256
5 39 121 162 221 238
6 18 23 32 106 320
7 56 135 183 290 306
8 11 54 108 129 251
9 10 110 226 249 300
12 31 104 113 201 293
13 61 141 151 252 313
14 36 55 78 100 175
15 59 85 116 217 260
16 103 128 139 262 316
17 57 210 240 255 277
19 163 207 225 311 314
20 73 107 124 131 159
21 74 138 161 171 190
22 146 168 194 203 302
25 34 81 140 166 174
26 130 187 254 301 308
27 33 119 136 147 286
28 96 115 213 288 299
29 67 118 167 233 270
30 86 143 177 231 267
35 149 274 284 289 294
37 63 84 137 220 263
38 47 117 229 307 317
41 49 155 191 215 235
42 182 200 227 276 283
43 52 79 228 247 296
44 123 154 165 222 282
45 111 152 169 179 298
46 60 62 114 219 303
48 65 71 122 172 269
50 89 133 157 241 280
51 160 178 216 243 253
53 98 142 180 206 319
58 92 120 272 281 297
64 68 112 181 230 261
66 75 83 99 292 305
72 82 204 257 275 315
76 109 184 186 239 266
77 148 211 234 278 279
80 153 185 208 218 244
87 88 105 170 198 223
90 95 132 214 264 295
91 144 150 199 285 312
97 156 193 237 268 318
101 102 202 246 259 304
126 197 212 213 224 287
84 144 145 176 245 291
2 200 236 258 271 275
1 36 98 191 226 254
3 44 79 133 292 319
4 101 123 152 220 234
5 33 71 125 257 305
6 52 99 115 134 240
7 21 68 159 180 207
8 32 40 41 241 249
9 31 70 139 150 185
10 160 221 229 245 248
11 20 88 157 266 281
12 45 90 183 277 312
13 73 95 140 186 217
14 64 77 276 294 318
15 112 151 224 242 255
16 87 130 143 246 311
17 199 215 265 267 269
18 128 135 179 243 289
19 122 182 190 268 316
22 124 202 211 261 286
23 80 86 114 172 237
24 127 193 263 295 300
25 78 108 126 219 290
26 53 104 121 231 297
27 42 94 156 171 271
28 48 117 145 222 239
29 46 164 174 260 282
30 61 65 189 227 301
34 85 102 161 208 285
35 142 163 205 302 308
37 105 129 131 169 230
38 60 196 216 262 287
39 69 132 153 192 250
43 66 96 116 148 298
47 57 194 235 264 274
49 76 120 146 158 284
50 100 166 173 204 228
51 58 97 162 184 313
54 72 147 170 181 258
55 89 110 201 214 251
56 93 118 210 256 314
59 233 236 238 288 304
62 141 149 280 296 306
63 81 107 167 176 299
67 136 178 209 307 310
74 103 270 291 293 317
75 82 138 165 273 278
83 137 187 203 225 244
91 111 113 212 259 303
92 154 195 206 223 279
106 119 177 197 218 283
109 175 188 198 232 315
155 168 247 253 272 306
202 219 236 252 309 320
1 47 79 119 237 245
2 8 43 49 193 301
3 65 129 159 239 240
4 108 122 142 235 295
5 90 127 141 179 290
6 36 64 69 262 288
7 115 124 144 146 191
9 75 95 116 234 269
10 94 100 136 190 261
11 14 80 148 196 231
12 62 96 132 300 313
13 60 112 171 248 278
15 33 50 56 244 247
16 24 35 113 255 296
17 23 53 137 211 272
18 27 162 164 192 315
19 85 143 223 270 308
20 130 210 263 283 291
21 37 42 92 204 266
22 101 117 157 195 217
25 83 133 178 197 309
26 138 207 228 285 287
28 114 160 189 274 319
29 145 151 177 216 230
30 48 84 187 213 275
31 41 88 89 135 286
32 150 198 201 224 282
34 181 220 276 299 305
38 118 147 166 246 312
39 40 66 174 218 307
44 81 120 172 251 316
45 51 110 279 310 318
46 61 154 163 176 199
52 91 155 180 225 258
54 68 76 121 156 298
55 186 259 265 280 302
57 105 111 249 284 293
58 73 87 182 253 256
59 152 200 229 254 273
63 99 149 209 227 303
67 71 72 98 264 277
70 82 153 167 183 314
74 78 184 208 212 297
77 107 168 242 289 304
86 109 131 233 271 317
93 123 188 203 226 281
97 194 206 260 311 320
102 106 128 170 268 292
103 173 205 222 257 294
104 126 139 140 165 243
125 134 185 221 232 267
158 161 214 215 241 252
108 169 175 250 256 300
38 123 171 231 238 303
1 2 59 118 156 255
3 135 140 154 226 261
4 100 149 158 207 272
5 75 92 107 230 318
6 66 76 164 168 220
7 44 70 77 277 299
8 101 138 189 225 275
9 56 132 258 304 317
10 11 182 191 202 223
12 162 206 210 237 278
13 14 121 198 249 280
15 43 46 91 139 200
16 62 97 102 105 257
17 41 144 214 290 314
18 96 98 248 270 297
19 68 229 250 251 279
20 209 233 268 284 315
21 82 136 155 166 285
22 60 133 183 218 293
23 69 87 176 212 305
24 80 83 90 253 316
25 79 131 152 276 289
26 110 150 217 264 291
27 31 63 172 219 292
28 55 74 126 127 196
29 111 157 234 240 309
30 34 39 104 137 295
32 33 67 78 81 283
35 49 88 109 179 245
36 89 116 141 195 203
37 40 103 180 215 298
42 45 93 128 142 146
47 112 193 221 243 302
48 119 178 235 242 259
50 73 143 153 181 205
51 129 187 274 281 287
52 85 120 175 224 246
53 114 177 208 260 294
54 71 194 228 310 313
57 65 124 125 199 320
58 84 167 262 282 296
61 184 188 190 213 236
64 170 197 222 232 312
72 130 161 211 266 269
86 95 134 239 288 307
94 106 148 174 267 308
99 163 185 238 265 286
113 115 122 273 306 311
117 160 173 201 252 254
145 147 186 204 244 263
85 151 159 165 247 319
24 169 192 241 271 301
67 122 180 216 227 297
1 25 39 111 147 264
2 9 37 97 130 149
3 26 194 213 271 305
4 68 86 139 183 302
5 195 205 281 300 317
6 77 131 201 237 311
7 19 160 228 283 301
8 90 110 144 274 299
10 120 218 238 241 254
11 38 81 94 219 273
12 34 88 178 233 260
13 118 169 172 224 258
14 117 134 176 259 292
15 123 138 215 291 294
16 71 216 239 263 280
17 87 91 116 236 319
18 49 119 175 285 303
20 30 152 174 293 304
21 72 168 282 295 312
22 115 159 181 185 245
23 60 64 65 78 279
27 32 51 126 208 234
28 52 89 98 212 313
29 59 109 121 163 320
31 129 140 177 199 223
33 44 114 135 145 309
35 75 101 198 229 287
36 95 103 104 143 182
40 113 137 193 200 290
41 42 76 203 207 246
43 141 210 217 243 275
45 61 69 108 191 240
46 100 211 222 253 296
47 66 146 162 187 190
48 206 220 249 286 306
50 58 214 221 261 310
53 128 158 202 244 277
54 74 80 99 165 315
55 79 151 204 262 318
56 107 155 170 250 265
57 70 133 267 288 316
62 171 197 242 252 307
63 106 189 196 270 272
73 82 142 148 150 188
83 179 227 231 255 308
84 125 166 268 269 298
92 96 102 167 186 289
93 156 230 232 266 278
105 136 184 248 256 276
112 124 127 157 226 251
132 173 196 225 247 284
153 209 235 237 246 275
154 155 164 227 286 314
84 132 161 172 257 277
64 175 180 192 249 273
1 14 81 127 186 258
2 4 33 95 106 112
3 41 43 104 138 145
5 16 74 109 222 306
6 62 88 146 156 295
7 46 198 208 259 293
8 73 173 177 203 272
9 24 58 114 117 223
1 55 110 164 220 270 323 376 431 483 535 588 642 696 749 802 855 909 962 1017
2 56 111 165 221 265 324 377 432 484 536 589 643 697 750 801 856 909 963 1018
3 57 112 166 222 271 325 378 433 484 537 590 644 698 751 803 857 910 964 1019
4 58 113 167 223 272 315 379 434 485 538 591 645 699 752 804 858 911 965 1018
5 59 114 168 224 273 326 380 432 486 539 592 646 700 753 805 859 912 966 1020
6 60 115 169 225 274 327 381 435 487 540 593 647 701 754 806 860 913 967 1021
7 61 116 170 226 275 328 382 436 488 541 594 648 699 755 807 861 914 968 1022
8 62 117 171 227 276 329 383 437 489 542 595 649 702 756 808 856 915 969 1023
9 62 114 167 228 277 330 384 438 490 543 596 650 703 757 809 862 916 963 1024
4 63 118 172 229 278 331 385 439 491 544 597 651 704 757 810 863 917 970 0
10 64 112 173 230 279 332 386 440 492 545 598 652 700 756 811 864 917 971 0
11 65 119 174 231 280 324 387 440 493 546 599 653 705 758 812 865 918 972 0
12 66 115 175 230 273 333 375 441 491 547 600 654 706 759 813 866 919 973 0
13 67 120 170 232 281 334 388 442 486 548 601 655 704 760 814 864 919 974 1017
7 68 121 176 233 282 335 389 392 494 549 602 653 707 761 815 867 920 975 0
11 69 112 177 234 283 336 390 443 495 550 589 650 702 762 816 868 921 976 1020
14 70 122 168 231 284 337 376 444 496 551 603 656 708 763 817 869 922 977 0
4 71 123 166 235 285 337 391 445 497 552 604 657 709 754 818 870 923 978 0
15 72 124 178 236 276 337 392 446 498 553 596 658 710 764 819 871 924 968 0
16 73 125 179 237 286 323 393 447 498 554 595 659 703 765 811 872 925 979 0
17 74 126 180 237 287 326 394 434 490 549 601 660 711 766 807 873 926 980 0
18 70 111 181 220 288 338 395 448 499 555 605 649 712 767 820 874 927 981 0
19 63 127 182 238 289 339 396 436 500 555 606 661 713 754 821 869 928 982 0
20 75 128 182 229 270 340 397 440 501 556 607 662 714 750 822 868 929 960 1024
21 63 117 183 239 282 341 398 447 502 557 608 652 715 768 823 875 930 962 0
8 76 111 184 240 290 332 399 443 503 558 609 658 701 769 824 876 931 964 0
2 77 129 174 230 287 341 382 449 504 559 597 662 716 770 825 870 932 983 0
20 78 110 185 239 291 342 400 450 494 560 610 648 717 771 826 877 933 984 0
22 79 130 183 241 281 330 401 432 483 544 611 663 718 772 827 878 934 985 0
23 80 116 186 207 270 337 402 451 505 549 591 664 719 773 828 879 935 979 0
24 73 117 187 221 290 334 403 452 506 535 612 660 720 758 809 880 932 986 0
18 81 112 152 242 282 343 376 453 503 534 613 655 710 754 808 881 936 983 0
25 82 131 182 234 286 320 399 454 507 561 612 665 721 770 805 867 936 987 1018
22 55 113 188 224 264 344 404 455 491 562 614 666 721 768 829 882 935 972 0
3 83 132 187 218 288 345 405 456 489 543 615 667 709 774 830 868 937 988 0
26 80 133 174 243 285 335 406 457 499 547 611 640 720 760 802 860 938 989 0
27 66 134 181 233 289 346 380 458 508 535 616 651 722 775 831 873 939 963 0
28 61 135 189 244 292 347 374 451 486 553 603 668 723 776 832 883 908 971 0
29 84 127 175 234 291 348 407 459 485 563 587 653 724 753 833 884 935 962 0
30 70 121 185 219 277 326 401 460 509 557 617 669 725 751 808 884 939 990 0
12 85 136 190 245 293 349 377 461 498 564 618 668 726 777 808 880 922 991 1019
31 57 137 191 232 294 350 402 452 510 539 619 670 703 778 825 873 940 991 0
6 86 128 192 234 289 351 408 460 510 565 620 671 704 779 834 856 920 992 1019
32 87 128 178 246 295 352 380 461 511 554 621 672 727 780 803 885 914 987 0
20 62 136 193 247 271 353 407 462 512 544 609 654 700 781 812 886 940 993 0
21 88 111 162 210 296 354 375 426 513 554 622 651 728 782 827 887 920 994 1022
27 88 131 194 248 280 334 394 444 514 566 596 641 729 776 835 855 941 995 0
33 74 136 170 233 280 351 409 463 485 540 611 662 695 783 826 879 942 996 0
34 89 138 195 249 272 323 403 464 501 567 598 656 730 777 836 856 937 978 0
20 64 139 196 225 297 326 393 465 515 568 594 657 731 784 837 867 943 997 0
3 90 140 192 239 298 355 384 463 516 561 603 657 732 785 838 886 944 983 0
35 91 138 176 250 283 340 410 466 486 543 623 672 733 779 806 888 945 984 0
36 77 131 177 235 299 356 389 430 506 546 624 673 734 786 824 869 946 998 0
21 72 115 193 251 300 357 385 413 507 559 616 672 735 756 839 889 947 999 0
3 66 141 197 226 295 358 391 439 517 569 625 656 728 760 840 890 933 1000 0
31 77 142 164 252 301 329 411 447 492 537 626 674 709 755 841 867 916 1001 0
29 92 137 178 224 260 299 412 431 435 568 610 654 736 763 835 891 948 1002 0
10 85 129 198 222 302 359 413 434 494 540 621 675 713 787 838 892 949 997 1024
37 93 141 179 238 303 349 406 442 518 553 621 676 699 761 842 893 909 985 0
38 93 143 178 221 304 356 379 467 490 567 617 652 733 782 832 866 927 982 0
25 85 123 199 233 284 323 411 468 519 546 587 643 720 759 828 887 950 993 0
35 71 144 164 218 255 352 414 434 520 570 596 677 737 782 843 865 921 1003 1021
25 65 114 195 253 303 342 415 430 498 536 622 669 736 775 844 894 932 1004 0
39 89 145 175 218 276 340 404 461 512 557 588 660 738 788 814 860 951 982 1016
32 70 142 183 254 285 360 414 449 493 542 627 647 704 783 828 857 948 982 0
14 61 146 164 223 290 355 412 432 518 571 628 678 715 789 834 884 913 995 0
40 80 114 190 220 299 361 403 408 521 572 614 648 732 772 845 895 936 961 0
32 78 147 200 233 296 345 408 443 520 545 607 675 721 788 807 889 924 965 0
4 94 134 170 251 267 354 389 437 522 564 628 679 736 749 833 860 928 993 0
31 94 141 168 239 278 344 416 446 519 573 600 680 723 750 809 896 914 1002 0
4 87 138 191 237 296 355 388 459 503 574 606 664 734 783 805 895 947 976 0
41 95 133 196 255 302 362 417 435 493 575 603 644 700 790 839 895 952 980 0
13 54 148 172 256 299 362 398 453 523 573 591 656 717 765 813 892 943 1005 1023
42 56 127 198 217 275 362 412 469 503 552 595 666 731 766 846 897 933 999 1020
8 96 144 186 257 285 358 409 440 506 544 616 642 736 789 847 862 912 988 0
3 76 127 201 229 273 335 393 431 524 542 617 665 737 791 836 889 913 991 0
36 97 136 202 207 285 339 418 431 525 553 597 681 729 792 814 898 914 967 0
31 98 135 203 258 305 345 386 468 509 551 597 659 739 760 823 897 936 982 0
15 69 149 204 259 269 324 411 470 485 559 617 682 722 779 803 855 930 1000 0
8 85 142 188 244 278 336 419 444 523 539 622 683 699 793 821 864 929 999 0
29 86 138 174 259 306 363 389 423 505 576 629 681 702 768 844 885 936 971 1017
3 99 135 205 260 284 356 420 464 512 577 593 676 725 790 847 896 926 1005 0
15 62 123 175 225 307 351 374 439 509 564 630 675 732 789 848 875 929 1006 0
2 100 123 201 213 308 357 375 471 493 573 624 682 707 775 800 879 949 1007 1015
21 89 137 197 259 309 364 421 471 526 563 631 645 737 761 829 871 945 959 0
38 94 150 175 241 282 355 386 458 527 554 593 671 740 773 821 899 953 965 0
27 101 138 188 258 277 333 417 472 485 560 620 674 718 794 816 892 928 977 0
43 70 118 206 247 303 365 390 473 482 568 608 672 713 794 811 880 937 972 1021
44 93 123 160 220 258 331 422 449 500 562 598 667 741 784 840 880 938 984 0
45 101 145 207 239 286 366 422 474 490 578 590 671 730 795 812 859 929 969 0
24 102 151 181 241 310 367 382 440 519 579 618 655 732 796 849 888 920 977 0
40 92 139 184 250 311 366 384 454 502 569 589 673 718 787 850 873 912 1008 0
9 86 124 185 237 307 327 370 443 526 571 616 665 742 750 841 900 940 1009 0
21 103 139 208 228 305 351 395 455 488 547 632 665 743 751 825 863 954 971 0
17 104 132 168 222 276 350 423 435 508 580 606 684 744 795 813 862 953 989 1018
39 105 140 209 248 301 331 389 402 528 540 633 666 723 771 834 865 923 1008 0
24 99 148 210 242 274 365 424 446 527 549 625 646 716 797 838 901 921 963 0
46 68 120 188 225 312 354 425 433 502 555 612 676 740 786 802 895 923 984 0
27 97 117 166 236 313 368 402 475 526 569 627 677 713 789 806 894 955 999 0
33 77 152 171 238 314 362 414 438 482 541 634 675 745 760 837 863 911 994 0
11 103 124 207 252 274 369 401 465 502 559 622 675 693 798 804 874 915 988 0
45 95 130 211 249 275 370 426 453 505 555 609 662 698 798 829 902 921 1008 0
7 55 115 203 261 312 363 378 465 529 581 635 667 697 762 846 903 939 989 0
37 75 109 181 198 287 333 426 470 530 544 631 683 738 758 824 904 935 989 1019
19 68 132 212 241 315 371 416 457 517 566 603 652 717 794 831 891 921 1010 0
32 102 133 171 230 309 347 412 422 495 572 625 673 746 754 851 902 954 1004 1018
38 76 153 190 203 283 341 385 446 520 552 612 643 708 765 844 898 912 1001 0
2 103 154 190 222 280 331 393 453 518 579 601 685 712 756 823 858 907 993 0
47 106 155 167 248 291 363 418 454 512 582 625 643 719 791 852 899 937 985 1020
39 69 147 189 262 316 363 376 448 498 583 634 663 709 757 840 886 931 969 0
32 57 156 169 263 317 336 403 439 530 560 623 643 747 781 849 891 934 962 0
19 99 126 164 249 318 368 386 459 531 568 590 686 710 788 815 866 941 1011 1018
42 86 116 171 264 279 357 425 446 511 567 602 645 715 758 849 868 956 990 0
28 89 157 202 225 310 372 402 476 529 566 604 685 746 782 821 877 946 987 1024
11 74 123 192 224 292 329 417 444 498 584 636 687 722 771 806 861 956 981 0
30 90 107 177 265 306 322 398 474 524 585 622 688 735 761 834 862 938 977 0
41 104 155 192 254 303 366 426 437 497 562 637 674 725 776 826 874 957 974 1024
41 57 158 184 262 277 331 395 445 507 548 631 653 702 772 841 883 909 973 0
40 100 132 202 266 304 327 398 472 522 576 638 669 727 770 851 855 942 978 0
16 71 156 165 244 297 333 415 475 516 583 625 652 735 787 836 885 945 970 0
9 87 146 187 261 308 337 420 477 500 568 620 662 729 753 824 889 919 985 0
13 100 159 206 246 286 359 387 448 481 550 631 660 700 783 819 858 956 961 0
1 84 136 184 256 309 345 411 435 518 561 620 683 733 780 804 900 908 975 0
48 56 115 185 232 271 335 419 477 504 543 630 689 694 765 820 861 948 1011 0
18 85 133 194 246 287 371 405 462 516 548 639 684 715 748 805 905 948 1007 0
47 61 124 191 238 300 360 420 466 495 576 598 687 694 799 823 904 933 983 0
27 80 149 208 218 282 369 426 478 532 564 597 688 724 747 822 859 933 1011 1017
22 97 109 192 263 295 354 427 478 490 545 595 678 723 762 818 902 940 998 0
41 79 152 202 249 273 305 425 462 494 581 624 642 703 756 831 857 944 986 0
35 81 147 201 225 309 328 396 451 533 556 601 690 720 769 816 872 952 963 0
29 70 120 209 253 293 358 403 474 491 537 636 685 711 765 831 899 930 967 0
7 96 148 166 237 279 338 406 476 486 576 597 680 710 795 833 865 916 1012 1015
41 56 145 163 267 279 323 418 463 513 549 618 691 717 784 803 875 927 1002 0
44 68 158 207 255 256 336 379 429 499 537 635 666 705 749 806 905 953 974 0
6 58 111 195 267 294 344 421 474 516 570 606 692 708 755 818 880 910 987 0
24 95 110 161 213 280 338 425 467 497 563 616 664 730 770 845 863 926 1010 0
49 88 158 199 266 298 373 413 479 510 578 595 677 712 775 848 869 935 990 0
26 54 113 193 238 283 327 403 456 511 548 588 659 746 766 847 876 915 975 1019
5 83 134 199 246 301 356 374 421 507 547 636 647 730 762 809 904 920 965 0
48 105 118 205 245 296 368 428 457 521 549 599 655 696 768 813 904 910 986 0
11 78 118 165 226 270 370 404 472 508 558 602 683 743 759 843 859 938 992 0
42 67 125 213 240 301 358 383 432 515 583 638 691 739 786 830 858 940 1005 0
45 62 159 176 263 319 361 412 433 501 574 629 689 748 773 816 871 943 989 0
37 72 132 195 248 295 322 425 460 492 558 640 679 748 796 800 861 922 969 0
13 90 117 189 217 314 343 427 468 533 547 594 664 737 800 826 878 958 987 1019
8 103 122 204 215 315 357 392 474 483 575 623 660 719 767 836 861 940 995 1021
22 92 112 185 248 309 358 428 429 510 554 624 667 726 770 839 883 958 962 0
33 106 122 211 258 319 359 399 476 530 535 594 647 726 792 834 864 954 1005 0
16 61 112 209 220 281 327 394 479 496 575 620 692 714 774 843 894 911 963 0
26 107 153 198 200 297 351 419 447 521 586 601 651 697 796 809 881 931 1005 0
43 104 157 170 260 292 326 377 480 493 555 598 666 703 759 815 878 959 1000 0
14 105 134 160 217 306 359 414 452 523 578 639 687 725 781 804 893 930 979 0
46 103 151 173 223 313 330 405 441 533 558 604 682 708 793 833 896 943 1013 0
50 101 144 197 254 302 353 400 466 523 584 613 680 719 780 850 887 910 1014 0
15 106 116 196 263 320 369 391 430 494 566 620 649 745 777 853 888 926 1001 1014
51 63 159 194 224 321 354 422 441 525 576 594 691 744 797 825 889 909 1009 1021
45 74 151 203 243 316 324 380 456 518 582 613 677 738 784 811 874 934 1011 0
25 57 149 210 241 287 321 413 471 533 568 626 648 700 749 836 906 911 998 0
46 91 114 214 229 308 336 391 409 509 580 615 691 726 765 807 857 959 981 0
6 79 146 159 257 301 302 396 475 517 563 608 688 694 785 810 877 957 968 0
33 88 144 205 234 304 367 405 416 515 534 619 649 713 766 829 906 952 1015 0
30 79 141 154 256 279 370 419 473 520 572 634 650 707 753 838 870 918 995 0
48 68 156 174 257 311 364 395 480 501 572 606 682 726 764 830 887 955 985 0
9 107 142 205 268 312 325 407 450 503 564 600 692 727 752 827 870 913 1014 0
49 67 140 165 253 310 359 427 465 531 587 632 650 709 780 847 904 959 999 0
51 66 120 215 235 311 348 385 448 492 579 607 671 705 768 837 883 926 1007 0
35 98 119 171 245 271 367 429 456 530 547 617 679 697 772 844 896 949 1008 0
48 84 128 211 252 298 346 415 449 527 560 602 687 742 767 853 898 913 980 0
26 104 131 211 228 310 332 378 431 482 557 593 646 741 781 831 907 960 973 0
44 81 155 208 266 308 348 387 468 496 535 627 689 711 794 839 902 951 1001 0
25 101 152 172 264 307 336 384 442 489 554 611 682 694 766 825 866 908 1003 0
5 93 145 177 210 316 373 410 439 522 538 602 693 724 783 821 885 932 973 1015
32 100 150 180 229 275 369 416 454 526 585 596 685 732 751 837 903 957 1012 1023
15 91 135 212 226 299 373 424 478 520 565 609 640 714 768 827 884 954 979 0
6 73 105 177 262 292 353 371 437 527 559 635 689 714 760 852 907 945 978 1016
52 96 110 191 228 276 356 393 475 525 585 600 641 711 800 844 887 928 974 0
29 64 113 190 226 288 335 396 466 532 560 619 692 729 773 851 878 946 986 1023
18 94 124 200 226 320 346 423 451 528 575 588 650 739 785 845 875 942 972 0
17 63 135 186 246 279 348 381 460 488 581 619 658 731 781 818 859 937 1006 0
1 94 148 174 228 300 352 396 478 487 577 626 643 718 786 807 888 939 961 1016
29 108 160 202 228 269 369 424 471 506 579 633 662 742 788 839 882 943 981 0
19 98 140 184 219 281 357 415 467 524 577 613 678 708 778 819 892 917 989 0
48 102 154 216 265 277 341 381 481 496 539 639 668 737 755 812 896 927 965 0
18 89 126 211 250 304 331 400 447 487 538 612 681 728 791 838 897 950 1010 0
22 59 147 205 235 302 350 411 463 496 550 638 664 745 793 809 905 955 981 0
50 100 109 193 216 312 332 377 449 488 543 637 671 708 791 813 890 958 1008 1017
26 69 134 195 247 282 339 416 441 524 562 605 683 714 769 848 879 944 995 0
48 76 149 170 268 294 347 376 441 529 537 633 672 745 748 852 900 950 1005 0
47 100 158 204 260 297 348 404 457 527 567 589 681 723 752 828 877 915 1004 0
49 93 142 196 249 319 342 418 471 532 561 599 668 718 766 819 863 950 995 0
36 65 127 191 227 290 343 405 476 527 570 626 657 725 777 802 861 917 993 0
35 92 125 207 216 289 335 425 464 534 573 609 688 712 751 833 870 960 1016 0
28 106 110 216 230 317 325 415 434 493 558 608 650 718 797 822 856 941 990 0
43 60 143 197 238 308 328 380 453 485 552 630 684 705 767 835 901 947 964 0
12 75 161 209 257 313 357 383 468 531 557 621 679 732 752 850 874 938 966 0
39 87 131 212 222 317 367 411 480 488 562 604 654 711 748 832 864 933 1004 1012
49 79 119 217 237 312 356 397 448 478 580 610 651 706 799 851 875 951 1003 0
38 65 108 193 255 278 330 406 470 497 569 606 647 702 794 852 881 919 988 1022
47 82 160 218 244 319 341 388 464 482 538 604 691 731 796 817 887 948 986 0
22 76 126 196 231 311 328 388 473 512 583 629 646 724 778 801 893 920 990 0
25 92 105 203 265 272 370 395 476 531 541 595 658 727 758 840 881 957 967 0
38 61 139 213 239 268 359 428 480 482 551 625 681 747 798 820 854 917 998 0
14 98 129 167 242 278 324 407 447 516 580 641 642 721 767 848 900 938 991 1023
19 85 151 206 236 291 355 422 445 486 542 633 663 736 790 837 873 958 1000 0
34 79 116 181 262 293 351 410 434 503 551 593 661 728 749 830 903 943 966 0
2 55 108 168 253 283 334 379 479 524 570 608 690 717 786 850 901 918 996 0
50 81 161 165 264 303 323 416 470 521 581 610 644 744 764 807 876 911 991 0
52 86 143 194 243 281 358 387 431 531 581 591 688 730 793 829 897 946 983 1022
50 64 130 199 252 321 355 406 450 506 562 639 686 722 747 845 894 925 1013 0
5 98 120 208 257 320 332 400 469 512 574 596 668 699 763 841 872 918 992 0
44 90 157 193 263 318 374 393 481 487 582 610 670 715 792 820 869 952 994 0
43 83 133 189 252 272 361 398 399 529 546 631 646 704 799 849 897 928 984 0
17 67 109 167 234 316 368 419 452 533 579 617 692 726 771 799 879 950 964 0
1 90 152 178 215 281 333 421 443 499 539 632 676 739 795 840 906 922 997 0
45 108 140 198 235 317 340 381 450 507 571 599 670 719 777 817 906 939 975 0
8 60 145 161 233 319 344 378 450 504 586 640 659 715 785 832 878 961 976 0
9 81 162 204 217 271 360 385 455 514 548 593 657 724 761 813 874 931 992 0
53 58 131 183 236 250 325 404 442 517 573 616 667 731 793 851 884 927 970 0
15 83 125 188 219 294 325 427 477 487 548 635 686 707 782 823 854 932 971 0
54 71 106 163 261 277 374 397 482 488 577 589 642 710 775 804 882 913 996 0
45 71 137 182 252 322 367 378 481 522 567 636 678 720 753 810 905 941 997 0
4 107 158 161 227 288 361 376 449 525 565 590 658 740 780 826 903 951 994 1020
51 93 156 189 267 320 345 414 436 487 585 633 684 727 794 850 871 917 986 1024
50 76 160 169 212 301 365 413 481 490 575 632 690 698 799 815 881 945 973 0
44 60 127 168 243 269 375 398 438 507 574 607 645 729 764 848 888 915 1012 0
51 96 128 173 241 293 364 394 454 494 541 639 679 739 757 802 900 910 1011 0
20 104 125 210 261 317 338 405 472 520 541 603 655 705 778 828 894 961 1006 1014
30 63 136 213 218 313 364 384 444 483 586 626 690 728 779 837 876 947 968 0
33 60 125 183 262 313 361 386 461 532 576 600 657 735 776 810 893 924 988 0
53 72 156 199 268 299 372 397 481 514 538 621 655 733 788 831 878 912 1009 0
51 78 129 202 231 322 329 410 469 515 573 628 663 730 773 824 864 908 1006 0
28 101 111 214 245 283 352 394 436 505 545 634 654 725 752 852 905 951 1009 0
34 108 149 214 246 276 370 382 465 522 583 604 694 733 772 842 899 925 972 0
10 91 154 187 231 321 364 408 470 513 558 627 680 746 792 804 862 934 983 0
7 107 126 216 244 274 339 429 458 509 572 619 644 704 777 835 858 942 1013 0
43 82 129 162 216 297 313 379 448 530 556 624 664 695 801 842 854 950 977 0
39 96 152 180 251 318 322 399 452 518 563 623 659 714 797 821 855 918 967 1013
40 95 115 200 240 316 321 427 445 532 570 618 661 741 753 842 908 955 970 0
27 56 130 179 247 298 371 404 430 496 534 634 685 716 791 826 857 953 976 0
39 64 155 181 232 278 362 420 443 489 536 640 678 696 763 806 857 934 993 0
6 91 142 166 263 322 330 382 473 511 578 605 666 740 784 808 906 960 970 0
20 98 154 194 267 293 337 390 457 492 584 635 645 747 751 815 898 942 1003 0
24 59 121 197 262 286 369 419 458 484 540 623 670 736 785 818 904 941 992 0
10 80 118 169 261 306 344 383 467 514 556 634 660 703 793 848 867 958 998 0
9 66 157 163 264 286 354 406 430 466 575 592 663 743 800 810 855 937 981 0
53 97 163 200 247 280 343 424 455 511 571 591 676 711 798 816 883 945 991 1013
17 92 161 206 249 315 373 417 463 477 564 613 646 735 779 853 867 959 1012 0
1 88 116 187 223 292 332 409 454 516 550 610 674 705 747 810 866 923 1010 0
36 64 159 162 258 303 324 400 459 529 571 627 656 733 757 808 891 919 996 1016
13 65 145 205 219 272 333 423 445 483 574 589 651 716 746 833 907 924 1001 0
12 77 139 186 192 304 343 429 479 523 556 640 684 701 756 840 885 924 1011 0
36 95 141 167 244 309 373 408 469 528 560 592 684 738 759 854 906 957 1003 0
46 57 144 179 240 292 341 392 461 531 569 629 663 720 785 853 892 929 994 0
18 59 140 169 223 294 329 407 468 495 552 607 648 742 769 802 893 957 970 0
47 84 143 188 222 290 342 408 438 517 585 629 677 734 763 815 868 909 1006 0
53 102 108 215 242 284 339 377 475 528 565 638 687 707 752 841 892 907 1010 0
50 73 122 175 245 295 342 401 475 513 578 607 673 739 790 805 903 921 1015 0
52 59 119 172 236 274 343 420 433 528 545 621 673 722 801 839 888 916 973 1017
31 80 121 180 221 307 363 396 427 501 542 590 654 735 798 849 890 942 974 1022
12 54 147 191 221 314 366 410 458 500 580 629 680 738 761 827 901 946 972 0
12 102 159 212 266 275 363 391 442 483 587 592 659 722 788 820 863 910 997 0
44 95 146 173 250 297 329 397 428 484 579 615 641 716 762 832 860 949 1000 0
23 84 132 162 250 305 334 420 465 519 539 588 692 698 775 822 872 958 976 0
37 82 163 180 223 311 325 383 438 519 565 622 694 737 795 835 895 931 962 0
19 69 143 163 224 296 365 409 479 533 587 588 667 740 750 817 890 955 1001 0
34 54 162 169 213 284 349 421 479 489 550 609 683 706 791 811 873 952 1009 0
53 96 118 196 269 307 345 421 437 504 582 614 681 734 773 817 905 954 1002 0
14 74 158 197 268 307 360 383 459 530 536 615 661 706 797 819 902 925 1007 0
43 71 139 214 227 310 346 389 460 511 553 637 648 745 783 817 862 952 1007 0
52 75 146 219 268 311 371 418 466 506 578 638 649 721 772 846 871 923 1004 0
5 84 117 180 255 306 349 412 450 515 546 613 679 728 801 825 899 960 964 0
51 73 124 214 243 270 328 424 433 534 577 599 686 701 787 853 869 911 1004 1023
16 88 114 201 232 302 318 397 439 500 551 591 658 744 748 847 893 956 971 1016
21 86 150 179 235 271 365 401 459 521 551 612 668 727 774 835 877 944 969 0
36 83 153 209 229 314 367 392 442 499 584 628 674 706 790 801 879 915 992 1013
26 59 154 164 221 312 373 385 444 526 556 630 691 698 778 814 882 930 1010 0
52 90 129 176 240 315 347 415 472 505 584 611 690 697 763 812 895 914 998 1015
42 82 146 190 259 317 360 382 433 510 581 630 669 723 792 847 866 918 1009 0
23 99 134 185 240 293 372 387 455 497 565 602 682 744 792 850 886 924 982 0
54 103 105 176 254 318 338 407 480 514 585 614 661 709 784 843 890 919 976 0
7 83 155 182 245 304 350 430 469 517 586 632 671 712 787 811 900 944 966 0
14 97 150 182 220 319 349 409 462 519 583 637 669 746 780 827 881 949 980 0
28 77 130 187 253 273 353 428 455 508 582 623 652 742 778 851 872 936 968 0
49 62 147 173 254 306 326 339 470 491 535 624 670 742 774 836 891 925 1012 0
38 91 104 217 251 288 368 417 476 502 544 630 678 719 796 829 876 926 978 0
16 109 149 176 227 305 371 387 456 528 536 619 647 699 770 820 880 955 996 1014
35 56 148 209 258 315 372 388 437 492 563 639 665 695 799 832 876 944 988 0
30 101 128 204 232 272 338 426 451 521 577 627 693 721 771 842 860 953 1002 0
42 94 155 177 206 287 340 380 441 499 566 618 644 743 774 818 898 930 1008 0
53 81 141 184 253 285 340 429 464 480 584 605 675 695 755 823 859 922 990 0
30 106 150 199 242 243 344 410 477 484 553 632 674 734 800 846 872 931 975 0
23 89 153 215 247 300 349 399 456 523 574 599 690 710 789 803 902 932 974 0
46 97 133 165 251 274 348 423 464 489 561 608 685 707 758 846 891 927 979 1022
46 75 160 183 260 273 328 417 478 515 570 614 645 702 774 814 903 946 975 0
33 87 121 153 231 316 342 378 436 495 566 615 686 740 795 822 858 935 980 1021
34 68 122 194 265 310 350 418 436 504 552 631 687 701 779 843 868 949 994 0
24 82 138 186 260 295 372 414 462 495 582 611 641 743 787 824 897 923 961 0
28 67 151 178 257 298 366 423 472 484 586 614 653 696 781 834 889 939 1007 0
40 75 135 215 256 296 346 390 462 524 586 615 689 701 771 844 882 914 969 0
41 72 122 201 259 289 347 424 477 522 561 590 695 743 757 822 865 907 966 0
49 99 113 214 251 314 334 400 474 513 572 600 695 696 769 828 856 960 968 0
13 72 153 173 264 291 360 390 438 509 532 626 673 696 767 830 890 941 965 0
37 55 119 206 211 305 364 377 452 508 587 641 693 731 782 849 894 908 978 0
10 67 150 195 269 289 350 422 461 497 541 592 677 716 798 842 898 916 979 0
11 58 157 198 254 321 352 392 467 501 536 635 688 745 789 805 882 928 964 0
37 87 148 208 230 284 353 401 435 526 538 618 653 712 755 843 853 956 996 1020
23 65 151 166 259 314 353 395 446 525 545 636 661 697 776 845 884 953 1003 0
31 73 157 172 248 308 366 413 457 505 550 636 644 693 769 830 871 954 1006 0
23 60 109 172 265 288 347 391 440 500 567 601 669 724 749 854 875 934 987 0
47 66 119 210 267 269 330 379 469 514 555 637 689 741 750 845 886 947 997 0
5 58 110 204 256 300 372 394 463 510 543 628 649 741 764 816 901 956 967 0
42 78 137 212 242 318 375 390 467 504 569 633 680 741 796 812 883 951 980 0
1 69 121 179 227 320 368 381 471 513 537 638 656 729 759 838 865 947 984 0
10 55 137 189 266 291 352 388 453 525 559 637 686 706 764 841 896 922 1014 0
40 58 126 171 261 298 365 375 432 508 546 598 665 738 790 852 870 925 999 0
2 99 120 200 255 290 327 402 460 534 542 605 642 698 762 819 885 929 1002 0
16 107 143 186 266 300 346 428 445 502 580 594 670 713 776 846 899 916 966 0
17 102 130 201 219 270 374 386 473 529 540 628 676 717 797 814 886 912 1000 0
52 74 113 156 208 294 362 381 458 473 557 592 693 744 786 803 877 959 977 0
34 78 144 203 236 275 361 384 451 491 571 605 672 734 754 854 901 948 985 0
