1024 540
3 7
3 3 3 3 3 3 3 3 3 3 3 3 3 3 3 3 3 3 3 3 3 3 3 3 3 3 3 3 3 3 3 3 3 3 3 3 3 3 3 3 3 3 3 3 3 3 3 3 3 3 3 3 3 3 3 3 3 3 3 3 3 3 3 3 3 3 3 3 3 3 3 3 3 3 3 3 3 3 3 3 3 3 3 3 3 3 3 3 3 3 3 3 3 3 3 3 3 3 3 3 3 3 3 3 3 3 3 3 3 3 3 3 3 3 3 3 3 3 3 3 3 3 3 3 3 3 3 3 3 3 3 3 3 3 3 3 3 3 3 3 3 3 3 3 3 3 3 3 3 3 3 3 3 3 3 3 3 3 3 3 3 3 3 3 3 3 3 3 3 3 3 3 3 3 3 3 3 3 3 3 3 3 3 3 3 3 3 3 3 3 3 3 3 3 3 3 3 3 3 3 3 3 3 3 3 3 3 3 3 3 3 3 3 3 3 3 3 3 3 3 3 3 3 3 3 3 3 3 3 3 3 3 3 3 3 3 3 3 3 3 3 3 3 3 3 3 3 3 3 3 3 3 3 3 3 3 3 3 3 3 3 3 3 3 3 3 3 3 3 3 3 3 3 3 3 3 3 3 3 3 3 3 3 3 3 3 3 3 3 3 3 3 3 3 3 3 3 3 3 3 3 3 3 3 3 3 3 3 3 3 3 3 3 3 3 3 3 3 3 3 3 3 3 3 3 3 3 3 3 3 3 3 3 3 3 3 3 3 3 3 3 3 3 3 3 3 3 3 3 3 3 3 3 3 3 3 3 3 3 3 3 3 3 3 3 3 3 3 3 3 3 3 3 3 3 3 3 3 3 3 3 3 3 3 3 3 3 3 3 3 3 3 3 3 3 3 3 3 3 3 3 3 3 3 3 3 3 3 3 3 3 3 3 3 3 3 3 3 3 3 3 3 3 3 3 3 3 3 3 3 3 3 3 3 3 3 3 3 3 3 3 3 3 3 3 3 3 3 3 3 3 3 3 3 3 3 3 3 3 3 3 3 3 3 3 3 3 3 3 3 3 3 3 3 3 3 3 3 3 3 3 3 3 3 3 3 3 3 3 3 3 3 3 3 3 3 3 3 3 3 3 3 3 3 3 3 3 3 3 3 3 3 3 3 3 3 3 3 3 3 3 3 3 3 3 3 3 3 3 3 3 3 3 3 3 3 3 3 3 3 3 3 3 3 3 3 3 3 3 3 3 3 3 3 3 3 3 3 3 3 3 3 3 3 3 3 3 3 3 3 3 3 3 3 3 3 3 3 3 3 3 3 3 3 3 3 3 3 3 3 3 3 3 3 3 3 3 3 3 3 3 3 3 3 3 3 3 3 3 3 3 3 3 3 3 3 3 3 3 3 3 3 3 3 3 3 3 3 3 3 3 3 3 3 3 3 3 3 3 3 3 3 3 3 3 3 3 3 3 3 3 3 3 3 3 3 3 3 3 3 3 3 3 3 3 3 3 3 3 3 3 3 3 3 3 3 3 3 3 3 3 3 3 3 3 3 3 3 3 3 3 3 3 3 3 3 3 3 3 3 3 3 3 3 3 3 3 3 3 3 3 3 3 3 3 3 3 3 3 3 3 3 3 3 3 3 3 3 3 3 3 3 3 3 3 3 3 3 3 3 3 3 3 3 3 3 3 3 3 3 3 3 3 3 3 3 3 3 3 3 3 3 3 3 3 3 3 3 3 3 3 3 3 3 3 3 3 3 3 3 3 3 3 3 3 3 3 3 3 3 3 3 3 3 3 3 3 3 3 3 3 3 3 3 3 3 3 3 3 3 3 3 3 3 3 3 3 3 3 3 3 3 3 3 3 3 3 3 3 3 3 3 3 3 3 3 3 3 3 3 3 3 3 3 3 3 3 3 3 3 3 3 3 3 3 3 3 3 3 3 3 3 3 3 3 3 3 3 3 3 3 3 3 3 3 3 3 3 3 3 3 3 3 3 3 3 3 3 3 3 3 3 3 3 3 3 3 3 3 3 3 3 3 3 3 3 3 3 3 3 3 3 3 3 3 3 3 3 3 3 3 3 3 3 3 3 3 3 3 3 3 3 3 3 3 3 3 3 3 3 3 3 3 3 3 3 3 3 3 3 3 3 3 3 3 3 3 3 3 3 3 3 3 3 3 3 3 3 3 3 3 3 3 3 3 3 3 3 3 3 3 3 3 3 3 3 3 3 3 3 3 3 3 3 3 3 3 3 3 3 3 3 3 3 3 3 3 3 3 3 3 3 3 3 3 3 3 3 3 3 3 3 3 3
6 6 6 6 6 6 6 6 6 6 6 6 6 6 6 6 6 6 6 6 6 6 6 6 6 6 6 6 6 6 6 6 6 6 6 6 6 6 6 6 6 6 6 6 6 6 6 6 6 6 6 6 6 6 6 6 6 6 6 6 6 6 6 6 6 6 6 6 6 6 6 6 6 6 6 6 6 6 6 6 6 6 6 6 6 6 6 6 6 6 6 6 6 6 6 6 6 6 6 6 6 6 6 6 6 6 6 6 6 6 6 6 6 6 6 6 6 6 6 6 6 6 6 6 6 6 6 6 6 6 6 6 6 6 6 6 6 6 6 6 6 6 6 6 6 6 6 6 6 6 6 6 6 6 6 6 6 6 6 6 6 6 6 6 6 6 6 6 6 6 6 6 6 6 6 6 6 6 6 6 6 6 6 6 6 6 5 6 5 5 6 6 6 5 6 6 5 5 6 6 5 5 6 6 5 6 6 6 6 5 5 6 6 6 6 6 5 5 5 5 6 6 5 6 6 6 5 5 6 6 6 6 5 5 5 5 6 6 6 5 5 5 5 5 5 5 6 5 7 5 5 5 6 5 5 5 6 6 5 6 6 5 6 5 6 5 5 5 5 5 5 5 5 5 5 6 6 5 5 6 6 6 6 5 5 6 6 6 5 6 6 5 6 6 6 5 6 5 5 5 5 6 6 5 5 5 6 5 5 5 6 6 6 5 6 6 5 6 5 6 5 5 6 5 6 6 6 5 6 5 5 6 6 5 6 6 6 6 5 5 6 6 5 6 6 5 5 6 6 5 6 6 5 6 6 5 5 5 5 5 6 5 6 6 6 5 6 5 6 5 5 5 6 5 6 6 6 6 6 6 6 5 6 5 5 5 6 5 6 6 6 6 6 6 6 6 5 6 6 5 5 6 5 6 6 6 5 6 6 5 5 5 5 5 5 6 6 5 5 6 5 6 6 5 5 5 5 6 6 5 5 6 6 6 6 6 5 5 6 5 5 5 6 6 6 5 6 6 5 6 6 5 5 5 6 5 5 5 6 6 6 5 6 6 5 6 6 5 6 5 5 5 6 6 6 6 5 6 5 5 5 6 6 6 5 6 5 5 6 5 5 6 6 6 5 6 6 5 5 6 6 6 6 6 5 6 5 5 6 5 5 6 6 6 5 5 5 6 5 6 6 6 6 5 6 6 5 5 6 5 6 6 5 5 5 5 6 6 5 6
1 206 303
2 419 528
3 182 362
4 46 348
5 143 533
6 59 140
7 94 130
8 31 88
9 19 117
10 120 372
11 233 525
12 355 458
13 269 291
14 76 228
15 295 406
16 29 223
17 175 395
18 246 474
20 49 363
21 131 138
22 204 412
23 158 276
24 365 410
25 102 394
26 514 529
27 173 239
28 35 197
30 330 516
32 422 439
33 78 438
34 248 511
36 211 424
37 133 452
38 121 258
39 347 475
40 141 264
41 146 297
42 208 371
43 461 534
44 256 483
45 306 420
47 168 367
48 430 536
50 65 217
51 307 313
52 186 448
53 312 350
54 86 199
55 58 98
56 386 413
57 169 459
60 91 106
61 151 219
62 71 314
63 251 342
64 471 519
66 446 493
67 237 523
68 421 504
69 164 176
70 272 346
72 115 123
73 255 298
74 292 466
75 243 319
77 225 409
79 157 179
80 96 397
81 477 506
82 203 331
83 111 150
84 229 305
85 201 308
87 278 385
89 486 492
90 137 440
92 110 148
93 296 520
95 132 184
97 128 194
99 171 271
100 388 500
101 250 341
103 396 449
104 499 538
105 122 285
107 324 488
108 142 226
109 320 418
112 425 468
113 180 447
114 521 522
116 254 337
118 147 339
119 185 487
124 183 404
125 167 417
126 329 407
127 161 531
129 198 510
134 192 215
135 212 512
136 195 530
139 189 480
144 221 495
145 227 416
149 360 465
152 202 327
153 387 454
154 283 361
155 359 376
156 170 249
159 216 220
160 403 498
162 241 507
163 326 427
165 191 304
166 288 517
172 266 273
174 207 236
177 279 494
178 222 526
181 257 274
187 260 405
188 277 333
190 318 450
193 213 315
196 224 343
200 429 535
205 382 437
209 369 378
210 332 524
214 238 428
218 299 473
230 366 479
231 432 515
232 265 336
234 497 537
235 302 457
240 354 358
242 281 383
244 344 349
245 467 513
247 441 532
252 373 527
253 469 484
259 462 470
261 408 451
262 401 518
263 436 444
267 310 357
268 287 377
270 300 431
275 280 505
282 335 380
284 294 384
286 293 460
289 393 456
290 321 434
301 374 478
309 370 464
311 334 502
316 381 435
317 443 490
322 351 368
323 453 472
325 390 415
328 400 489
338 352 463
340 345 496
353 491 501
356 389 482
364 414 433
375 398 508
379 423 442
391 445 503
392 426 481
399 402 485
411 476 509
455 539 540
1 24 384
2 177 343
3 367 514
4 229 403
5 112 475
6 238 377
7 216 223
8 419 472
9 199 331
10 204 293
11 49 463
12 149 233
13 173 278
14 262 342
15 451 520
16 37 290
17 82 506
18 241 284
19 383 518
20 209 511
21 200 243
22 277 389
23 61 519
25 188 429
26 39 345
27 134 298
28 32 172
29 215 510
30 165 332
31 35 217
33 164 279
34 107 117
36 43 179
38 312 358
40 394 396
41 175 260
42 236 301
44 232 498
45 348 436
46 76 135
47 113 441
48 353 421
50 259 415
51 294 534
52 132 270
53 157 452
54 210 372
55 124 161
56 90 309
57 359 469
58 308 334
59 392 531
60 151 230
62 286 442
63 69 476
64 72 486
65 341 388
66 80 489
67 174 231
68 147 473
70 227 347
71 145 404
73 122 268
74 96 398
75 335 484
77 318 352
78 154 205
79 189 427
81 503 517
83 250 381
84 119 526
85 508 527
86 109 327
87 92 457
88 497 513
89 275 325
91 522 530
93 329 440
94 213 448
95 271 371
97 219 406
98 181 485
99 125 501
100 142 433
101 310 540
102 156 495
103 337 344
104 280 393
105 387 490
106 299 368
108 162 459
110 178 370
111 446 515
114 225 532
115 116 153
118 206 256
120 126 431
121 362 382
123 146 425
127 422 444
128 252 380
129 267 458
130 160 499
131 302 361
133 201 391
136 191 291
137 211 234
138 363 478
139 349 417
140 190 246
141 180 512
143 365 523
144 322 399
148 405 536
150 423 487
152 376 443
155 306 354
158 355 411
159 224 346
163 195 435
166 364 447
167 320 426
168 315 328
169 187 274
170 292 453
171 340 462
176 428 482
182 242 408
183 369 505
184 313 366
185 254 324
186 266 454
192 237 467
193 251 402
194 197 430
196 507 516
198 466 504
202 360 461
203 323 450
207 240 521
208 356 477
212 245 311
214 222 434
218 226 248
220 316 535
221 386 455
228 314 491
235 244 538
239 281 333
247 303 464
249 258 300
253 483 496
255 289 351
257 409 412
261 374 528
263 269 468
264 465 470
265 276 524
272 373 418
273 410 445
282 424 488
283 479 502
285 326 529
287 375 500
288 407 492
295 449 474
296 397 420
297 400 525
304 378 413
305 320 437
101 307 401
317 494 539
319 432 509
321 390 460
330 350 493
336 414 439
338 471 480
339 438 486
357 385 481
298 379 395
276 416 537
121 384 456
151 214 533
1 76 535
2 55 143
3 421 524
4 144 208
5 96 117
6 431 484
7 137 169
8 337 483
9 197 499
10 245 540
11 410 487
12 104 195
13 63 391
14 387 493
15 62 427
16 78 449
17 247 283
18 39 386
19 432 447
20 230 285
21 415 466
22 115 373
23 25 155
24 100 520
26 28 492
27 142 171
29 106 127
30 351 352
31 251 306
32 36 482
33 150 257
34 265 481
35 165 526
37 95 400
38 260 422
40 110 508
41 341 417
42 148 435
43 138 168
44 269 286
45 166 302
46 323 514
47 124 250
48 177 270
49 156 272
50 91 227
51 521 527
52 464 480
53 204 248
54 301 438
56 501 509
57 74 437
58 454 458
59 64 465
60 202 515
61 81 507
65 92 277
66 369 536
67 188 190
68 401 477
69 450 505
70 311 408
71 282 517
72 192 403
73 194 310
75 393 425
77 385 451
79 462 485
80 159 173
82 93 153
83 263 329
84 122 404
85 175 210
86 193 241
87 147 443
88 209 382
89 108 334
90 255 390
94 221 261
97 149 292
98 304 457
99 324 376
102 460 518
103 226 476
105 216 414
107 249 522
109 442 512
111 201 472
112 119 179
113 279 312
114 297 496
116 183 219
118 128 420
120 244 328
123 182 445
125 348 516
126 281 284
129 394 424
130 238 240
131 163 237
132 191 429
133 471 504
134 317 349
135 187 268
136 287 315
139 212 533
140 181 397
141 273 368
95 145 456
146 176 220
152 407 528
154 172 491
157 170 388
158 399 532
160 342 347
161 495 497
162 185 441
164 229 530
167 207 275
174 234 494
178 392 503
180 253 389
184 409 498
186 380 381
189 199 444
196 206 538
198 222 284
200 295 308
203 336 470
205 213 307
211 239 406
215 314 511
217 355 379
218 305 374
223 332 335
224 371 423
225 264 378
228 236 469
231 340 357
232 361 446
233 278 513
235 321 362
242 274 330
243 402 536
246 363 395
252 439 523
254 313 444
256 405 461
147 258 479
259 344 358
262 370 525
196 266 467
267 300 348
238 271 453
274 280 473
288 375 463
103 289 327
290 398 539
291 447 510
220 293 338
294 326 359
296 307 411
299 354 464
303 356 475
309 350 534
316 331 455
263 318 416
319 346 434
322 333 426
325 343 488
339 452 537
345 372 448
353 360 412
364 428 474
365 377 460
366 383 500
367 418 468
396 440 529
373 413 459
370 419 433
430 502 531
436 478 490
188 489 506
14 357 519
1 278 396
2 246 393
3 128 142
4 344 500
5 330 483
6 41 88
7 34 65
8 273 326
9 132 272
10 185 228
11 183 261
12 30 422
13 17 415
15 64 328
16 360 468
18 233 446
19 380 395
20 325 356
21 122 507
22 71 502
23 290 433
24 265 279
25 28 150
26 215 399
27 471 499
29 385 423
31 406 418
32 241 457
33 458 475
35 208 365
36 74 409
37 116 135
38 391 448
39 100 531
40 219 431
42 258 411
43 311 450
44 301 504
45 201 462
46 209 222
47 160 390
48 57 355
49 392 473
50 494 525
51 134 503
52 327 520
53 109 190
54 145 264
55 63 271
56 410 522
58 405 529
59 302 540
60 486 535
61 297 442
62 130 177
66 123 376
67 221 488
68 114 449
69 141 321
70 166 207
72 110 318
73 304 354
75 203 262
76 156 332
77 151 236
78 191 323
79 164 335
80 163 218
81 181 249
82 287 511
83 377 534
84 256 539
85 149 253
86 283 398
87 112 210
89 213 336
90 305 340
91 153 235
92 254 432
93 353 358
94 200 416
96 240 266
97 403 509
98 375 421
99 195 512
101 106 459
102 125 247
104 329 495
105 225 452
107 243 513
108 291 493
111 216 244
113 239 285
79 115 198
117 201 404
118 341 352
119 237 300
120 255 435
121 389 455
124 469 480
126 342 437
123 127 206
129 130 202
131 152 518
133 217 386
136 211 528
137 154 533
138 204 214
139 224 378
140 303 527
143 517 532
144 414 461
146 296 333
148 428 516
155 229 334
157 298 382
158 242 453
159 310 407
161 434 506
162 316 481
165 478 515
167 197 387
168 501 537
169 199 467
170 172 231
171 260 526
173 402 412
174 251 293
174 175 538
117 176 294
178 286 454
179 368 519
180 184 523
182 474 480
186 277 280
187 419 521
189 347 353
192 482 524
193 282 309
194 384 477
205 346 427
212 276 289
223 306 369
226 234 465
227 359 439
230 372 397
232 394 408
245 259 371
32 248 270
250 383 470
252 312 374
257 288 417
267 315 351
268 322 498
269 430 463
275 362 400
281 443 487
292 299 429
295 313 361
308 345 426
314 420 530
317 367 466
36 319 496
320 456 510
324 413 438
331 445 497
337 363 492
338 440 505
339 364 484
343 491 508
349 424 425
350 366 514
229 379 401
381 476 533
286 388 441
436 479 489
260 451 490
430 457 472
316 325 485
1 109 166
2 396 479
3 131 423
4 186 446
5 15 46
6 193 421
7 141 534
8 134 188
9 351 517
10 125 292
11 235 267
12 14 230
13 23 177
16 67 330
17 202 413
18 259 368
19 300 412
20 340 416
21 296 364
22 297 354
24 395 540
25 189 255
26 378 401
27 339 518
28 45 221
29 126 171
30 95 334
31 408 535
33 219 414
34 97 139
35 443 465
37 178 482
38 335 460
39 203 214
40 213 472
41 152 498
42 375 424
43 205 447
44 99 383
47 428 473
48 163 486
49 73 450
50 192 407
51 441 538
52 76 269
53 208 369
54 55 525
56 422 429
57 173 490
58 382 501
59 277 529
60 252 417
61 74 87
62 284 478
63 272 491
64 156 419
65 127 246
66 135 390
68 196 439
69 281 358
70 333 435
71 217 516
72 240 506
75 80 440
77 270 344
78 370 511
81 374 484
82 119 476
83 116 357
84 328 459
85 151 315
86 250 326
88 91 398
89 176 365
90 458 492
92 224 445
93 291 363
94 298 531
96 182 215
98 137 519
100 199 431
101 239 456
102 105 233
103 181 346
104 223 500
106 496 499
107 115 338
108 237 508
110 122 245
111 167 530
112 453 455
113 345 488
114 129 228
118 120 261
121 318 487
124 320 386
128 145 485
132 285 411
133 238 361
136 258 266
138 169 462
140 293 404
142 389 463
143 155 515
144 432 504
146 180 348
147 220 222
148 149 179
150 210 322
153 184 379
154 367 384
157 406 410
158 337 342
159 380 388
160 249 400
161 349 350
162 207 391
164 185 495
165 347 420
168 232 290
170 470 536
172 209 301
175 183 241
187 329 474
190 332 532
191 265 402
194 251 274
195 362 392
197 204 343
198 234 372
200 310 514
206 426 509
211 352 387
212 366 438
216 312 376
218 331 521
225 287 397
226 268 469
227 256 313
231 247 371
236 427 524
242 248 308
243 327 523
244 502 510
253 289 494
254 393 493
257 295 321
262 360 507
263 299 314
264 528 539
271 273 403
275 304 355
276 409 527
278 305 381
279 468 503
280 309 513
282 434 481
283 505 526
288 405 464
294 385 489
302 373 399
303 336 436
306 448 461
307 497 512
311 317 522
319 359 454
323 415 444
324 437 520
341 356 418
377 425 537
394 467 471
125 433 477
200 442 475
79 333 449
26 380 451
417 452 483
176 466 500
1 349 526
2 367 496
3 354 387
4 338 503
5 216 392
6 212 215
7 182 185
8 137 348
9 260 290
10 103 336
11 181 461
12 101 238
13 35 474
14 409 445
15 54 90
16 63 478
17 29 204
18 184 435
19 72 469
20 75 512
21 98 341
22 261 377
23 335 459
24 30 504
25 71 476
27 148 155
28 140 239
31 249 444
32 393 506
33 226 532
34 102 337
36 207 263
37 447 513
38 311 326
39 188 196
40 53 538
41 221 396
42 404 493
43 153 325
44 355 522
45 106 450
46 89 173
47 61 436
48 277 416
49 381 466
50 434 520
51 165 320
52 87 154
55 107 213
56 222 253
57 118 203
58 123 231
59 291 439
60 294 467
62 92 345
64 312 423
65 166 501
66 406 455
67 145 344
68 138 183
69 395 537
70 315 518
73 286 398
74 351 369
76 113 199
77 156 475
78 130 463
80 175 318
81 432 514
82 332 494
83 209 237
84 429 497
85 186 342
86 146 177
88 142 390
91 97 529
93 151 206
94 135 509
95 451 473
96 152 282
99 448 482
100 147 373
104 168 391
105 192 295
108 144 214
109 232 258
110 257 422
111 276 405
112 288 307
114 126 265
115 225 428
116 375 443
117 157 329
119 460 531
120 121 363
122 143 383
124 230 402
127 208 521
128 133 281
129 224 433
131 170 280
132 174 492
134 316 327
136 293 313
139 376 525
141 158 502
149 399 489
150 283 484
159 229 303
160 464 540
161 352 361
162 394 420
163 297 323
164 302 483
167 193 389
169 195 365
171 249 378
172 364 379
178 408 523
179 191 247
180 287 486
1 181 364 548 727 904 0
2 182 365 549 728 905 0
3 183 366 550 729 906 0
4 184 367 551 730 907 0
5 185 368 552 731 908 0
6 186 369 553 732 909 0
7 187 370 554 733 910 0
8 188 371 555 734 911 0
9 189 372 556 735 912 0
10 190 373 557 736 913 0
11 191 374 558 737 914 0
12 192 375 559 738 915 0
13 193 376 560 739 916 0
14 194 377 547 738 917 0
15 195 378 561 731 918 0
16 196 379 562 740 919 0
17 197 380 560 741 920 0
18 198 381 563 742 921 0
9 199 382 564 743 922 0
19 200 383 565 744 923 0
20 201 384 566 745 924 0
21 202 385 567 746 925 0
22 203 386 568 739 926 0
23 181 387 569 747 927 0
24 204 386 570 748 928 0
25 205 388 571 749 901 0
26 206 389 572 750 929 0
27 207 388 570 751 930 0
16 208 390 573 752 920 0
28 209 391 559 753 927 0
8 210 392 574 754 931 0
29 207 393 575 696 932 0
30 211 394 576 755 933 0
31 212 395 554 756 934 0
27 210 396 577 757 916 0
32 213 393 578 710 935 0
33 196 397 579 758 936 0
34 214 398 580 759 937 0
35 205 381 581 760 938 0
36 215 399 582 761 939 0
37 216 400 553 762 940 0
38 217 401 583 763 941 0
39 213 402 584 764 942 0
40 218 403 585 765 943 0
41 219 404 586 751 944 0
4 220 405 587 731 945 0
42 221 406 588 766 946 0
43 222 407 589 767 947 0
19 191 408 590 768 948 0
44 223 409 591 769 949 0
45 224 410 592 770 950 0
46 225 411 593 771 951 0
47 226 412 594 772 939 0
48 227 413 595 773 918 0
49 228 365 596 773 952 0
50 229 414 597 774 953 0
51 230 415 589 775 954 0
49 231 416 598 776 955 0
6 232 417 599 777 956 0
52 233 418 600 778 957 0
53 203 419 601 779 946 0
54 234 378 602 780 958 0
55 235 376 596 781 919 0
56 236 417 561 782 959 0
44 237 420 554 783 960 0
57 238 421 603 784 961 0
58 239 422 604 740 962 0
59 240 423 605 785 963 0
60 235 424 606 786 964 0
61 241 425 607 787 965 0
54 242 426 567 788 928 0
62 236 427 608 789 922 0
63 243 428 609 768 966 0
64 244 415 578 779 967 0
65 245 429 610 790 923 0
14 220 364 611 771 968 0
66 246 430 612 791 969 0
30 247 379 613 792 970 0
67 248 431 614 641 900 0
68 238 432 615 790 971 0
69 249 419 616 793 972 0
70 197 433 617 794 973 0
71 250 434 618 795 974 0
72 251 435 619 796 975 0
73 252 436 620 797 976 0
48 253 437 621 798 977 0
74 254 438 622 779 951 0
8 255 439 553 799 978 0
75 256 440 623 800 945 0
76 229 441 624 801 918 0
52 257 409 625 799 979 0
77 254 420 626 802 958 0
78 258 433 627 803 980 0
7 259 442 628 804 981 0
79 260 397 472 753 982 0
68 244 368 629 805 983 0
80 261 443 630 756 979 0
49 262 444 631 806 924 0
81 263 445 632 765 984 0
82 264 387 581 807 985 0
83 265 351 633 808 915 0
24 266 446 634 809 934 0
84 267 447 520 810 913 0
85 268 375 635 811 986 0
86 269 448 636 809 987 0
52 270 390 633 812 944 0
87 212 449 637 813 952 0
88 271 440 638 814 988 0
89 253 450 594 727 989 0
77 272 399 608 815 990 0
71 273 451 639 816 991 0
90 185 452 622 817 992 0
91 221 453 640 818 968 0
92 274 454 605 819 993 0
62 275 385 641 813 994 0
93 275 455 579 795 995 0
9 212 368 642 677 996 0
94 276 456 643 820 954 0
95 251 452 644 794 997 0
10 277 457 645 820 998 0
34 278 362 646 821 998 0
86 243 435 566 815 999 0
62 279 458 603 649 955 0
96 228 406 647 822 1000 0
97 263 459 634 736 898 0
98 277 460 648 752 993 0
99 280 390 649 783 1001 0
80 281 456 550 823 1002 0
100 282 461 650 819 1003 0
7 283 462 602 650 970 0
20 284 463 651 729 1004 0
79 225 464 556 824 1005 0
33 285 465 652 825 1002 0
101 206 466 592 734 1006 0
102 220 467 579 784 981 0
103 286 468 653 826 1007 0
76 287 370 654 806 911 0
20 288 402 655 827 963 0
104 289 469 656 756 1008 0
6 290 470 657 828 930 0
36 291 471 606 733 1009 0
88 264 389 550 829 978 0
5 292 365 658 830 999 0
105 293 367 659 831 988 0
106 242 472 595 823 962 0
37 279 473 660 832 977 0
94 240 438 512 833 985 0
77 294 401 661 834 929 0
107 192 443 620 834 1010 0
71 295 394 570 835 1011 0
53 233 363 612 797 980 0
108 296 474 651 762 983 0
109 275 433 625 836 942 0
110 247 475 654 837 951 0
111 297 386 662 830 929 0
112 266 408 611 782 969 0
67 226 476 663 838 996 0
22 298 477 664 839 1009 0
113 299 432 665 840 1012 0
114 283 478 588 841 1013 0
99 228 479 666 842 1014 0
115 271 480 667 843 1015 0
116 300 463 615 767 1016 0
60 211 481 614 844 1017 0
117 209 396 668 845 950 0
118 301 404 607 727 960 0
97 302 482 669 816 1018 0
42 303 402 670 846 986 0
51 304 370 671 827 1019 0
112 305 476 672 847 1004 0
81 306 389 673 752 1020 0
119 207 475 672 848 1021 0
26 193 432 674 775 945 0
120 239 483 675 676 1005 0
17 216 436 676 849 971 0
60 307 473 677 800 903 0
121 182 407 602 739 977 0
122 272 484 678 758 1022 0
67 213 452 679 834 1023 0
91 291 485 680 832 1024 0
123 262 470 616 810 914 0
3 308 458 681 805 910 0
96 309 455 558 849 963 0
79 310 486 680 836 921 0
95 311 480 557 844 910 0
46 312 487 682 730 976 0
124 304 467 683 850 0 0
125 204 422 546 734 938 0
104 248 488 684 748 0 0
126 290 422 594 851 0 0
117 286 464 613 852 1023 0
101 313 427 685 769 987 0
127 314 437 686 732 1018 0
80 315 428 687 853 0 0
103 300 375 632 854 1019 0
128 316 489 515 785 938 0
27 315 372 669 855 0 0
100 317 490 641 856 0 0
48 189 488 671 807 968 0
129 201 491 628 857 899 0
73 285 451 586 642 0 0
108 318 418 650 741 0 0
70 319 492 610 760 954 0
21 190 412 655 855 920 0
130 247 493 688 764 0 0
1 276 489 649 858 980 0
120 320 482 607 843 935 0
38 321 367 577 772 1001 0
131 200 439 587 848 974 0
132 227 436 622 835 0 0
32 287 494 653 859 0 0
102 322 469 689 860 909 0
127 259 493 623 761 952 0
133 323 363 655 760 988 0
101 208 495 571 805 909 0
113 187 448 639 861 908 0
44 210 496 652 788 0 0
134 324 497 615 862 0 0
53 261 455 582 755 0 0
113 325 473 523 833 0 0
105 326 442 604 751 940 0
122 323 490 587 833 953 0
16 187 498 690 811 0 0
128 299 499 656 802 1003 0
66 274 500 636 863 994 0
88 324 447 691 864 933 0
106 241 409 692 865 0 0
14 327 501 557 819 0 0
72 184 481 662 720 1012 0
135 233 383 693 738 1000 0
136 239 502 672 866 955 0
137 218 503 694 846 989 0
11 192 504 563 809 0 0
138 287 483 691 856 0 0
139 328 505 625 737 0 0
120 217 501 612 867 0 0
58 313 463 644 814 974 0
133 186 462 517 825 915 0
26 329 494 640 808 930 0
140 320 462 629 789 0 0
115 198 437 575 849 0 0
141 308 506 664 868 0 0
65 201 507 637 869 0 0
142 328 457 639 870 0 0
143 322 373 695 815 0 0
18 290 508 549 783 0 0
144 330 380 634 866 1023 0
31 324 412 696 868 0 0
112 331 449 616 841 931 1020
83 250 406 697 798 0 0
55 314 392 675 853 0 0
145 281 509 698 778 0 0
146 332 485 620 871 953 0
93 311 510 626 872 0 0
63 333 441 645 748 0 0
40 276 511 619 865 0 0
123 334 394 699 873 990 0
34 331 512 583 826 989 0
147 223 513 695 742 0 0
124 216 398 673 724 912 0
148 335 442 558 820 925 0
149 194 514 610 874 0 0
150 336 434 530 875 935 0
36 337 500 595 876 0 0
137 338 395 569 852 993 0
119 312 515 629 826 0 0
151 282 516 700 737 0 0
152 243 467 701 864 0 0
13 336 403 702 771 0 0
153 225 407 696 791 0 0
81 260 517 596 877 0 0
61 339 408 556 781 0 0
119 340 471 555 877 0 0
123 304 506 518 853 0 0
154 256 482 703 878 0 0
22 338 361 689 879 991 0
125 202 420 682 777 947 0
74 193 504 548 880 0 0
121 211 453 569 881 0 0
154 268 518 682 882 1004 0
141 329 460 704 786 1002 0
155 341 426 686 883 983 0
110 342 380 621 884 1011 0
156 198 460 490 780 0 0
86 343 383 640 824 0 0
157 234 403 678 722 966 0
152 344 468 617 863 1024 0
118 345 519 699 885 992 0
158 333 520 689 871 0 0
159 196 521 568 846 912 0
13 286 522 638 803 956 0
64 305 443 705 736 0 0
157 190 523 675 828 1007 0
156 224 524 677 886 957 0
15 346 491 706 873 987 0
78 347 525 660 745 0 0
37 348 454 601 746 1016 0
63 206 360 663 804 0 0
134 270 526 705 875 0 0
153 331 516 644 743 0 0
160 217 413 585 848 0 0
139 284 404 599 887 1017 0
1 330 527 657 888 1012 0
117 349 444 609 878 0 0
72 350 497 624 880 0 0
41 297 392 690 889 0 0
45 351 493 525 890 992 0
73 231 491 707 868 0 0
161 229 528 686 882 0 0
151 265 428 665 857 0 0
162 322 425 584 891 937 0
47 214 453 698 861 959 0
45 310 510 706 865 1007 0
54 327 495 708 875 0 0
127 303 468 700 797 965 0
163 325 529 667 726 1006 0
164 352 466 709 891 0 0
126 246 530 608 821 971 0
65 353 531 710 892 0 0
89 302 350 711 822 950 0
159 354 505 606 873 0 0
165 293 532 701 835 0 0
166 319 405 613 893 1016 0
87 311 445 712 894 0 0
167 256 533 565 726 942 0
116 343 524 555 798 937 0
108 253 520 593 869 1006 0
168 303 457 561 796 0 0
98 258 434 635 850 996 0
28 355 506 552 740 0 0
70 189 529 713 862 0 0
132 209 498 611 851 973 0
125 329 532 660 787 900 0
162 231 440 662 753 0 0
155 245 498 614 759 926 0
137 356 492 623 888 913 0
93 267 371 714 839 934 0
169 357 523 715 813 907 0
94 358 534 716 750 0 0
170 306 502 624 744 0 0
83 237 400 643 895 924 0
55 194 478 648 839 976 0
128 182 533 717 855 0 0
142 267 513 551 791 962 0
170 205 535 707 818 958 0
61 299 531 688 810 0 0
35 241 478 684 845 0 0
4 219 459 516 832 911 0
142 289 466 718 842 904 0
47 355 528 719 842 0 0
165 333 391 700 735 967 0
169 246 391 643 859 1014 0
171 222 536 627 684 0 0
140 297 526 609 746 906 0
12 298 496 589 878 943 0
172 321 527 565 895 0 0
151 359 502 547 795 0 0
140 214 513 627 786 0 0
111 230 524 692 892 0 0
107 318 536 562 874 0 0
110 284 503 706 825 1014 0
3 278 505 703 854 0 0
19 288 508 714 803 998 0
173 301 537 716 745 1021 0
23 292 538 577 800 1019 0
135 310 539 719 860 0 0
42 183 540 709 837 905 0
165 270 471 679 742 0 0
131 309 421 690 772 967 0
161 272 514 543 792 0 0
38 260 499 695 866 0 0
10 227 535 693 856 0 0
145 339 385 542 887 985 0
160 335 497 698 793 0 0
174 344 519 631 763 995 0
111 296 445 603 861 1008 0
152 186 538 618 896 925 0
131 349 500 656 749 1020 0
175 360 496 720 836 1021 0
155 281 487 564 840 901 0
163 250 487 721 880 948 0
130 278 439 663 776 0 0
141 199 539 697 765 999 0
156 181 362 687 837 0 0
74 359 430 573 886 0 0
50 326 381 652 822 0 0
109 269 377 669 859 906 0
82 237 476 722 840 0 0
172 202 485 646 829 1018 0
167 354 441 588 784 978 0
176 285 376 580 843 986 0
177 232 484 590 854 908 0
158 268 429 549 872 932 0
24 215 461 694 897 1015 0
17 360 508 564 747 964 0
84 215 541 548 728 940 0
68 347 470 693 863 0 0
174 244 521 621 799 966 0
178 293 477 571 887 1010 0
168 348 397 703 841 0 0
149 351 423 720 749 0 0
178 314 507 674 852 1000 0
114 184 427 630 877 0 0
96 242 435 642 828 941 0
124 294 511 598 885 991 0
15 261 494 574 838 961 0
98 345 474 665 769 0 0
148 308 425 694 754 1022 0
66 334 486 578 879 917 0
23 340 374 597 838 0 0
179 298 525 583 824 0 0
21 334 536 674 743 0 0
50 349 542 712 741 0 0
173 356 448 659 755 0 0
167 223 384 560 893 0 0
106 361 530 628 744 947 0
97 289 400 699 778 902 0
89 339 540 574 895 0 0
2 188 543 683 782 0 0
41 347 456 708 845 1015 0
59 222 366 631 732 0 0
29 280 398 559 774 990 0
175 295 499 573 729 959 0
32 341 461 718 763 0 0
90 279 429 718 896 0 0
177 302 532 707 858 0 0
116 248 378 688 867 0 0
133 307 537 661 766 994 0
129 204 464 705 774 975 0
43 315 544 702 725 0 0
153 277 369 582 807 0 0
136 353 382 626 831 972 0
173 264 543 568 898 1003 0
159 323 531 666 883 949 0
163 300 401 645 787 921 0
150 219 545 723 888 946 0
130 350 415 648 894 0 0
30 358 413 712 860 0 0
29 356 509 692 785 956 0
76 258 541 715 790 0 0
144 221 480 722 770 0 0
175 234 450 601 899 0 0
164 296 438 704 757 995 0
150 280 488 510 893 931 0
176 340 458 713 802 917 0
57 273 503 563 730 0 0
91 301 382 522 764 936 0
46 259 535 580 889 984 0
84 346 379 605 900 0 0
126 319 424 584 768 944 0
148 195 430 724 901 982 0
33 226 534 636 902 0 0
166 305 517 664 817 0 0
109 312 416 678 892 0 0
180 326 529 646 817 961 0
158 362 472 711 808 0 0
139 254 444 575 725 0 0
12 282 416 576 801 0 0
51 271 542 633 796 926 0
157 354 446 538 759 997 0
39 318 511 659 889 914 0
147 306 431 586 827 0 0
169 191 519 702 829 970 0
161 330 411 526 885 1013 0
107 337 417 691 757 0 0
64 317 384 709 903 948 0
143 313 515 671 897 957 0
90 336 540 562 881 0 0
146 230 501 647 864 922 0
147 337 492 697 847 0 0
56 357 465 572 897 0 0
166 188 451 725 761 0 0
134 240 518 590 766 982 0
18 346 537 681 850 916 0
35 185 527 576 899 969 0
179 235 447 721 794 928 0
69 321 423 687 898 0 0
160 288 545 668 780 919 0
135 342 512 723 728 0 0
104 357 411 647 681 0 0
177 359 395 667 883 0 0
172 307 393 685 758 984 0
40 332 371 552 902 1017 0
146 245 369 716 793 1011 0
178 262 431 726 823 0 0
75 236 358 600 767 1024 0
95 295 374 704 821 0 0
87 341 533 604 818 0 0
168 238 546 723 886 1010 0
164 269 545 724 775 0 0
171 327 475 717 781 0 0
75 345 388 714 801 1005 0
57 355 377 638 872 941 0
121 352 483 591 871 973 0
105 266 479 635 844 0 0
170 332 454 710 812 905 0
138 255 479 713 890 975 0
114 218 486 701 762 0 0
85 283 372 572 812 0 0
82 344 539 551 811 903 0
171 263 414 670 776 960 0
162 342 544 567 870 1009 0
176 249 484 592 881 907 0
59 317 465 585 831 927 0
154 309 424 715 884 0 0
69 197 546 666 789 932 0
115 316 419 566 874 0 0
174 252 399 717 814 0 0
179 353 414 630 858 981 0
100 208 522 711 870 0 0
31 200 495 617 792 0 0
102 291 450 632 890 923 0
143 255 504 637 882 936 0
25 183 405 719 857 972 0
136 273 418 668 830 0 0
28 316 459 661 788 0 0
118 249 426 658 735 0 0
149 199 446 651 750 965 0
56 203 547 679 806 0 0
78 195 387 593 894 949 0
92 320 410 683 862 1001 0
92 257 449 597 891 943 0
58 292 509 680 869 1022 0
132 338 366 685 867 0 0
11 348 514 591 773 1008 0
122 251 396 673 884 904 0
145 252 410 657 879 0 0
2 335 474 653 876 0 0
25 343 541 598 777 979 0
103 257 481 708 816 0 0
99 232 544 581 804 997 0
144 274 477 658 851 933 0
5 363 469 654 721 0 0
39 224 528 618 733 0 0
129 325 364 600 754 0 0
43 294 421 507 847 0 0
138 361 534 670 896 964 0
85 328 489 676 770 939 0
180 352 521 619 876 0 0
180 265 373 599 747 1013 0
