1024 284
5 19
5 5 5 5 5 5 5 5 5 5 5 5 5 5 5 5 5 5 5 5 5 5 5 5 5 5 5 5 5 5 5 5 5 5 5 5 5 5 5 5 5 5 5 5 5 5 5 5 5 5 5 5 5 5 5 5 5 5 5 5 5 5 5 5 5 5 5 5 5 5 5 5 5 5 5 5 5 5 5 5 5 5 5 5 5 5 5 5 5 5 5 5 5 5 5 5 5 5 5 5 5 5 5 5 5 5 5 5 5 5 5 5 5 5 5 5 5 5 5 5 5 5 5 5 5 5 5 5 5 5 5 5 5 5 5 5 5 5 5 5 5 5 5 5 5 5 5 5 5 5 5 5 5 5 5 5 5 5 5 5 5 5 5 5 5 5 5 5 5 5 5 5 5 5 5 5 5 5 5 5 5 5 5 5 5 5 5 5 5 5 5 5 5 5 5 5 5 5 5 5 5 5 5 5 5 5 5 5 5 5 5 5 5 5 5 5 5 5 5 5 5 5 5 5 5 5 5 5 5 5 5 5 5 5 5 5 5 5 5 5 5 5 5 5 5 5 5 5 5 5 5 5 5 5 5 5 5 5 5 5 5 5 5 5 5 5 5 5 5 5 5 5 5 5 5 5 5 5 5 5 5 5 5 5 5 5 5 5 5 5 5 5 5 5 5 5 5 5 5 5 5 5 5 5 5 5 5 5 5 5 5 5 5 5 5 5 5 5 5 5 5 5 5 5 5 5 5 5 5 5 5 5 5 5 5 5 5 5 5 5 5 5 5 5 5 5 5 5 5 5 5 5 5 5 5 5 5 5 5 5 5 5 5 5 5 5 5 5 5 5 5 5 5 5 5 5 5 5 5 5 5 5 5 5 5 5 5 5 5 5 5 5 5 5 5 5 5 5 5 5 5 5 5 5 5 5 5 5 5 5 5 5 5 5 5 5 5 5 5 5 5 5 5 5 5 5 5 5 5 5 5 5 5 5 5 5 5 5 5 5 5 5 5 5 5 5 5 5 5 5 5 5 5 5 5 5 5 5 5 5 5 5 5 5 5 5 5 5 5 5 5 5 5 5 5 5 5 5 5 5 5 5 5 5 5 5 5 5 5 5 5 5 5 5 5 5 5 5 5 5 5 5 5 5 5 5 5 5 5 5 5 5 5 5 5 5 5 5 5 5 5 5 5 5 5 5 5 5 5 5 5 5 5 5 5 5 5 5 5 5 5 5 5 5 5 5 5 5 5 5 5 5 5 5 5 5 5 5 5 5 5 5 5 5 5 5 5 5 5 5 5 5 5 5 5 5 5 5 5 5 5 5 5 5 5 5 5 5 5 5 5 5 5 5 5 5 5 5 5 5 5 5 5 5 5 5 5 5 5 5 5 5 5 5 5 5 5 5 5 5 5 5 5 5 5 5 5 5 5 5 5 5 5 5 5 5 5 5 5 5 5 5 5 5 5 5 5 5 5 5 5 5 5 5 5 5 5 5 5 5 5 5 5 5 5 5 5 5 5 5 5 5 5 5 5 5 5 5 5 5 5 5 5 5 5 5 5 5 5 5 5 5 5 5 5 5 5 5 5 5 5 5 5 5 5 5 5 5 5 5 5 5 5 5 5 5 5 5 5 5 5 5 5 5 5 5 5 5 5 5 5 5 5 5 5 5 5 5 5 5 5 5 5 5 5 5 5 5 5 5 5 5 5 5 5 5 5 5 5 5 5 5 5 5 5 5 5 5 5 5 5 5 5 5 5 5 5 5 5 5 5 5 5 5 5 5 5 5 5 5 5 5 5 5 5 5 5 5 5 5 5 5 5 5 5 5 5 5 5 5 5 5 5 5 5 5 5 5 5 5 5 5 5 5 5 5 5 5 5 5 5 5 5 5 5 5 5 5 5 5 5 5 5 5 5 5 5 5 5 5 5 5 5 5 5 5 5 5 5 5 5 5 5 5 5 5 5 5 5 5 5 5 5 5 5 5 5 5 5 5 5 5 5 5 5 5 5 5 5 5 5 5 5 5 5 5 5 5 5 5 5 5 5 5 5 5 5 5 5 5 5 5 5 5 5 5 5 5 5 5 5 5 5 5 5 5 5 5 5 5 5 5 5 5 5 5 5 5 5 5 5 5 5 5 5 5 5 5 5 5 5 5 5 5 5 5 5 5 5 5 5 5 5 5 5 5 5 5 5 5 5 5 5 5 5 5 5 5 5 5 5 5 5 5 5 5 5 5 5 5 5 5 5 5 5 5 5 5 5 5 5 5 5 5 5 5 5 5 5 5 5 5 5 5 5 5 5 5 5 5 5 5 5 5
19 18 18 18 18 18 18 18 18 18 18 18 18 18 18 18 18 18 18 18 18 18 18 18 18 18 18 18 18 18 18 18 18 18 19 18 18 18 18 18 18 18 18 18 18 18 18 18 18 18 18 18 18 18 18 19 18 18 18 18 18 18 19 18 18 18 18 18 18 18 18 18 18 18 19 18 18 18 18 18 18 18 18 18 18 18 18 18 18 18 18 18 18 18 18 18 18 18 18 18 18 18 18 18 18 18 18 18 18 18 18 18 18 18 18 18 18 18 18 18 18 18 18 18 18 18 18 18 18 18 18 18 18 18 18 18 18 18 18 18 19 18 18 18 18 19 18 18 18 18 18 18 18 18 18 18 18 18 18 18 18 18 18 18 18 18 18 18 18 18 18 19 18 18 18 18 18 18 18 18 18 18 18 18 18 18 18 18 18 18 18 18 18 18 18 18 18 18 18 18 18 18 18 18 18 18 18 18 18 18 18 18 18 18 18 18 18 18 18 18 18 18 18 18 18 18 18 18 18 18 18 18 18 18 18 18 18 18 18 18 18 18 18 18 18 18 18 18 18 18 18 18 18 18 18 18 18 18 18 18 18 18 18 18 18 18 18 18 18 18 18 18 18 18 18 18 18 18 18 18 18 18 18 18
1 109 160 220 278
2 24 95 183 190
3 31 73 75 281
4 16 46 50 69
5 10 63 65 198
6 125 187 241 276
7 40 121 143 154
8 15 118 157 215
9 94 131 210 250
11 27 71 76 193
12 86 111 147 219
13 54 195 209 218
14 92 128 270 277
17 20 106 175 271
18 42 224 232 233
19 113 133 225 268
21 64 72 138 239
22 77 141 182 251
23 80 112 159 197
25 137 244 255 282
26 90 163 192 222
28 35 116 227 283
29 99 164 167 237
30 47 104 166 185
32 33 53 205 217
34 51 58 91 245
36 41 84 122 169
37 139 184 249 273
38 129 236 260 274
39 89 97 221 264
43 66 68 148 181
44 142 158 161 247
45 123 134 172 216
48 56 88 101 211
49 115 178 253 265
52 67 87 130 171
55 117 153 173 207
57 82 235 258 261
59 70 96 168 272
60 81 83 110 120
61 108 156 212 263
62 150 196 214 242
74 85 170 266 284
78 100 140 188 257
79 186 229 230 248
93 124 240 269 275
98 105 152 194 199
102 127 132 223 256
103 126 191 226 228
107 135 145 262 280
114 146 151 155 267
119 149 162 246 279
136 176 177 213 252
144 174 202 204 238
165 200 203 231 243
179 180 201 206 208
189 234 254 256 259
1 47 119 195 263
2 15 86 102 272
3 21 41 65 74
4 28 77 253 275
5 51 53 68 185
6 66 107 112 216
7 18 22 96 120
8 173 194 211 280
9 130 152 163 273
10 20 99 204 244
11 165 214 237 268
12 78 142 261 277
13 126 155 179 230
14 19 39 136 236
16 139 150 229 259
17 23 60 114 264
24 75 113 116 206
25 26 108 124 158
27 84 88 109 143
29 125 188 210 226
30 207 224 234 274
31 134 171 232 258
32 49 57 243 267
33 35 105 186 252
34 76 132 240 271
36 94 106 260 265
37 85 97 262 279
38 81 187 199 235
40 82 144 215 249
42 167 181 212 283
43 201 239 251 270
44 79 122 221 231
45 98 100 209 269
46 164 197 219 278
48 151 166 242 281
50 90 121 148 191
52 92 103 160 217
54 168 196 198 250
55 89 91 180 255
56 67 95 161 266
58 111 192 238 246
59 159 162 169 213
61 118 241 245 248
62 117 138 176 257
63 83 140 225 254
64 80 115 127 222
69 87 137 149 157
70 129 174 193 247
71 147 182 218 284
72 101 123 200 202
73 128 154 189 282
93 110 131 153 190
104 175 177 183 276
90 133 146 170 220
135 141 203 223 228
44 145 227 250 278
156 172 184 205 208
178 190 230 233 279
1 24 34 138 235
2 41 98 148 255
3 32 69 125 247
4 39 47 194 204
5 152 162 200 206
6 13 88 163 277
7 33 78 97 132
8 76 172 213 226
9 18 176 244 267
10 38 52 79 127
11 35 87 112 153
12 30 113 135 137
14 74 110 150 212
15 72 114 227 274
16 106 201 258 272
17 100 109 203 233
19 51 115 209 249
20 95 121 147 242
21 103 246 268 275
22 55 123 220 229
23 54 189 205 238
25 71 101 139 276
26 29 82 166 186
27 57 61 63 262
28 48 70 91 254
31 108 117 126 219
36 67 120 177 195
37 49 84 99 251
40 93 107 160 231
42 83 193 216 222
43 151 169 240 248
45 73 85 104 210
46 140 179 266 281
50 81 165 185 271
53 146 149 182 260
56 75 89 198 228
58 59 171 188 256
60 118 142 252 253
62 77 192 221 224
64 128 144 175 280
65 116 141 173 269
66 94 111 232 282
68 130 174 223 237
80 143 180 257 259
86 165 178 184 270
92 158 159 224 225
96 113 131 241 264
102 119 136 261 281
105 129 167 191 196
122 133 134 187 207
124 208 214 215 236
145 183 243 257 273
154 155 199 202 284
77 156 161 175 197
157 168 181 217 257
164 218 234 239 265
170 211 245 259 283
8 85 121 186 263
1 115 129 179 282
2 29 139 160 236
3 18 76 249 254
4 61 67 102 216
5 46 142 144 274
6 116 140 215 244
7 124 146 164 235
9 63 207 217 284
10 172 190 245 277
11 30 79 156 162
12 73 112 204 220
13 42 75 253 271
14 15 34 161 243
16 89 99 108 177
17 26 107 138 171
19 20 152 193 227
21 95 105 134 262
22 69 145 159 265
23 90 200 261 280
24 50 55 100 151
25 43 199 210 268
27 92 120 166 238
28 45 68 126 150
31 60 167 192 208
32 130 197 211 233
33 70 119 163 239
35 158 183 228 258
36 155 203 246 283
37 38 173 195 272
39 117 137 237 240
40 54 101 188 222
41 80 202 241 279
44 49 153 242 256
47 83 141 205 248
48 94 98 127 133
51 78 87 114 251
52 57 72 170 255
53 74 201 226 273
56 148 252 260 278
58 88 104 196 231
59 64 97 110 147
62 84 149 174 269
65 81 143 219 267
66 132 178 206 263
71 82 91 135 270
86 131 189 194 247
93 111 223 229 266
96 103 122 184 218
106 123 125 181 221
109 128 168 182 187
118 119 180 191 225
136 154 157 185 275
169 212 234 250 276
124 176 198 230 256
209 213 214 232 264
1 53 221 268 277
2 5 85 117 222
3 111 235 251 252
4 33 155 214 255
6 49 180 186 274
7 201 203 216 250
8 110 129 151 258
9 31 78 159 231
10 166 191 197 209
11 60 125 154 239
12 38 61 62 101
13 87 236 254 280
14 130 218 220 262
15 88 135 176 199
16 118 138 210 238
17 22 48 74 237
18 89 185 188 227
19 56 79 189 267
20 91 102 158 187
21 47 90 139 233
23 70 93 99 134
24 52 143 213 247
25 46 195 217 245
26 63 73 96 211
27 45 136 206 234
28 86 144 146 171
29 50 115 168 224
30 40 106 126 170
32 169 204 222 228
34 84 194 198 232
35 94 109 202 208
36 68 105 156 264
37 72 131 140 271
39 41 107 179 182
42 57 184 223 260
43 80 116 142 160
4 44 65 71 167
51 75 92 164 229
54 76 149 183 219
55 88 212 249 275
58 95 108 112 253
59 178 244 261 278
64 67 184 196 240
66 120 243 269 284
69 82 103 132 173
27 77 133 230 273
81 137 226 242 283
83 121 145 246 272
94 97 157 193 197
98 147 177 205 224
67 82 100 162 282
104 153 181 225 235
76 99 113 128 148
114 122 150 163 282
118 123 127 183 270
138 141 152 276 281
161 188 207 214 279
165 176 241 258 266
90 140 172 174 265
53 134 175 178 259
73 84 190 200 215
74 87 192 248 278
44 100 236 238 263
1 31 101 157 223
2 79 140 232 275
3 25 121 127 264
5 145 189 233 235
6 103 108 151 161
7 10 139 253 262
8 46 133 203 206
9 12 17 50 156
11 42 179 252 269
13 16 141 169 247
14 149 153 155 186
15 93 166 196 265
18 39 45 64 66
19 60 162 173 240
20 160 202 212 230
21 40 142 147 168
22 34 122 177 208
23 65 104 163 260
24 60 182 201 256
26 143 205 227 266
28 200 207 213 248
29 36 72 112 231
30 33 159 171 190
32 152 246 257 270
35 110 185 267 277
37 132 136 150 219
38 126 239 243 254
41 96 193 229 261
43 102 111 211 263
47 49 56 78 187
48 128 216 279 283
51 119 125 131 280
52 83 97 215 276
54 77 165 180 272
55 61 92 175 181
57 58 85 116 154
59 62 137 203 249
63 80 86 135 221
68 69 124 147 195
70 75 123 144 199
71 115 204 237 248
81 107 172 234 284
89 98 130 241 242
91 105 120 198 219
95 129 146 209 255
106 167 194 226 279
68 109 225 274 281
113 192 217 251 271
114 148 158 164 262
117 218 244 245 250
70 170 191 208 268
113 174 220 231 259
49 162 210 228 273
1 74 98 172 204
2 40 132 141 202
3 67 197 222 230
4 21 51 176 211
5 48 121 138 184
6 85 189 237 281
7 23 46 152 161
8 12 107 193 256
9 34 39 144 165
10 183 217 224 240
11 80 83 90 250
13 80 105 190 275
14 44 101 116 191
15 42 151 245 284
16 71 154 196 253
17 129 164 205 270
18 123 186 239 268
19 22 76 146 258
20 148 213 239 249
24 59 86 94 155
25 96 106 136 283
26 38 122 206 269
27 73 188 266 280
28 66 78 218 238
29 97 176 263 271
30 43 198 265 272
31 61 150 227 277
32 104 229 241 273
33 57 117 128 185
35 62 133 167 200
36 55 142 157 282
37 112 142 166 267
41 120 143 160 225
45 159 215 247 271
47 181 201 207 219
50 84 223 274 279
22 52 119 214 254
53 158 173 179 232
54 64 103 233 252
56 118 172 182 246
58 69 72 81 278
63 93 139 145 226
65 99 127 171 180
75 153 175 209 243
25 77 87 110 168
79 109 111 195 226
82 131 174 199 244
88 134 162 234 236
89 115 149 212 259
91 169 210 216 266
92 126 141 242 264
95 100 135 178 251
102 108 137 205 257
114 160 170 194 276
48 124 130 156 221
125 192 255 260 261
86 163 187 220 228
131 133 150 159 177
1 19 23 234 283
2 52 81 151 257
3 30 42 62 163
4 85 124 136 169
5 69 210 220 241
6 12 76 115 229
7 192 223 259 273
8 11 73 92 152
9 149 214 265 277
10 128 146 179 215
13 34 97 121 207
14 111 138 237 245
15 21 29 33 209
16 77 123 153 189
17 116 127 193 284
18 24 129 157 228
20 53 87 103 203
26 58 67 145 181
27 75 79 137 182
28 32 36 143 278
31 64 155 243 263
35 63 74 191 249
37 50 93 216 248
38 84 89 102 275
39 55 190 262 267
40 78 130 180 252
41 117 204 232 270
43 105 165 177 236
44 73 82 107 240
45 49 60 96 280
46 57 139 158 178
47 94 114 196 246
51 65 186 218 272
54 104 135 206 230
56 109 167 231 254
59 118 122 144 227
61 119 120 202 251
66 125 134 174 242
68 70 100 194 250
71 126 185 212 225
72 113 184 187 198
83 112 161 221 258
88 183 201 233 268
90 95 156 199 256
90 91 173 224 281
98 132 164 166 253
99 168 211 247 282
101 140 164 195 260
106 154 222 264 269
108 188 197 200 274
110 148 175 208 261
114 147 171 216 244
170 213 217 235 238
24 93 232 255 276
1 95 136 228 284
2 9 204 221 278
3 17 84 165 227
4 66 146 183 252
5 14 94 195 214
6 27 145 251 253
7 51 56 72 225
8 68 89 190 246
10 36 134 161 222
11 101 102 270 274
12 16 134 168 230
13 82 172 194 273
15 178 192 210 247
18 46 48 149 223
19 29 108 127 159
20 65 179 205 259
21 121 137 206 238
22 98 153 274 280
23 44 55 81 272
25 30 109 218 243
26 76 151 176 261
28 40 245 262 276
31 35 111 156 268
32 67 107 236 279
33 43 101 167 242
34 42 123 139 154
37 54 160 200 268
38 104 141 188 250
39 115 177 193 234
41 58 155 207 235
45 47 198 258 264
49 79 100 184 245
50 59 77 80 254
52 78 105 175 203
53 171 196 208 211
57 125 147 186 197
60 74 220 233 255
61 71 140 189 240
62 103 120 212 282
63 64 88 133 169
69 128 152 170 237
70 117 131 215 267
36 75 85 166 173
83 99 116 226 266
86 150 248 269 271
87 187 209 231 281
91 130 148 199 275
92 112 129 244 257
96 97 144 183 185
106 113 158 249 267
110 132 135 241 265
30 118 202 217 283
112 119 138 143 229
122 197 213 260 277
115 124 157 162 182
126 180 224 261 263
142 181 237 239 256
163 174 191 219 240
51 90 159 201 234
1 14 93 171 173
2 96 248 265 281
3 47 52 128 208
4 100 113 246 266
5 9 76 202 276
6 77 105 206 243
7 20 54 75 162
8 204 219 251 272
10 136 170 189 271
11 205 225 262 273
12 116 139 210 231
13 78 81 99 156
15 66 123 175 182
16 82 111 212 218
17 25 65 224 229
18 29 56 221 253
19 24 72 103 125
21 91 223 249 250
22 73 178 180 222
23 110 179 236 256
26 80 94 95 244
27 98 149 150 235
28 122 140 186 255
31 37 130 172 257
32 46 154 227 258
33 45 129 133 144
34 131 193 220 275
35 121 168 176 209
38 74 97 108 194
39 42 119 201 215
40 53 195 279 282
41 61 69 167 271
43 71 84 92 127
44 83 118 126 166
48 160 163 196 259
49 67 68 151 199
50 104 233 264 278
55 106 148 188 254
54 57 164 177 283
58 191 200 214 270
59 88 132 184 239
60 87 89 135 284
62 198 216 226 277
63 117 141 192 213
64 85 86 158 181
70 107 153 185 263
79 114 143 165 260
102 138 146 230 280
109 207 222 241 252
120 142 145 174 228
124 152 190 203 217
137 161 187 211 252
147 155 169 232 238
65 157 227 242 247
88 155 228 245 269
1 38 166 169 241
2 44 78 171 219
3 15 39 239 269
4 29 60 63 265
5 21 106 119 127
6 7 64 69 275
8 98 200 230 250
9 19 36 212 280
10 111 124 135 154
11 75 115 121 197
12 31 47 153 282
13 58 84 140 151
14 23 164 209 267
16 87 174 178 262
17 52 77 96 187
18 105 131 211 257
20 37 55 101 134
22 136 179 217 247
24 81 130 231 240
25 95 246 259 277
26 30 91 183 194
27 32 56 82 129
28 73 79 80 273
33 173 193 226 270
34 66 102 150 201
35 190 205 207 281
40 89 120 128 274
41 50 57 141 210
42 104 161 162 170
43 202 206 216 261
45 113 122 160 204
46 74 99 109 185
48 97 159 181 266
49 114 144 223 233
51 137 148 198 215
53 85 133 165 234
59 126 157 232 283
61 117 143 158 163
62 112 132 236 255
67 141 237 244 258
68 93 94 125 168
70 116 184 221 248
71 103 156 188 213
72 176 192 203 264
76 145 167 224 238
83 136 138 147 199
86 110 177 214 251
90 157 180 243 268
92 107 186 249 253
100 172 256 272 279
108 139 146 225 242
118 260 263 276 284
123 152 196 235 254
142 182 189 208 220
149 175 218 229 278
20 72 127 191 195
1 32 45 148 180
2 10 53 94 100
3 8 57 132 282
4 36 74 117 121
5 170 183 244 263
6 58 139 162 202
7 104 118 133 271
9 23 96 237 269
11 120 144 158 218
12 27 41 64 95
13 103 131 178 185
14 213 256 283 284
15 77 140 149 205
16 56 102 184 200
17 54 161 235 241
18 71 153 172 259
19 37 82 145 165
21 169 174 186 224
22 50 173 221 260
24 28 44 147 243
25 33 80 84 179
26 156 159 228 239
29 75 194 251 255
30 230 232 262 268
31 163 238 253 264
34 47 65 126 203
35 66 70 76 142
38 83 210 212 257
39 87 122 175 265
40 135 152 211 266
42 67 92 106 134
43 55 114 182 195
46 60 68 226 231
48 62 81 108 109
49 113 197 216 247
51 59 129 207 246
52 93 112 123 188
61 89 107 155 261
63 98 167 171 220
69 168 229 234 252
73 78 208 250 272
79 219 222 225 279
85 138 190 192 249
86 105 217 267 273
88 111 116 119 258
90 177 206 242 270
91 181 189 196 277
97 166 201 214 240
99 110 191 198 254
101 125 150 204 281
115 137 143 223 276
124 199 233 248 274
128 130 193 209 245
146 187 227 236 275
151 154 160 164 215
7 158 176 278 280
1 42 143 150 231
2 43 179 264 283
3 63 107 114 190
4 87 109 120 163
5 72 186 211 256
6 68 92 204 265
8 79 216 218 268
9 145 169 173 178
10 56 112 131 272
11 32 139 208 230
12 28 60 151 274
13 144 152 182 239
14 18 53 142 159
15 36 126 174 233
16 25 49 90 103
17 21 254 269 277
19 40 100 177 226
20 44 47 130 206
22 29 101 203 219
23 51 57 77 276
24 189 197 221 236
26 45 52 191 220
27 33 125 153 245
30 65 192 200 212
31 38 70 113 132
34 175 215 224 257
35 46 104 242 275
37 39 116 118 168
41 184 201 209 227
48 148 165 202 232
50 76 91 94 280
54 74 93 133 258
55 111 129 137 222
58 106 156 225 237
59 66 170 195 251
61 134 183 255 281
62 89 199 262 266
64 180 214 238 284
67 85 98 160 248
69 71 73 99 181
75 95 240 270 279
78 96 110 115 246
80 205 234 247 260
81 88 97 102 122
82 105 119 187 271
83 149 217 249 263
84 123 128 166 250
86 164 185 207 244
108 157 171 172 241
117 147 210 229 282
121 136 162 196 223
124 155 167 193 252
127 138 154 194 267
135 188 198 235 259
140 141 243 253 261
146 161 176 181 228
195 213 271 273 278
1 89 167 178 249
2 7 125 218 228
3 19 102 106 140
4 45 110 130 239
5 126 149 251 268
6 46 169 199 236
8 13 52 122 198
9 69 105 123 146
10 15 54 202 203
11 55 99 132 278
12 48 131 170 173
14 50 205 241 261
16 104 215 265 274
17 152 157 245 272
18 100 107 242 277
20 207 233 267 280
21 22 70 82 200
23 26 43 118 141
24 49 74 224 264
25 81 237 250 262
27 30 60 112 179
28 38 134 139 204
29 31 41 77 213
32 117 150 165 220
33 182 225 248 257
34 86 192 253 283
35 163 193 223 244
36 113 145 175 186
37 67 143 164 252
39 58 63 129 266
40 111 136 148 197
42 137 160 176 229
44 119 159 269 276
47 72 92 95 98
51 171 183 222 284
53 93 144 155 161
56 73 135 191 194
57 114 217 231 270
59 124 151 201 238
61 78 185 196 282
62 88 91 177 260
64 142 162 172 211
65 66 84 210 235
68 87 133 214 259
71 75 108 221 256
76 120 127 247 263
79 101 154 174 246
80 166 188 208 219
83 153 158 206 275
85 103 187 232 240
90 168 212 226 255
94 147 189 190 227
96 209 230 234 258
97 109 138 156 216
115 116 128 243 281
121 180 254 273 279
35 130 159 184 279
1 52 58 114 134
2 16 66 73 197
3 164 169 242 280
4 14 189 201 223
5 60 77 163 207
6 25 31 152 166
7 11 12 29 157
8 27 104 191 283
9 82 151 175 192
10 72 133 182 194
13 62 146 173 241
15 120 139 167 266
17 105 158 256 268
18 80 110 213 220
19 217 244 254 260
20 118 184 231 269
21 155 178 198 276
22 225 227 239 263
23 83 132 160 232
24 135 177 216 275
26 185 193 230 251
28 67 111 176 277
30 48 93 117 129
32 91 179 237 271
33 59 90 154 221
34 187 188 206 247
36 119 147 181 209
37 53 65 215 284
38 43 51 98 278
39 76 121 161 255
40 41 109 125 238
42 64 100 202 205
44 45 63 115 261
46 112 126 172 262
47 79 131 234 270
49 85 107 137 156
50 95 103 204 236
54 89 122 138 224
55 116 170 240 274
56 70 190 214 235
57 153 199 272 281
61 128 141 145 218
68 97 106 149 196
69 148 162 171 212
71 142 180 210 264
74 75 124 140 183
78 174 243 248 258
81 84 150 195 203
86 127 136 257 265
87 101 108 186 273
88 99 123 219 252
92 113 168 222 233
94 144 226 253 259
96 165 250 267 282
102 143 208 228 246
9 200 229 245 249
29 151 179 193 211
1 83 194 196 260
2 135 146 212 256
3 24 77 186 262
4 98 112 195 254
5 104 105 115 130
6 30 74 174 245
7 26 37 92 283
8 10 62 113 235
11 82 85 96 242
12 100 152 183 191
13 59 119 197 282
14 78 117 133 202
15 58 226 267 281
16 28 132 190 209
17 31 39 94 276
18 25 102 156 265
19 141 229 233 272
20 69 155 177 223
21 99 182 259 263
22 90 131 161 165
23 34 109 172 176
27 80 118 185 199
32 71 138 201 275
33 76 126 234 269
35 52 68 248 273
36 42 43 189 266
38 87 91 125 208
40 150 164 230 247
41 67 103 249 264
44 95 97 180 220
45 48 142 225 243
46 61 111 157 207
47 93 122 261 284
49 149 203 215 222
50 65 110 134 231
51 84 145 219 258
53 60 127 137 153
54 106 166 171 210
55 72 73 86 238
56 66 160 162 237
57 121 175 214 228
63 205 218 232 253
64 79 124 187 255
70 108 143 211 279
75 169 188 192 277
81 140 147 159 270
88 136 227 244 280
89 139 200 239 240
101 144 173 252 271
107 170 206 241 246
114 154 181 204 250
116 167 257 268 278
120 178 213 216 224
123 158 198 217 236
128 129 163 221 251
148 160 168 184 274
1 102 238 251 254
2 50 112 113 180
3 38 116 207 255
4 80 81 139 152
5 22 176 201 248
6 20 119 135 150
7 31 114 205 229
8 59 164 202 269
9 46 67 72 247
10 107 141 208 266
11 124 188 211 271
12 77 94 126 167
13 36 183 204 259
14 52 99 199 230
15 43 73 133 153
16 76 117 179 242
17 41 216 220 236
18 40 68 122 241
19 65 75 129 184
21 25 48 123 185
23 45 120 155 277
24 121 128 158 222
26 74 137 169 195
27 78 89 147 226
28 168 197 240 284
29 191 223 239 267
30 108 132 252 276
32 39 93 109 245
33 95 127 177 281
34 125 227 264 282
35 82 225 253 256
37 42 91 98 243
44 104 144 194 214
47 69 163 165 274
49 63 92 206 219
51 111 181 182 200
53 58 97 105 272
54 61 96 159 260
55 56 110 217 234
57 60 212 232 273
62 100 210 213 244
64 101 170 231 249
66 79 86 90 196
70 130 203 224 270
71 161 173 174 190
83 154 162 235 278
84 131 138 175 268
85 134 140 142 280
87 166 189 193 246
88 186 215 237 279
103 145 148 149 221
106 151 157 178 218
115 118 192 233 250
136 143 146 156 262
171 209 257 275 283
144 172 187 197 261
33 39 198 202 263
84 228 230 265 267
4 23 37 185 258
1 8 103 242 274
2 129 142 176 238
3 117 119 196 278
5 81 179 223 253
6 21 75 225 247
7 25 130 173 183
9 49 87 111 190
10 89 123 148 276
11 167 172 248 251
12 70 105 169 246
13 77 164 212 281
14 65 100 147 160
15 28 85 195 244
16 31 63 67 269
17 108 135 168 243
18 166 194 266 272
19 143 187 203 245
20 88 93 146 283
22 24 124 174 268
26 55 69 213 279
27 97 151 256 277
29 42 74 114 228
30 52 121 150 157
32 68 127 170 219
34 46 110 204 273
35 80 132 161 261
36 78 214 224 227
38 66 211 226 240
40 51 64 139 220
41 113 188 215 252
43 90 112 217 218
44 50 193 208 282
45 54 82 232 254
47 59 133 149 257
48 58 122 158 180
53 102 118 236 237
56 92 137 178 271
57 101 216 221 284
60 79 145 171 249
61 125 177 259 265
62 72 99 153 250
71 128 134 233 260
73 162 199 264 270
76 109 140 154 262
83 95 104 131 184
86 91 191 205 206
94 192 229 231 239
96 141 186 235 275
98 116 163 175 263
106 107 120 189 207
115 152 159 165 198
126 138 200 209 241
136 182 222 255 258
155 156 181 210 234
63 75 172 201 280
1 35 56 141 146
1 58 116 174 229 292 345 403 457 516 571 627 683 740 797 854 910 969 1024
2 59 117 175 230 293 346 404 458 517 572 628 684 741 798 855 911 970 0
3 60 118 176 231 294 347 405 459 518 573 629 685 742 799 856 912 971 0
4 61 119 177 232 265 348 406 460 519 574 630 686 743 800 857 913 968 0
5 62 120 178 230 295 349 407 461 520 575 631 687 744 801 858 914 972 0
6 63 121 179 233 296 350 408 462 521 576 632 688 745 802 859 915 973 0
7 64 122 180 234 297 351 409 463 522 576 633 682 741 803 860 916 974 0
8 65 123 173 235 298 352 410 464 523 577 629 689 746 804 861 917 969 0
9 66 124 181 236 299 353 411 458 520 578 634 690 747 805 852 918 975 0
5 67 125 182 237 297 354 412 465 524 579 628 691 748 806 861 919 976 0
10 68 126 183 238 300 355 410 466 525 580 635 692 749 803 862 920 977 0
11 69 127 184 239 299 352 408 467 526 581 636 693 750 803 863 921 978 0
12 70 121 185 240 301 356 413 468 527 582 637 694 746 807 864 922 979 0
13 71 128 186 241 302 357 414 461 516 583 638 695 751 800 865 923 980 0
8 59 129 186 242 303 358 415 469 528 573 639 696 748 808 866 924 981 0
4 72 130 187 243 301 359 416 467 529 584 640 697 752 798 867 925 982 0
14 73 131 188 244 299 360 417 459 530 585 641 698 753 809 868 926 983 0
15 64 124 176 245 304 361 418 470 531 586 642 695 754 810 869 927 984 0
16 71 132 189 246 305 362 403 471 532 578 643 699 742 811 870 928 985 0
14 67 133 189 247 306 363 419 472 522 587 626 700 755 812 871 915 986 0
17 60 134 190 248 307 348 415 473 533 575 644 698 756 813 872 929 973 0
18 64 135 191 244 308 362 381 474 534 588 645 701 756 814 873 914 987 0
19 73 136 192 249 309 351 403 475 535 583 634 702 757 815 874 930 968 0
2 74 116 193 250 310 364 418 456 532 589 646 703 758 816 856 931 987 0
20 75 137 194 251 294 365 389 476 530 590 647 697 759 802 869 929 974 0
21 75 138 188 252 311 366 420 477 536 591 648 704 757 817 860 932 988 0
10 76 139 195 253 274 367 421 462 537 592 636 705 760 804 875 933 989 0
22 61 140 196 254 312 368 422 478 538 593 646 693 761 818 867 934 981 0
23 77 138 175 255 313 369 415 471 531 574 649 701 762 803 853 935 990 0
24 78 127 183 256 314 370 405 476 508 591 650 706 760 819 859 936 991 0
3 79 141 197 236 292 371 423 479 539 581 651 707 762 802 868 916 982 0
25 80 118 198 257 315 372 422 480 540 592 627 692 763 820 876 937 992 0
25 81 122 199 232 314 373 415 481 541 594 647 705 764 821 877 938 966 0
26 82 116 186 258 308 353 413 482 542 595 652 708 765 822 874 939 993 0
22 81 126 200 259 316 374 424 479 543 596 653 709 766 796 878 940 994 1024
27 83 142 201 260 313 375 422 465 499 578 630 696 767 823 879 922 995 0
28 84 143 202 261 317 376 425 483 539 587 643 710 768 824 860 941 968 0
29 85 125 202 239 318 366 426 484 544 571 654 707 761 825 880 912 996 0
30 71 119 203 262 304 353 427 485 545 573 655 710 769 826 868 937 966 0
7 86 144 204 256 307 346 428 478 546 597 656 699 770 827 881 927 997 0
27 60 117 205 262 319 377 429 486 547 598 636 711 762 827 882 926 998 0
15 87 145 185 263 300 358 405 482 545 599 657 683 771 828 879 941 990 0
31 88 146 194 264 320 370 430 481 548 600 658 684 757 825 879 924 999 0
32 89 113 206 265 291 357 431 475 549 572 646 700 772 829 883 942 1000 0
33 90 147 196 253 304 378 432 487 541 601 627 704 743 829 884 930 1001 0
4 91 148 178 251 298 351 433 470 540 602 659 709 745 830 885 918 993 0
24 58 119 207 248 321 379 434 487 518 581 652 700 773 831 886 943 1002 0
34 92 140 208 244 322 349 399 470 550 603 660 712 750 819 884 929 1003 0
35 80 143 206 233 321 344 432 488 551 604 661 697 758 832 887 944 975 0
4 93 149 193 255 299 380 425 489 552 598 645 713 751 833 888 911 1000 0
26 62 132 209 266 323 348 435 463 515 605 662 702 774 825 889 945 997 0
36 94 125 210 250 324 381 404 490 518 585 663 704 746 797 878 923 991 0
25 62 150 211 229 288 382 419 491 546 606 628 695 775 824 890 946 1004 0
12 95 136 204 267 325 383 436 483 522 554 641 714 748 834 891 947 1001 0
37 96 135 193 268 326 375 427 475 553 587 658 715 749 835 892 948 988 0
34 97 151 212 246 321 384 437 463 531 592 640 691 776 836 893 948 1005 1024
38 80 139 210 263 327 373 433 492 554 598 629 702 777 837 894 949 1006 0
26 98 152 213 269 327 385 420 486 555 582 632 716 769 797 866 946 1003 0
39 99 152 214 270 328 364 438 489 556 607 662 717 778 821 864 917 1002 0
40 73 153 197 238 305 310 432 493 557 574 659 693 760 801 890 949 1007 0
41 100 139 177 239 326 371 439 494 547 608 664 718 779 838 885 947 1008 0
42 101 154 215 239 328 374 405 495 558 609 660 719 780 807 861 950 1009 0
5 102 139 181 252 329 386 424 496 559 574 665 685 769 829 895 944 982 1023
17 103 155 214 271 304 383 423 496 560 576 636 720 781 828 896 951 997 0
5 60 156 216 265 309 387 435 472 530 569 652 706 782 824 888 928 980 0
31 63 157 217 272 304 368 440 460 528 595 653 717 782 798 893 952 996 0
36 97 142 177 271 279 347 420 480 551 610 657 721 768 818 882 918 982 0
31 62 158 196 260 330 338 441 464 551 611 659 688 783 839 878 927 992 0
4 104 118 191 273 330 385 407 497 547 576 666 722 747 840 871 943 988 0
39 105 140 199 249 331 342 441 498 561 612 653 707 756 836 897 953 978 0
10 106 137 218 265 332 359 442 494 548 613 642 722 784 841 876 954 1010 0
17 107 129 210 261 313 385 443 463 532 614 626 687 773 806 892 918 1009 0
3 108 147 184 252 289 367 410 431 534 593 667 722 776 798 892 924 1011 0
43 60 128 211 244 290 345 424 493 544 602 630 714 758 842 859 932 990 0
3 74 151 185 266 331 388 421 499 522 580 649 723 784 842 898 928 973 1023
10 82 123 176 267 281 362 408 477 520 615 653 713 785 826 877 925 1012 0
18 61 154 169 274 325 389 416 489 521 585 639 702 762 801 856 921 979 0
44 69 122 209 236 321 368 428 490 527 572 667 724 779 843 865 933 995 0
45 89 125 183 246 293 390 421 488 562 593 668 689 786 831 896 952 1007 0
19 103 159 205 264 329 355 356 489 536 593 647 725 787 810 875 913 994 0
40 85 149 216 275 333 385 404 475 527 589 660 726 759 844 899 913 972 0
38 86 138 218 273 279 391 431 468 529 592 643 727 756 805 862 940 1001 0
40 102 145 207 276 324 355 444 500 549 616 654 728 788 815 854 955 1013 0
27 76 143 215 258 289 380 426 459 548 582 647 729 782 844 889 956 967 0
43 84 147 173 230 327 350 406 499 560 606 669 721 789 832 862 957 981 0
11 59 160 219 254 329 364 401 501 560 617 670 730 765 845 892 952 1014 0
36 104 126 209 240 290 389 419 502 557 584 655 686 783 846 880 958 975 0
34 76 121 213 242 268 392 445 496 556 570 671 726 780 847 900 959 986 0
30 96 151 187 245 334 393 426 464 557 597 664 719 740 834 901 933 976 0
21 93 111 192 248 287 355 446 447 515 618 672 697 790 821 873 952 999 0
26 96 140 218 247 335 394 447 503 533 591 673 713 780 820 880 941 1014 0
13 94 161 195 266 326 395 410 504 548 619 657 688 773 848 860 944 1005 0
46 109 144 220 249 303 386 425 456 516 611 663 714 775 819 886 937 986 0
9 83 157 208 259 277 364 434 461 536 611 628 713 791 849 868 921 1015 0
2 97 133 190 269 336 396 446 457 536 590 636 723 773 833 883 938 1013 0
39 64 162 221 252 319 365 432 505 517 585 634 724 792 850 862 947 1016 0
30 84 122 214 277 324 369 413 505 544 603 674 726 793 839 883 946 989 0
47 90 117 208 278 334 345 448 474 537 577 665 721 773 825 857 941 1017 0
23 67 143 187 249 281 387 449 500 527 602 675 722 749 847 872 923 1009 0
44 90 131 193 279 291 396 441 488 519 620 628 699 754 828 863 950 980 0
34 107 137 204 239 292 357 450 466 481 587 676 701 786 846 902 951 1006 0
48 59 163 177 247 320 397 426 466 563 595 640 726 742 851 869 910 1004 0
49 94 134 221 273 296 383 419 495 532 613 637 697 789 833 882 960 969 0
24 110 147 213 280 309 372 436 484 552 599 633 709 752 804 858 942 1013 0
47 81 164 190 260 335 356 430 490 521 586 670 727 747 809 858 946 978 0
14 83 130 222 256 337 365 451 506 553 575 657 716 742 839 891 961 1018 0
50 63 144 188 262 333 352 431 480 561 619 664 685 754 832 903 919 1018 0
41 75 141 187 269 296 397 452 471 544 621 660 731 784 846 897 936 983 0
1 76 131 223 259 338 390 437 476 564 602 660 686 793 827 874 937 1012 0
40 109 128 214 235 316 389 453 507 535 617 675 724 743 810 888 948 993 0
11 98 157 220 231 320 390 414 479 529 579 671 715 770 818 885 945 975 0
19 63 126 184 269 313 376 444 504 509 609 663 691 760 830 857 911 999 0
16 74 127 162 281 339 343 443 506 519 601 661 707 767 848 861 911 998 0
51 73 129 209 282 340 398 434 454 562 604 658 685 777 797 904 916 990 0
35 103 132 174 255 332 393 408 485 511 580 677 724 794 829 858 962 1019 0
22 74 156 179 264 327 357 417 500 526 612 671 710 794 835 905 912 1017 0
37 101 141 203 230 341 373 429 498 559 608 630 732 763 819 865 925 971 0
8 100 153 224 243 283 384 438 508 549 622 633 710 757 812 875 962 1004 0
52 58 163 199 224 323 381 439 509 545 575 671 727 772 823 864 915 971 0
40 64 142 195 272 335 377 439 495 565 597 635 686 785 808 906 930 1018 0
7 93 133 173 276 294 349 413 473 543 580 630 733 795 826 894 931 991 0
27 89 165 221 282 308 366 438 510 538 601 655 726 746 834 886 927 1003 0
33 107 135 222 283 331 361 416 482 528 623 663 729 747 847 907 929 976 0
46 75 166 180 227 330 399 406 511 566 579 678 734 778 842 896 920 987 0
6 77 118 222 238 323 400 440 492 532 611 676 705 741 827 880 939 1008 0
49 70 141 196 256 318 395 442 512 549 607 652 696 744 830 877 921 1020 0
48 103 125 208 283 294 387 417 471 548 575 626 735 785 845 890 938 992 0
13 108 155 223 281 322 373 412 497 518 597 679 729 794 838 908 931 1010 0
29 105 164 174 235 336 360 418 504 541 592 662 715 769 819 908 928 970 0
36 66 158 198 241 334 399 428 503 539 589 679 700 743 796 858 953 974 0
9 109 162 219 261 323 391 402 498 542 586 637 691 750 831 873 956 1013 0
48 82 122 217 273 317 346 448 507 556 609 629 707 749 815 867 936 994 0
16 111 165 208 274 298 374 402 496 541 606 633 714 783 806 865 924 1002 0
33 79 165 190 249 288 392 440 465 467 587 657 718 761 797 888 957 1010 0
50 112 127 218 242 329 396 436 507 557 579 656 736 776 816 855 915 983 0
53 71 163 225 253 317 365 406 457 524 588 616 733 770 845 900 963 1021 0
20 104 127 203 275 328 397 421 473 567 605 677 715 771 832 890 932 1005 0
17 101 116 188 243 284 349 414 509 563 616 669 735 793 834 876 956 1020 0
28 72 137 175 248 297 386 433 482 526 621 632 692 761 808 901 913 997 0
44 102 148 179 261 287 293 450 494 538 582 639 737 742 842 899 957 1012 0
18 112 156 207 284 301 346 395 484 559 598 610 737 757 838 870 919 1016 1024
32 69 153 178 264 307 375 376 513 565 624 653 695 781 841 884 957 970 0
7 76 159 216 250 311 377 422 509 562 608 677 683 768 851 897 963 985 0
54 86 155 178 254 331 353 438 505 541 604 635 694 775 849 902 942 965 0
50 113 167 191 276 295 386 420 462 565 615 643 690 767 838 889 960 1007 0
51 111 150 180 254 336 362 412 460 563 621 680 738 747 807 855 963 986 1024
11 106 133 214 278 307 330 454 492 568 616 646 732 791 823 899 933 980 0
31 93 117 212 281 340 363 453 503 553 605 627 712 770 840 909 960 976 0
52 104 150 215 267 302 393 411 470 537 625 639 728 744 839 887 960 1002 0
42 72 128 196 282 317 371 402 501 537 595 676 683 763 844 881 915 991 0
51 92 146 193 235 296 358 404 477 551 582 681 693 778 805 853 961 989 0
47 66 120 189 284 315 351 410 497 566 623 656 694 753 802 863 913 1019 0
37 109 126 206 280 302 388 416 474 561 581 642 705 788 837 890 924 1009 0
7 108 168 225 238 327 359 451 482 540 579 681 735 786 821 904 955 1012 0
51 70 168 201 232 302 364 423 486 568 570 664 734 775 813 871 930 1022 0
41 114 169 183 260 299 399 446 479 527 613 648 716 793 832 869 963 1022 0
8 104 170 225 277 292 375 418 511 569 607 618 731 753 803 885 961 991 0
32 75 161 200 247 340 382 433 506 560 608 635 682 788 809 907 931 1003 0
19 99 161 191 236 314 378 402 471 515 603 648 695 772 796 899 947 1019 0
1 94 144 175 264 306 377 398 483 550 601 681 721 771 815 893 909 980 0
32 97 169 186 285 296 351 444 465 567 599 641 738 775 826 873 954 994 0
52 99 120 183 279 305 344 392 511 522 599 632 733 781 840 893 955 1011 0
21 66 121 199 282 309 401 405 514 550 608 651 686 766 801 908 943 1017 0
23 91 171 180 266 340 360 448 450 554 583 681 730 768 799 881 917 979 0
55 68 149 160 286 325 353 430 459 562 606 643 712 763 850 873 943 1019 0
24 92 138 195 237 303 376 448 499 549 571 674 729 787 802 891 958 984 0
23 87 164 197 265 337 374 437 481 547 615 665 734 740 808 905 921 977 0
39 95 170 223 255 307 389 449 467 543 611 666 710 790 848 909 934 983 0
27 99 146 226 257 301 394 406 496 568 571 644 690 745 799 898 932 978 0
43 111 172 210 256 342 398 455 497 524 599 631 717 750 835 903 951 992 0
36 79 152 188 254 314 387 454 491 516 572 665 731 774 840 891 964 1007 0
33 114 123 182 287 333 345 384 468 539 620 642 731 781 830 874 965 977 1023
37 65 156 202 273 305 382 447 499 516 594 645 690 750 807 902 954 974 0
54 105 158 215 287 343 391 440 514 565 584 644 696 786 843 859 954 987 0
14 110 155 169 288 326 388 453 490 528 625 655 708 767 805 894 956 1017 0
53 101 124 227 242 286 348 369 477 543 614 682 738 771 818 874 914 970 0
53 110 142 187 278 308 402 430 485 554 617 672 699 780 816 871 938 1008 0
35 115 160 217 270 288 396 433 469 534 584 637 690 740 813 906 961 1005 0
56 70 148 174 262 300 382 412 472 535 588 647 684 760 820 853 925 972 0
56 96 159 224 233 325 387 428 512 534 618 627 720 795 841 883 911 1003 0
31 87 170 222 280 326 379 420 513 560 603 673 722 738 823 904 945 1022 0
18 106 150 223 262 310 384 421 511 528 624 658 694 764 806 872 945 1021 0
2 110 167 200 267 283 354 445 460 505 591 631 718 774 842 863 922 974 0
28 114 160 221 263 271 349 443 488 556 612 640 711 796 812 909 928 1013 0
24 62 149 225 245 316 373 442 505 561 602 637 730 779 817 875 929 968 0
45 81 138 173 233 302 361 435 492 538 619 644 687 767 846 856 959 1016 0
6 85 165 223 247 321 401 443 502 567 585 680 727 789 822 896 965 985 0
44 77 152 204 245 285 367 452 484 553 613 663 736 787 822 898 920 998 0
57 108 136 219 246 295 350 416 494 524 624 673 703 791 800 879 958 1018 0
2 109 115 182 289 314 356 427 464 566 596 669 685 791 836 867 954 975 0
49 93 164 224 237 342 357 424 514 555 626 675 704 776 804 863 935 1014 0
21 98 154 197 290 339 400 409 469 559 614 669 706 765 805 898 962 1015 0
10 105 145 189 277 319 352 417 485 542 594 679 734 766 817 853 958 1000 0
47 65 119 219 258 337 398 441 468 544 591 649 735 776 806 854 942 984 0
12 58 142 202 251 330 390 450 461 546 626 658 717 739 844 857 932 981 0
42 95 164 213 271 303 359 434 491 550 623 673 733 779 839 854 952 971 0
19 91 169 198 237 277 347 452 492 510 580 661 703 770 798 864 934 965 0
5 95 151 227 258 335 370 443 487 558 605 675 736 746 813 907 966 1019 0
47 85 168 194 242 331 391 446 503 551 616 678 719 745 837 875 923 1011 0
55 107 120 192 289 312 374 452 483 555 577 640 706 756 852 901 945 1020 0
56 88 130 211 234 310 379 445 515 545 595 674 711 778 800 876 914 1023 0
54 107 168 205 259 306 346 439 508 520 600 632 712 748 828 865 917 966 0
55 112 131 201 234 298 328 419 490 566 614 652 701 748 844 887 953 985 0
54 67 119 184 257 332 345 429 458 523 601 676 688 761 833 904 922 993 0
25 114 136 207 278 311 360 397 472 525 596 639 725 751 828 895 916 1014 0
56 74 120 217 253 298 366 436 473 521 600 672 700 788 822 903 944 1014 0
37 78 165 181 285 312 379 413 486 564 596 662 730 755 801 885 912 1018 0
56 114 166 197 259 308 342 453 491 518 624 667 692 787 851 880 919 1000 0
12 90 132 228 237 336 388 415 502 543 583 679 711 792 823 867 964 1020 0
9 77 147 194 243 344 394 407 469 526 598 654 732 782 841 891 950 1022 0
34 65 172 198 252 320 348 449 491 567 586 656 687 781 853 897 920 996 0
41 87 128 226 268 306 393 442 495 529 578 654 706 790 840 855 949 979 0
53 99 123 228 250 312 363 455 510 559 613 638 739 762 810 906 950 988 0
42 68 166 228 232 285 381 411 461 555 617 674 720 783 836 894 942 995 0
8 86 166 179 289 324 378 412 498 545 605 681 708 752 824 887 959 998 0
33 63 145 177 234 322 394 425 454 558 600 661 689 793 816 906 926 1006 0
25 94 170 181 251 339 354 455 508 566 588 670 728 777 811 907 948 999 0
12 106 171 221 241 341 368 435 476 529 625 635 689 741 838 895 961 999 0
11 91 141 216 267 317 335 379 514 523 572 668 701 787 847 889 944 992 0
1 111 135 184 241 343 401 407 493 542 624 665 704 763 810 883 926 997 0
30 89 154 222 229 329 399 444 458 531 612 645 703 784 821 908 960 1006 0
21 103 145 204 230 257 347 451 465 534 564 668 715 774 848 887 931 1021 0
48 112 158 220 263 292 380 409 470 533 604 677 733 766 800 871 935 972 0
15 78 154 161 255 278 354 447 512 530 615 644 708 758 834 906 953 995 0
16 102 161 224 280 338 377 442 463 525 621 668 716 764 814 884 940 973 0
49 77 123 211 275 337 386 390 500 558 594 659 699 790 849 866 933 996 0
22 113 129 189 245 311 371 438 459 540 569 680 711 791 814 900 939 995 0
49 112 151 200 257 344 401 418 457 565 570 648 738 741 851 894 967 990 0
45 72 135 220 266 319 372 408 509 530 625 666 732 771 852 870 916 1015 0
45 70 115 227 274 306 347 436 467 563 577 650 692 792 817 881 923 967 0
55 89 144 213 236 313 343 437 502 526 589 659 683 777 812 888 951 1015 0
15 79 157 228 258 293 382 429 456 568 607 650 712 789 815 895 949 1001 0
15 115 131 198 248 295 383 445 493 552 604 678 696 755 848 870 962 1010 0
57 78 171 226 253 333 392 403 485 515 606 666 725 792 831 877 948 1022 0
38 85 116 180 231 280 295 455 486 537 623 641 736 782 836 861 955 1016 0
29 71 166 175 240 291 392 430 480 535 609 680 703 745 833 907 926 1004 0
23 68 158 203 244 332 350 414 497 513 610 634 716 759 820 893 959 1004 0
54 98 136 195 243 291 368 455 473 568 615 651 720 778 827 892 910 970 0
17 88 171 199 238 318 361 363 513 556 573 648 694 743 814 901 935 1015 0
46 82 146 203 271 305 354 431 494 514 589 674 723 789 835 901 934 996 0
6 100 162 205 286 334 372 407 507 564 571 641 731 751 807 903 927 1020 0
42 92 133 206 275 334 395 440 481 569 621 672 709 754 799 862 925 969 0
55 80 167 186 272 318 388 423 476 521 618 646 737 794 843 884 941 983 0
20 67 124 179 270 341 391 454 504 536 610 631 730 766 811 900 950 981 0
26 100 172 182 251 341 358 414 478 488 570 679 705 753 852 859 937 985 0
52 98 134 201 276 315 384 434 464 519 590 662 724 786 851 903 958 978 0
32 105 118 219 250 301 378 449 469 569 588 661 725 785 822 881 918 973 0
45 100 146 207 290 312 332 425 501 517 612 678 721 764 843 878 914 977 0
28 86 132 176 268 328 363 424 506 533 619 669 728 740 852 882 951 1007 0
9 95 113 226 234 341 355 441 484 533 577 667 729 759 850 904 962 1009 0
18 88 143 209 231 339 396 439 462 523 617 649 717 744 817 908 910 977 0
53 81 153 212 231 300 383 428 460 564 567 666 734 768 847 902 936 998 0
35 61 153 185 269 297 359 448 462 531 619 651 737 765 849 895 940 972 0
57 102 140 176 240 318 381 437 489 553 623 675 698 795 811 857 910 1001 0
20 96 117 210 232 336 400 456 493 538 609 649 718 790 826 896 912 1021 0
48 57 152 206 227 310 352 446 513 535 620 638 687 784 809 855 940 989 0
44 101 159 167 170 315 397 404 504 539 586 654 708 764 845 905 964 1002 0
38 79 130 200 235 286 362 444 487 540 610 671 714 792 843 889 968 1021 0
57 72 159 172 288 343 393 409 472 550 590 642 736 783 849 872 922 1008 0
29 83 150 212 263 309 400 450 510 562 622 645 725 780 811 854 947 1010 0
38 69 163 192 270 319 400 453 477 512 600 664 737 751 829 886 965 994 0
50 84 139 190 241 297 340 427 478 525 584 650 719 759 830 856 963 1012 0
41 58 173 217 291 320 369 423 512 561 622 631 728 785 814 872 966 1017 0
30 73 162 228 260 294 395 451 487 552 614 651 684 758 841 882 939 1011 0
35 83 171 191 287 303 370 411 507 517 574 655 688 752 845 869 967 1008 0
43 97 148 220 286 311 367 394 500 519 603 656 719 769 808 879 919 984 0
51 80 124 216 246 316 376 427 498 506 583 670 735 755 850 866 935 967 0
16 68 134 194 229 342 361 445 479 483 618 650 689 744 809 905 956 987 0
46 90 156 215 272 300 366 451 501 570 573 634 698 772 812 877 917 982 0
13 88 160 218 283 315 360 429 466 555 594 672 723 777 831 899 953 1011 0
14 82 149 185 261 339 369 378 501 524 547 633 727 739 820 902 920 1005 0
39 59 130 202 276 325 370 435 475 523 620 667 691 753 837 870 946 984 0
28 66 167 211 274 344 372 409 468 525 593 670 739 795 846 878 949 993 0
29 78 129 178 233 338 380 452 466 474 597 678 693 752 835 909 943 969 0
46 61 134 225 268 293 356 426 503 542 576 680 709 788 816 876 964 1016 0
6 110 137 226 284 324 398 456 478 520 622 677 702 772 813 868 936 976 0
13 69 121 182 229 316 371 411 510 558 590 673 698 754 818 898 930 989 0
1 91 113 212 270 290 385 422 458 552 625 682 739 749 825 905 955 971 0
52 84 115 205 285 322 337 380 480 546 620 668 723 795 796 897 959 988 0
50 65 155 192 240 323 367 432 474 563 578 682 713 755 799 900 957 1023 0
3 92 148 163 284 338 350 447 502 517 596 676 718 794 837 866 938 979 0
20 108 157 174 279 282 375 449 495 546 581 629 732 779 850 864 939 1000 0
22 87 172 201 275 322 365 403 508 554 607 638 684 765 804 860 964 986 0
43 106 168 181 272 333 358 417 457 557 622 638 720 774 824 886 934 1006 0
