1024 83
4 50
4 4 4 4 4 4 4 4 4 4 4 4 4 4 4 4 4 4 4 4 4 4 4 4 4 4 4 4 4 4 4 4 4 4 4 4 4 4 4 4 4 4 4 4 4 4 4 4 4 4 4 4 4 4 4 4 4 4 4 4 4 4 4 4 4 4 4 4 4 4 4 4 4 4 4 4 4 4 4 4 4 4 4 4 4 4 4 4 4 4 4 4 4 4 4 4 4 4 4 4 4 4 4 4 4 4 4 4 4 4 4 4 4 4 4 4 4 4 4 4 4 4 4 4 4 4 4 4 4 4 4 4 4 4 4 4 4 4 4 4 4 4 4 4 4 4 4 4 4 4 4 4 4 4 4 4 4 4 4 4 4 4 4 4 4 4 4 4 4 4 4 4 4 4 4 4 4 4 4 4 4 4 4 4 4 4 4 4 4 4 4 4 4 4 4 4 4 4 4 4 4 4 4 4 4 4 4 4 4 4 4 4 4 4 4 4 4 4 4 4 4 4 4 4 4 4 4 4 4 4 4 4 4 4 4 4 4 4 4 4 4 4 4 4 4 4 4 4 4 4 4 4 4 4 4 4 4 4 4 4 4 4 4 4 4 4 4 4 4 4 4 4 4 4 4 4 4 4 4 4 4 4 4 4 4 4 4 4 4 4 4 4 4 4 4 4 4 4 4 4 4 4 4 4 4 4 4 4 4 4 4 4 4 4 4 4 4 4 4 4 4 4 4 4 4 4 4 4 4 4 4 4 4 4 4 4 4 4 4 4 4 4 4 4 4 4 4 4 4 4 4 4 4 4 4 4 4 4 4 4 4 4 4 4 4 4 4 4 4 4 4 4 4 4 4 4 4 4 4 4 4 4 4 4 4 4 4 4 4 4 4 4 4 4 4 4 4 4 4 4 4 4 4 4 4 4 4 4 4 4 4 4 4 4 4 4 4 4 4 4 4 4 4 4 4 4 4 4 4 4 4 4 4 4 4 4 4 4 4 4 4 4 4 4 4 4 4 4 4 4 4 4 4 4 4 4 4 4 4 4 4 4 4 4 4 4 4 4 4 4 4 4 4 4 4 4 4 4 4 4 4 4 4 4 4 4 4 4 4 4 4 4 4 4 4 4 4 4 4 4 4 4 4 4 4 4 4 4 4 4 4 4 4 4 4 4 4 4 4 4 4 4 4 4 4 4 4 4 4 4 4 4 4 4 4 4 4 4 4 4 4 4 4 4 4 4 4 4 4 4 4 4 4 4 4 4 4 4 4 4 4 4 4 4 4 4 4 4 4 4 4 4 4 4 4 4 4 4 4 4 4 4 4 4 4 4 4 4 4 4 4 4 4 4 4 4 4 4 4 4 4 4 4 4 4 4 4 4 4 4 4 4 4 4 4 4 4 4 4 4 4 4 4 4 4 4 4 4 4 4 4 4 4 4 4 4 4 4 4 4 4 4 4 4 4 4 4 4 4 4 4 4 4 4 4 4 4 4 4 4 4 4 4 4 4 4 4 4 4 4 4 4 4 4 4 4 4 4 4 4 4 4 4 4 4 4 4 4 4 4 4 4 4 4 4 4 4 4 4 4 4 4 4 4 4 4 4 4 4 4 4 4 4 4 4 4 4 4 4 4 4 4 4 4 4 4 4 4 4 4 4 4 4 4 4 4 4 4 4 4 4 4 4 4 4 4 4 4 4 4 4 4 4 4 4 4 4 4 4 4 4 4 4 4 4 4 4 4 4 4 4 4 4 4 4 4 4 4 4 4 4 4 4 4 4 4 4 4 4 4 4 4 4 4 4 4 4 4 4 4 4 4 4 4 4 4 4 4 4 4 4 4 4 4 4 4 4 4 4 4 4 4 4 4 4 4 4 4 4 4 4 4 4 4 4 4 4 4 4 4 4 4 4 4 4 4 4 4 4 4 4 4 4 4 4 4 4 4 4 4 4 4 4 4 4 4 4 4 4 4 4 4 4 4 4 4 4 4 4 4 4 4 4 4 4 4 4 4 4 4 4 4 4 4 4 4 4 4 4 4 4 4 4 4 4 4 4 4 4 4 4 4 4 4 4 4 4 4 4 4 4 4 4 4 4 4 4 4 4 4 4 4 4 4 4 4 4 4 4 4 4 4 4 4 4 4 4 4 4 4 4 4 4 4 4 4 4 4 4 4 4 4 4 4 4 4 4 4 4 4 4 4 4 4 4 4 4 4 4 4 4 4 4 4 4 4 4 4 4 4 4 4 4 4 4 4 4 4 4 4 4 4 4 4 4 4 4 4 4 4 4 4 4 4 4 4 4 4 4 4 4 4 4 4
50 50 50 50 50 50 50 50 49 50 50 49 49 49 49 49 49 49 49 49 49 49 49 49 50 49 49 50 49 50 49 49 49 49 49 49 49 50 49 49 50 49 49 49 49 49 50 49 49 49 49 50 49 49 49 50 49 49 49 50 50 50 49 49 50 49 49 49 50 49 50 49 50 50 50 50 49 49 49 49 49 49 50
1 32 47 82
2 28 56 65
3 9 23 54
4 12 25 83
5 17 18 24
6 8 10 27
7 30 62 80
11 44 59 72
13 21 48 51
14 43 53 68
15 16 38 42
19 49 69 76
20 26 36 64
22 39 46 71
29 41 58 67
31 35 70 74
33 55 79 81
34 37 50 57
40 66 75 78
45 52 63 73
28 60 61 77
1 15 64 70
2 14 35 73
3 13 37 53
4 21 46 59
5 34 75 81
6 42 67 76
7 12 16 18
8 9 36 61
10 45 72 78
11 19 60 82
17 29 51 65
20 41 71 79
22 24 31 69
23 30 33 74
25 26 43 66
27 32 50 80
38 39 54 63
40 48 49 62
44 58 62 68
47 52 55 83
56 57 70 71
15 29 75 77
1 10 21 68
2 26 32 59
3 24 47 67
4 17 53 61
5 36 44 56
6 25 37 74
7 60 63 79
8 38 55 66
9 43 49 57
11 23 34 73
12 41 50 69
13 20 31 82
14 16 27 40
18 33 39 58
19 65 80 83
22 28 64 78
30 42 51 52
35 72 76 81
25 45 48 77
35 46 47 62
10 31 54 65
1 5 49 63
2 8 12 13
3 66 71 80
4 20 34 42
6 11 17 64
7 21 56 67
9 45 58 82
14 22 29 55
15 37 44 79
3 16 28 81
18 52 59 70
19 39 53 75
23 68 69 77
24 30 43 72
26 38 51 60
23 27 46 57
32 54 73 76
33 50 61 78
36 40 74 83
36 41 48 54
1 50 66 73
2 58 72 79
4 51 63 74
5 14 42 61
6 60 62 70
7 9 33 75
8 15 19 67
10 18 30 34
11 48 55 56
12 35 44 78
13 16 46 76
17 26 45 71
20 22 32 77
21 64 81 83
24 37 38 41
25 39 59 69
27 52 68 82
28 47 49 80
29 31 53 57
40 43 65 67
1 17 35 77
2 24 75 83
3 22 59 74
4 50 58 60
5 21 25 76
6 18 63 75
7 31 47 61
8 73 78 81
9 34 51 69
10 37 62 66
11 16 32 68
12 30 40 79
13 33 42 45
14 48 71 82
15 23 39 43
19 28 52 54
20 29 46 49
26 57 65 72
24 27 53 56
36 38 70 80
41 44 55 64
1 55 74 76
2 46 48 67
3 18 45 65
4 14 78 79
5 22 50 72
6 31 71 83
7 11 15 27
8 25 47 56
9 30 35 39
10 28 44 70
12 53 64 82
13 29 59 63
16 20 23 58
17 19 57 81
21 32 34 49
26 42 68 80
33 40 51 54
36 52 62 77
37 43 61 73
2 38 64 69
5 41 60 66
1 18 25 28
3 12 19 77
4 7 8 22
6 24 46 78
9 15 59 76
10 13 60 81
11 42 50 79
14 31 38 58
16 63 70 82
17 23 52 67
20 35 48 65
21 27 45 62
26 29 44 47
30 57 61 83
32 37 40 56
33 34 66 68
36 39 72 73
41 49 51 53
43 55 69 80
54 71 74 75
1 34 59 78
2 9 50 53
3 39 56 62
4 6 45 68
5 13 28 71
7 23 35 38
8 21 74 80
10 12 33 36
11 22 37 47
14 72 77 83
15 17 30 82
16 26 55 73
18 20 51 67
19 29 48 64
24 44 52 76
25 32 61 75
27 41 43 63
31 49 66 79
40 42 57 69
44 46 60 65
54 58 70 81
1 7 45 53
2 16 31 34
3 10 46 50
4 13 27 70
5 6 52 57
8 24 29 71
9 17 28 41
11 39 67 74
12 15 58 61
14 26 63 76
18 35 82 83
19 21 30 66
20 33 69 72
22 43 54 62
23 49 56 60
25 38 65 78
32 51 64 79
36 37 68 81
40 55 59 77
42 47 73 75
4 33 48 80
1 30 36 46
2 7 20 43
3 17 25 31
5 40 45 64
6 50 51 81
8 41 57 62
9 32 65 71
10 29 39 80
11 54 66 77
12 14 52 56
13 15 34 55
16 60 74 78
18 61 68 72
19 27 35 58
21 26 37 75
22 23 48 70
24 42 59 82
28 53 76 79
38 67 73 83
4 38 44 49
47 58 63 69
1 9 27 42
2 37 51 71
3 21 44 69
5 35 43 79
6 12 55 72
7 10 64 77
8 28 40 82
11 24 33 57
13 18 36 49
14 45 59 60
15 47 50 54
16 29 61 62
17 34 56 76
19 22 41 73
20 68 70 83
23 63 65 81
25 52 53 80
26 30 67 78
31 32 39 48
31 46 55 75
2 15 66 74
1 20 56 75
3 14 34 41
4 29 69 81
5 7 78 82
6 39 49 61
8 11 53 65
9 16 37 77
10 24 58 74
12 17 32 38
13 19 47 68
18 27 44 71
21 28 57 73
22 30 45 76
23 51 62 72
25 63 64 67
26 35 50 52
33 43 46 83
35 36 42 60
3 40 70 73
47 48 59 66
16 54 79 80
1 54 60 67
2 4 41 82
5 9 19 46
6 15 26 69
7 40 50 76
8 48 68 75
10 11 43 51
12 31 59 81
13 14 23 24
17 33 62 63
18 21 42 78
20 38 53 74
22 27 79 83
25 30 49 55
28 29 34 36
32 45 57 66
37 52 58 64
39 65 70 77
44 61 67 80
29 56 66 72
15 36 63 71
1 40 41 81
2 19 61 70
3 33 35 49
4 47 57 77
5 10 59 83
6 34 79 82
7 28 46 68
8 31 43 44
9 24 55 62
11 14 20 25
12 60 71 73
13 30 58 65
16 45 51 56
17 37 72 80
18 23 50 64
2 21 39 52
22 26 53 81
27 38 75 76
32 36 69 78
42 43 48 74
7 44 54 57
1 6 23 29
3 26 48 79
4 16 19 24
5 53 58 77
8 20 37 63
9 31 52 78
10 22 25 42
11 21 38 61
12 27 28 39
13 41 72 75
14 15 18 80
17 46 54 69
30 50 56 68
32 35 55 67
33 65 73 82
34 47 60 64
10 40 52 71
45 49 50 70
51 66 76 83
59 62 64 73
14 46 74 81
1 26 39 83
2 27 29 30
3 20 55 61
4 11 31 62
5 32 33 70
6 16 53 59
7 24 34 48
8 46 51 77
9 40 60 72
12 42 49 54
13 57 78 80
15 35 41 45
17 22 44 66
18 19 38 79
21 36 47 65
23 37 76 82
7 25 58 71
28 67 69 75
4 43 56 64
31 40 63 68
13 32 44 74
1 16 52 65
2 57 68 76
3 27 36 51
5 11 12 80
6 21 33 77
8 18 26 54
9 29 70 79
10 41 56 61
14 17 39 50
15 62 78 83
19 34 71 72
20 24 66 81
22 38 56 82
23 45 47 79
9 25 68 73
28 43 58 59
30 37 60 69
10 16 35 75
42 53 55 63
18 48 57 60
17 49 73 74
34 53 62 67
1 3 11 58
2 25 33 44
4 23 26 40
5 8 16 39
6 30 41 47
7 32 52 81
9 12 20 21
13 38 43 50
14 65 66 69
15 24 28 51
19 31 36 45
22 35 63 80
27 37 54 78
29 32 42 83
42 46 70 72
48 61 74 76
49 64 68 71
39 55 57 82
23 59 75 80
13 67 77 79
1 14 19 33
2 17 47 78
3 43 75 82
4 15 52 72
5 27 65 74
6 35 54 56
7 37 49 59
8 34 45 83
10 49 67 82
11 18 41 76
12 26 62 74
19 20 40 44
15 21 53 60
22 51 58 75
24 54 61 64
24 25 36 50
28 30 38 48
18 29 31 73
46 61 63 66
21 50 55 71
53 69 70 81
31 56 77 80
1 62 69 79
2 6 22 36
3 8 52 60
4 9 66 67
5 29 38 68
7 26 41 70
10 20 47 76
11 13 35 40
1 12 51 57
14 30 64 75
16 33 47 71
17 48 58 83
23 28 31 42
25 34 40 46
27 49 77 81
6 19 32 43
4 37 55 65
39 41 68 78
9 44 63 83
2 45 54 55
35 51 59 61
21 54 72 82
44 48 53 73
3 4 5 30
7 13 39 66
8 17 59 79
10 23 32 53
11 30 71 81
12 37 45 46
14 28 32 62
15 46 56 73
16 17 36 43
18 56 69 74
17 20 27 60
16 22 57 67
24 65 68 79
25 29 35 78
26 27 31 33
12 34 43 70
34 38 50 52
42 64 65 77
58 63 76 80
3 32 63 72
1 13 22 61
2 42 62 81
5 31 37 67
6 57 58 73
7 19 51 55
8 33 64 76
9 18 47 81
10 15 48 50
11 49 52 75
6 14 26 44
20 30 54 59
21 24 38 70
23 41 71 83
25 39 60 78
28 45 66 74
29 50 74 82
36 57 75 79
2 40 77 80
16 69 72 83
1 10 18 44
3 7 36 42
4 39 51 76
5 15 20 66
8 49 69 72
9 13 26 56
11 29 45 71
12 19 22 65
14 47 51 70
21 23 58 67
24 37 60 80
16 25 41 77
27 52 64 66
28 33 55 62
27 34 46 61
35 48 68 73
38 40 59 71
43 76 77 78
53 63 71 78
46 67 80 82
1 37 48 72
2 3 18 63
4 28 35 75
5 23 69 73
6 13 56 74
6 7 30 65
8 42 57 58
9 12 22 39
10 17 54 55
11 26 46 47
14 49 59 64
15 25 45 81
19 32 50 62
20 44 52 60
21 31 41 79
24 34 39 40
21 29 43 61
33 38 53 68
36 66 70 82
28 37 79 83
1 17 68 80
2 10 41 51
3 20 38 57
4 18 32 63
5 13 26 45
7 9 55 73
8 11 29 50
12 48 63 78
14 22 47 54
15 31 49 65
16 30 44 70
19 56 74 81
23 43 61 69
24 59 73 77
25 27 53 72
33 59 67 75
26 34 35 58
36 62 76 83
40 47 53 60
39 42 44 64
52 61 79 82
1 2 5 37
3 6 9 66
4 10 36 73
7 11 72 74
8 23 64 76
12 24 33 57
13 32 52 69
14 15 21 60
16 45 49 54
17 42 48 71
18 20 40 77
19 23 25 67
15 22 62 68
27 43 50 55
6 20 28 56
29 34 40 78
30 31 46 80
35 53 66 81
38 65 70 77
41 58 75 80
44 51 82 83
1 31 48 69
2 46 51 60
3 29 74 76
4 9 54 82
5 22 55 75
7 17 24 71
8 25 45 70
10 14 57 83
11 13 27 36
12 21 47 78
16 58 62 64
18 28 43 72
10 19 26 34
30 63 68 77
32 41 46 79
29 33 42 52
35 37 38 67
39 49 56 81
50 59 61 65
1 4 49 71
2 23 40 52
3 6 33 83
5 36 42 62
7 14 50 78
8 30 32 47
9 58 64 80
11 28 63 81
12 16 23 66
13 25 48 54
15 17 21 57
18 46 53 72
19 27 59 82
20 38 39 45
22 33 60 67
24 26 49 61
31 60 76 79
34 56 65 73
35 43 69 71
37 51 70 75
41 44 52 74
37 55 60 68
1 20 24 55
2 11 13 36
3 22 43 78
4 6 14 56
5 32 54 64
7 18 25 83
8 31 35 39
9 10 38 73
12 29 42 53
15 26 40 41
16 50 74 79
17 45 75 77
19 21 58 63
27 47 66 80
26 28 67 68
30 51 73 81
34 44 61 77
27 48 62 82
57 59 65 72
7 69 70 76
1 31 43 64
2 25 49 67
3 23 42 68
4 17 58 81
5 18 40 47
6 28 38 57
8 14 32 63
9 11 35 80
10 15 22 69
12 21 41 75
13 44 62 76
16 24 33 48
19 37 42 45
20 34 74 78
29 54 61 83
30 53 65 70
36 39 59 71
46 52 72 79
31 50 56 66
51 55 78 82
1 8 40 67
2 32 41 45
3 50 54 64
4 7 12 57
5 21 48 66
6 18 22 80
9 14 17 75
10 34 68 79
11 28 53 69
13 25 27 73
15 19 33 49
16 21 58 59
20 39 62 72
23 36 38 55
24 44 56 63
26 71 77 82
29 37 47 60
30 46 52 61
35 57 64 76
43 70 81 83
31 51 65 74
1 28 38 82
2 5 70 78
3 13 15 55
4 36 47 60
6 10 27 40
7 12 29 72
8 50 54 62
9 45 48 49
11 52 75 83
14 36 61 67
16 58 68 80
17 37 70 73
18 59 66 81
19 24 65 78
20 25 46 50
22 34 35 41
23 44 53 71
26 39 51 69
30 43 76 77
15 32 33 63
42 56 74 79
1 45 66 81
2 16 47 58
3 22 31 68
4 18 51 64
5 17 39 51
6 25 48 49
7 40 42 61
8 13 46 67
9 24 55 74
10 57 59 63
11 44 54 70
12 21 73 76
14 37 65 71
19 27 35 60
20 53 73 80
23 52 56 78
26 43 79 83
28 38 50 75
29 32 62 72
30 41 77 82
33 34 37 69
1 54 56 68
2 9 31 65
3 23 48 83
4 10 34 80
5 29 49 61
6 22 36 62
7 32 40 77
8 19 39 52
11 33 76 78
12 27 38 67
13 35 46 64
14 16 58 69
15 17 28 43
18 26 55 63
20 30 59 79
21 22 25 40
24 45 53 60
41 42 71 81
44 66 72 75
47 57 74 82
1 53 62 82
2 50 59 70
3 6 13 19
4 21 23 39
5 42 58 77
7 27 36 80
8 49 74 75
9 10 54 64
11 25 26 76
12 30 43 68
14 29 37 44
15 18 33 38
16 17 57 67
20 69 72 73
24 35 52 55
28 34 47 60
31 46 51 72
32 60 71 81
41 61 65 79
45 48 56 69
34 63 66 83
1 25 27 41
2 12 45 70
3 5 7 24
4 14 47 52
6 13 26 68
8 48 50 82
9 40 58 76
10 30 81 83
11 42 66 77
15 53 54 80
16 32 43 67
13 17 19 49
18 37 56 62
20 33 46 63
21 35 38 73
22 49 64 79
23 44 65 78
28 29 57 75
31 36 39 59
25 51 55 74
47 61 64 71
1 10 26 63
2 35 71 81
3 23 43 44
4 21 61 75
5 7 9 55
6 31 60 79
8 27 57 83
11 16 36 56
12 18 39 62
14 15 42 76
17 40 48 80
19 28 34 53
20 32 58 77
22 52 66 67
24 32 41 74
29 30 70 78
33 41 46 68
37 38 39 69
43 45 72 73
44 50 54 82
51 59 65 68
1 3 38 55
2 25 26 31
4 8 18 80
5 11 15 65
6 12 20 66
7 10 45 57
9 37 69 74
13 46 75 83
14 53 59 61
16 29 64 67
17 33 42 47
19 21 48 81
22 27 30 49
23 34 73 77
24 40 62 76
28 56 58 60
35 54 70 72
36 50 58 71
51 52 63 80
49 58 78 79
43 70 81 82
1 25 40 68
2 10 31 36
3 23 48 83
4 5 12 79
6 26 30 65
7 8 11 21
9 18 59 75
13 14 74 78
15 39 52 61
16 28 53 82
17 19 35 54
20 27 32 44
22 38 45 56
24 46 64 67
29 41 63 77
33 37 56 66
34 47 54 72
42 57 62 76
50 51 69 77
55 60 70 73
17 35 71 76
1 31 38 65
2 12 32 50
3 36 67 83
4 7 57 78
5 29 46 79
6 24 28 45
8 10 49 66
9 18 21 25
11 20 27 30
13 23 73 80
14 43 47 60
15 42 69 74
16 41 51 75
19 37 44 72
22 26 62 64
33 34 59 82
39 52 53 79
40 48 63 68
55 58 71 81
61 69 77 81
1 20 54 67
2 10 27 43
3 29 63 82
4 13 38 45
5 31 56 60
6 48 66 68
7 32 37 47
8 46 76 83
9 11 15 62
12 24 28 61
14 30 51 59
16 26 53 73
17 21 33 42
18 39 52 65
19 41 55 80
22 40 57 70
23 25 71 78
34 36 44 74
35 49 50 72
64 72 74 75
1 18 47 48
2 37 50 56
3 36 42 77
4 12 40 78
5 13 34 66
6 33 57 73
7 21 65 68
8 10 27 51
9 20 46 58
11 23 52 63
14 16 71 79
15 28 49 61
17 25 54 70
19 35 44 64
22 31 82 83
24 39 62 80
26 53 75 76
29 30 43 55
32 67 69 81
38 41 45 47
30 56 59 60
1 11 49 81
2 4 39 44
3 61 67 83
5 10 21 27
6 43 73 79
7 14 26 31
8 42 77 78
9 16 45 59
12 25 46 54
13 52 57 82
15 28 32 72
17 40 58 70
18 20 38 75
19 29 63 69
22 51 64 74
23 37 68 80
24 34 36 53
33 35 50 71
41 59 65 76
48 52 55 66
4 60 62 83
1 2 5 81
3 26 38 75
6 12 28 66
7 19 34 50
8 31 51 56
9 13 71 73
10 16 30 35
11 21 33 65
14 40 45 62
15 37 42 72
17 39 74 80
18 47 63 79
20 32 44 46
22 49 61 70
23 43 53 78
24 25 48 60
27 57 69 76
29 36 54 77
41 58 64 82
12 55 67 68
1 29 70 71
2 40 55 68
3 19 61 79
4 11 24 46
5 16 18 77
6 21 60 66
7 39 76 83
8 14 20 37
9 59 64 73
10 30 41 63
13 23 56 78
15 49 62 75
17 48 57 74
22 50 53 69
25 47 51 82
26 27 38 81
28 33 45 80
31 52 58 72
32 34 36 54
35 43 65 67
42 44 71 77
1 21 43 63
2 29 38 46
3 35 40 56
4 10 27 70
5 7 48 50
6 9 12 67
8 49 54 69
11 31 36 62
13 32 75 79
14 26 58 73
15 19 23 76
16 37 57 81
17 42 61 78
18 47 59 65
20 22 30 53
24 44 51 74
25 34 57 68
28 39 45 82
33 41 52 55
60 66 75 80
30 64 72 83
1 41 46 52
2 36 37 43
3 10 31 59
4 34 51 74
5 42 54 58
6 11 18 29
7 23 32 71
8 53 63 78
9 12 67 81
13 28 44 61
14 25 38 56
15 16 45 82
17 21 35 40
19 22 49 60
20 47 65 73
24 50 64 80
26 62 66 76
27 39 48 83
33 55 68 70
69 72 77 82
18 25 47 79
1 10 39 62
2 21 64 66
3 6 7 44
4 26 45 68
5 29 65 80
8 41 52 77
9 27 53 70
11 12 61 71
13 56 60 75
14 40 48 57
15 49 58 72
16 38 67 81
17 34 42 79
19 30 37 50
20 23 36 83
22 63 69 76
24 31 51 59
28 35 54 73
32 33 46 78
43 52 55 74
1 11 25 83
2 10 62 73
3 5 65 76
4 30 71 75
6 41 47 60
7 56 61 74
8 28 38 69
1 22 44 65 85 105 126 147 167 188 209 230 251 272 293 314 335 356 378 398 420 428 463 482 502 522 543 564 583 605 625 645 666 687 708 728 749 770 791 812 833 853 873 894 915 935 956 977 998 1018
2 23 45 66 86 106 127 145 168 189 210 231 250 273 294 308 336 357 379 399 421 439 464 480 503 523 543 565 584 606 626 646 667 688 709 729 750 771 792 813 834 854 874 895 915 936 957 978 999 1019
3 24 46 67 74 107 128 148 169 190 211 232 252 269 295 315 337 358 378 400 422 443 462 483 503 524 544 566 585 607 627 647 668 689 710 730 751 772 791 814 835 855 875 896 916 937 958 979 1000 1020
4 25 47 68 87 108 129 149 170 191 208 228 253 273 296 316 338 353 380 401 423 436 443 484 504 525 545 567 583 608 628 648 669 690 711 731 752 773 793 815 836 856 876 895 914 938 959 980 1001 1021
5 26 48 65 88 109 130 146 171 192 212 233 254 274 297 317 339 359 381 402 424 443 465 485 505 526 543 568 586 609 629 649 667 691 712 732 751 774 794 815 837 857 877 897 915 939 960 981 1002 1020
6 27 49 69 89 110 131 150 170 192 213 234 255 275 298 314 340 360 382 403 421 435 466 472 506 507 544 557 585 608 630 650 670 692 713 730 753 775 795 816 838 858 878 898 917 940 961 982 1000 1022
7 28 50 70 90 111 132 149 172 188 210 235 254 276 299 313 341 351 383 404 425 444 467 483 507 527 546 569 587 610 624 648 671 693 714 733 751 774 796 817 836 859 879 899 918 941 960 983 1000 1023
6 29 51 66 91 112 133 149 173 193 214 236 256 277 300 318 342 361 381 405 422 445 468 486 508 528 547 570 588 611 631 645 672 694 715 734 754 776 793 817 839 860 880 900 919 942 962 984 1003 1024
3 29 52 71 90 113 134 151 168 194 215 230 257 274 301 319 343 362 370 384 423 438 469 487 509 527 544 567 589 612 632 651 673 695 709 735 755 774 797 818 840 861 881 901 920 943 961 985 1004 0
6 30 44 64 92 114 135 152 174 190 216 235 258 278 297 320 330 363 373 406 426 446 470 482 510 523 545 571 576 612 633 652 670 696 711 735 756 770 796 813 839 854 880 897 921 944 959 979 998 1019
8 31 53 69 93 115 132 153 175 195 217 237 256 278 302 321 338 359 378 407 427 447 471 488 511 528 546 572 590 606 632 653 674 697 716 736 757 777 794 817 841 861 882 894 922 938 963 982 1005 1018
4 28 54 66 94 116 136 148 174 196 218 234 259 279 303 322 344 359 384 408 428 448 458 489 509 529 548 573 591 613 634 648 671 698 717 737 750 778 795 815 834 862 876 902 917 934 961 985 1005 0
9 24 55 66 95 117 137 152 171 191 219 238 260 280 304 323 345 355 385 397 427 444 463 487 506 526 549 572 592 606 635 654 668 694 718 730 753 760 798 819 842 856 877 903 920 945 964 986 1006 0
10 23 56 72 88 118 129 154 176 197 218 239 252 280 302 324 334 364 386 398 429 449 472 490 512 530 550 571 587 608 631 651 675 699 719 738 752 779 799 819 843 863 883 899 923 942 965 987 1007 0
11 22 43 73 91 119 132 151 177 196 219 240 250 275 292 324 346 365 387 401 410 450 470 485 513 531 550 555 593 614 633 655 668 685 720 739 758 779 794 820 844 861 884 904 924 946 966 988 1008 0
11 28 56 74 95 115 138 155 178 189 220 241 257 271 305 316 340 356 373 381 430 451 454 481 493 532 551 574 591 615 636 656 676 688 719 740 759 777 800 821 845 864 883 901 921 939 967 988 1009 0
5 32 47 69 96 105 139 156 177 194 211 242 259 281 306 325 347 364 376 399 431 445 451 453 510 522 552 569 593 616 628 651 677 691 720 740 760 780 801 822 832 865 885 905 925 947 968 989 1010 0
5 28 57 75 92 110 128 147 179 198 221 238 261 282 307 324 348 361 375 407 415 452 469 482 503 525 553 575 594 610 629 650 678 690 721 739 761 778 793 818 840 866 873 906 926 939 969 982 997 0
12 31 58 76 91 120 139 148 180 199 222 243 260 274 294 316 348 366 388 398 409 435 467 489 514 533 554 576 595 617 637 655 679 700 715 730 760 781 802 822 846 867 886 907 918 937 966 990 1011 0
13 33 55 68 97 121 138 157 179 200 210 244 251 283 302 318 337 367 384 409 426 453 473 485 515 524 553 557 596 605 638 657 680 701 722 741 762 782 795 823 841 853 881 906 927 942 970 991 1012 0
9 25 44 70 98 109 140 158 173 199 223 232 262 282 308 321 349 360 384 410 417 441 474 491 516 518 550 573 593 617 634 649 656 698 723 731 763 773 802 817 840 865 879 897 922 940 956 989 999 0
14 34 59 72 97 107 130 149 175 201 224 243 263 284 309 320 347 368 389 411 421 454 463 489 509 530 555 568 597 607 633 650 681 689 713 723 764 783 803 824 847 868 887 908 928 948 970 990 1013 0
3 35 53 77 80 119 138 156 172 202 224 245 264 280 307 314 350 369 380 396 432 446 475 491 505 534 547 554 584 591 627 658 682 702 710 731 765 772 804 814 842 869 882 909 929 945 966 983 1012 0
5 34 46 78 99 106 123 150 181 193 225 237 258 280 301 316 341 367 387 412 413 455 474 492 517 535 548 569 598 605 636 659 679 695 724 742 751 784 805 825 838 862 888 910 930 938 971 992 1014 0
4 36 49 62 100 109 133 147 182 203 211 246 265 285 302 320 351 370 379 413 433 456 476 493 513 536 554 570 592 610 626 654 680 692 723 736 749 768 792 812 840 869 885 902 930 949 972 987 997 1018
13 36 45 79 96 122 141 159 178 197 223 247 266 275 309 315 335 361 380 408 425 457 472 487 511 526 538 576 598 614 619 660 683 703 721 736 753 770 792 816 847 864 889 899 916 950 965 993 1001 0
6 37 56 80 101 123 132 158 183 191 222 230 261 284 310 322 336 358 390 402 434 453 457 494 496 536 556 572 595 618 622 654 670 700 717 733 749 776 803 823 841 854 880 897 931 950 959 994 1004 0
2 21 59 74 102 120 135 147 171 194 226 236 262 286 299 322 352 371 387 414 432 449 477 495 504 521 557 575 590 619 630 653 666 704 720 743 766 781 806 821 838 862 884 904 917 951 973 986 1015 1024
15 32 43 72 103 121 137 159 180 193 216 241 253 286 291 314 336 362 391 415 424 456 478 488 518 528 558 566 579 613 639 661 671 705 712 738 766 785 800 826 837 855 890 907 932 935 957 982 1002 0
7 35 60 78 92 116 134 160 177 199 209 247 263 285 304 326 336 372 382 414 429 443 447 473 507 532 559 577 588 620 640 662 684 706 722 737 756 785 803 816 841 863 890 893 921 944 970 976 1011 1021
16 34 55 64 103 111 131 154 184 189 211 248 249 279 300 319 338 354 388 415 419 432 457 465 516 531 559 564 599 611 625 643 665 689 709 744 767 775 792 813 833 857 887 899 919 952 963 979 1014 0
1 37 45 81 97 115 140 161 182 204 215 248 259 287 311 327 339 355 383 391 435 446 449 462 514 525 549 578 588 609 631 646 685 705 714 745 759 782 784 823 834 859 891 904 927 953 964 983 1016 0
17 35 57 82 90 117 142 162 174 200 208 237 267 281 295 328 339 360 379 398 430 457 468 495 519 537 548 579 585 597 636 655 685 707 716 739 762 786 801 827 848 865 878 911 922 951 974 995 1016 0
18 26 53 68 92 113 140 162 167 189 219 242 252 286 298 329 341 366 377 405 433 458 459 496 517 538 558 576 600 621 638 652 681 707 711 743 748 781 804 828 848 870 877 910 918 953 972 980 1010 0
16 23 61 63 94 105 134 157 172 198 222 233 266 268 295 327 346 373 389 403 427 440 456 497 504 538 560 580 601 611 632 663 681 700 718 742 763 771 807 822 832 871 886 911 921 954 958 989 1015 0
13 29 48 83 84 124 143 163 174 205 209 238 268 286 292 311 349 358 388 413 421 451 479 483 520 539 545 572 586 606 641 658 669 675 713 733 767 777 808 813 835 870 875 910 932 953 963 978 1012 0
18 24 49 73 99 114 144 161 175 205 223 231 257 288 306 318 350 372 390 404 436 448 465 492 502 521 543 580 602 604 637 661 677 699 707 738 761 787 797 827 846 859 874 909 924 942 967 978 1011 0
11 38 51 79 99 124 145 154 172 203 227 228 259 283 310 321 348 368 385 414 424 459 474 498 519 524 561 580 596 612 630 658 666 704 717 739 763 787 791 824 833 856 892 906 916 950 957 987 1009 1024
14 38 57 76 100 119 134 163 169 195 216 248 255 289 308 322 335 364 381 395 437 444 476 484 509 517 541 581 596 611 641 657 683 691 715 731 767 778 787 820 849 866 888 895 925 941 973 994 998 0
19 39 56 83 104 116 142 161 185 206 212 236 269 276 293 330 343 354 380 409 427 433 480 498 517 540 553 558 584 614 629 645 670 693 714 723 755 780 805 812 850 868 876 905 923 936 958 989 1007 0
15 33 54 84 99 125 146 164 183 194 214 243 252 273 293 323 346 363 382 407 425 437 475 493 516 523 562 578 603 614 634 646 681 706 725 746 749 784 786 826 845 867 892 912 933 944 974 977 1003 1022
11 27 60 68 88 117 141 153 185 207 225 230 268 282 312 320 344 374 391 392 432 460 464 483 508 541 552 579 586 613 627 637 686 693 725 732 757 779 801 829 844 865 875 900 924 955 968 981 1010 0
10 36 52 78 104 119 144 165 183 201 210 233 267 278 300 312 353 371 385 400 435 451 458 499 518 534 556 575 601 607 625 664 684 703 720 737 759 772 788 811 843 854 890 898 929 954 956 978 1017 0
8 40 48 73 94 125 135 159 181 186 228 232 261 290 300 313 347 355 379 409 438 442 472 482 515 532 541 563 603 621 635 659 682 697 726 738 765 772 789 823 846 870 886 895 927 955 971 986 1000 0
20 30 62 71 96 117 128 158 170 188 212 239 263 287 305 331 346 369 388 405 439 448 477 488 513 526 551 570 596 616 637 646 673 687 724 747 750 788 796 824 838 856 892 901 923 951 973 988 1001 0
14 25 63 80 95 121 127 150 186 190 209 249 267 274 299 325 334 342 392 416 433 448 450 496 501 511 559 565 578 594 642 662 680 694 718 744 762 786 798 825 837 860 881 902 927 938 957 977 1016 0
1 41 46 63 102 111 133 159 175 207 229 240 260 270 296 329 349 369 382 399 426 430 469 490 511 530 540 573 588 618 629 661 669 688 727 743 752 769 801 828 843 859 873 892 926 949 969 991 997 1022
9 39 62 84 93 118 127 157 180 208 224 248 270 277 312 315 341 375 393 414 431 442 470 497 502 529 552 564 592 622 636 649 673 692 710 747 754 780 802 814 850 858 873 913 930 947 960 994 1007 0
12 39 52 65 102 121 140 164 184 202 228 238 255 285 295 331 344 376 394 404 406 434 471 486 512 531 551 581 583 598 626 655 673 692 712 734 760 764 803 810 839 871 884 894 928 946 962 990 1008 0
18 37 54 82 85 108 130 153 168 190 213 240 266 276 307 326 331 364 385 413 417 459 470 478 514 528 556 582 587 615 643 647 672 680 704 729 754 789 808 830 834 871 874 911 918 948 960 992 1011 0
9 32 60 79 87 113 142 164 179 204 213 231 264 278 305 332 342 358 387 411 428 440 467 484 490 523 563 565 602 620 644 665 683 690 691 744 768 790 809 830 845 863 880 908 919 949 971 980 1014 0
20 41 60 75 101 120 143 156 181 192 218 246 266 288 308 319 330 356 383 401 422 459 471 494 515 542 549 579 584 603 642 662 674 702 715 742 752 783 809 820 849 866 882 903 913 952 974 977 1003 1017
10 24 47 76 103 123 136 164 168 188 226 246 256 283 309 317 340 374 377 410 418 442 446 500 519 536 540 560 594 613 640 653 682 701 724 728 758 781 799 821 849 864 889 910 929 948 970 984 1004 0
3 38 64 81 84 120 142 166 187 201 217 240 271 272 313 325 344 361 390 403 412 439 441 473 510 530 551 567 592 609 639 647 672 697 708 735 758 789 807 822 828 853 885 902 932 953 962 981 1015 0
17 41 51 72 93 125 126 165 178 206 219 234 249 285 301 327 337 374 395 417 436 439 467 495 510 527 556 568 604 605 644 658 668 695 721 742 768 774 791 831 851 867 890 913 934 936 974 995 1017 0
2 42 48 70 93 123 133 161 169 202 218 242 251 291 305 326 353 363 368 403 419 450 452 487 506 533 557 581 600 608 643 659 686 702 708 747 761 777 806 824 827 857 874 893 919 945 958 987 1006 1023
18 42 52 80 103 122 139 160 185 192 214 237 262 287 296 313 345 357 375 395 428 454 466 479 508 524 548 571 593 623 630 648 663 696 727 740 766 776 796 829 836 868 878 903 931 947 967 972 1007 0
15 40 57 71 86 108 138 154 187 196 222 229 258 288 304 317 351 371 378 411 431 461 466 491 508 538 562 574 589 617 628 656 676 688 719 732 755 782 806 808 810 851 881 905 933 952 965 981 1008 0
8 25 45 75 100 107 137 151 167 206 225 239 270 279 297 333 340 371 396 404 440 445 473 498 512 535 537 582 595 623 641 656 678 696 722 729 767 790 799 818 848 863 893 901 912 943 969 979 1014 0
21 31 50 79 89 108 146 152 186 202 220 239 268 272 303 329 343 372 375 410 422 453 476 492 515 540 550 565 597 599 604 661 669 700 724 743 745 775 806 831 843 857 893 914 930 940 975 990 1006 1022
21 29 47 82 88 111 144 160 182 196 221 241 255 290 294 321 337 363 393 412 416 440 463 496 518 534 542 582 598 621 639 662 675 693 712 746 769 773 799 820 852 862 884 896 928 937 968 986 1005 1023
7 39 40 63 89 114 143 158 169 201 214 241 264 281 301 333 338 365 377 408 420 449 464 495 514 539 555 574 586 622 635 657 672 705 713 728 761 778 805 829 847 861 888 914 923 946 963 993 998 1019
20 38 50 65 87 110 137 155 183 197 229 245 265 281 292 318 354 374 389 416 438 461 462 500 503 525 529 577 590 617 631 659 685 696 721 748 762 770 809 826 850 855 882 907 926 944 956 984 1013 0
13 22 59 69 98 125 136 145 180 204 212 235 265 288 307 329 333 353 394 412 429 460 468 494 512 541 547 574 589 609 625 647 663 690 718 735 764 769 800 825 847 872 886 908 933 943 976 992 999 0
2 32 58 64 104 122 128 157 186 203 215 245 256 289 304 328 349 356 386 402 436 455 460 489 507 531 561 582 600 623 640 665 679 699 709 746 765 790 794 816 833 866 879 912 922 954 969 991 1002 1020
19 36 51 67 85 114 146 162 184 199 217 250 270 287 291 332 347 367 386 416 423 444 477 485 494 520 544 560 591 618 643 649 678 687 726 748 757 783 795 827 839 858 877 913 917 940 975 993 999 0
15 27 46 70 91 104 127 156 179 195 227 247 265 272 290 327 352 377 397 406 423 454 465 491 501 537 554 580 597 619 626 645 675 694 717 740 759 783 800 825 835 853 891 896 934 954 961 985 1009 0
10 40 44 77 101 115 141 162 170 205 221 244 260 277 299 326 354 357 370 394 424 437 455 497 519 522 555 577 604 619 627 652 676 689 708 737 753 786 790 812 850 858 879 909 934 936 972 995 1001 0
12 34 54 77 100 113 145 165 185 200 229 232 253 275 311 325 352 372 386 418 420 452 481 486 505 534 549 564 601 624 633 653 683 707 719 741 747 787 797 830 844 852 891 907 931 948 962 996 1013 1024
16 22 42 75 89 124 135 155 187 191 224 244 269 289 294 331 339 362 392 418 425 458 474 490 520 532 561 570 602 624 640 664 667 677 697 729 750 785 807 811 831 868 885 905 928 935 959 995 1004 0
14 33 42 67 96 118 131 166 171 193 215 231 261 292 303 330 351 366 394 417 430 447 475 488 498 500 552 569 583 601 641 660 682 699 725 745 769 771 808 832 851 869 883 911 920 935 955 983 1005 1021
8 30 61 78 86 122 130 163 176 200 221 234 264 291 306 323 343 366 392 401 441 462 481 486 502 536 546 575 594 623 642 657 671 705 726 741 744 788 807 828 846 871 872 904 924 952 976 996 1008 0
20 23 53 81 85 112 144 163 178 207 227 243 262 269 303 328 333 370 376 415 442 450 466 497 505 527 535 545 600 612 620 654 677 698 701 741 763 788 804 831 842 864 878 898 920 943 965 991 1015 1019
16 35 49 83 87 107 126 166 173 195 220 250 258 283 312 334 355 376 393 402 408 452 477 478 506 533 546 566 603 615 638 665 686 695 727 734 768 784 797 819 844 870 872 908 925 947 971 980 1017 1023
19 26 43 76 90 106 110 166 182 207 223 249 251 277 310 323 352 373 396 400 411 429 471 479 504 537 562 568 602 616 634 651 674 704 726 734 766 773 798 818 845 872 889 906 916 946 964 975 1006 1021
12 27 61 81 95 109 126 151 181 197 226 242 263 276 310 332 350 357 393 407 426 461 468 484 499 539 547 566 599 624 635 663 684 698 716 736 755 779 805 829 832 860 889 912 931 941 966 993 1013 1020
21 43 62 77 97 105 143 148 176 206 217 235 257 289 296 317 342 360 397 419 434 460 480 493 499 535 553 561 577 616 621 660 684 706 714 732 757 782 804 826 830 852 875 900 932 939 955 996 1003 0
19 30 59 82 94 112 129 150 167 203 220 247 254 282 311 319 345 365 390 399 437 456 476 499 500 529 558 573 587 607 638 644 667 679 702 716 765 785 810 819 836 869 876 900 929 945 968 984 1016 0
17 33 50 73 86 116 129 153 184 204 226 233 271 284 298 315 348 362 369 397 420 445 455 479 516 521 542 578 599 615 642 652 686 703 722 746 764 775 810 815 837 849 883 898 926 937 964 997 1010 0
7 37 58 67 102 124 141 165 173 208 216 246 271 290 306 324 345 359 389 396 419 461 480 492 501 522 559 562 589 618 632 650 676 701 711 733 758 780 793 809 842 867 888 909 925 951 975 992 1002 0
17 26 61 74 98 112 139 152 187 205 213 245 253 279 293 309 334 367 383 418 434 447 464 469 513 533 560 581 590 620 628 664 678 687 725 745 756 771 802 811 851 852 891 894 915 950 967 985 1009 0
1 31 55 71 101 118 136 155 177 198 225 236 254 273 298 328 350 368 395 400 406 441 478 501 520 542 563 567 595 622 644 660 666 706 727 728 754 789 811 821 848 855 887 903 933 949 973 988 996 0
4 41 58 83 98 106 131 160 176 198 227 244 267 284 297 332 335 365 391 405 431 438 475 481 521 539 563 571 585 610 639 664 674 703 710 748 756 776 798 814 835 860 887 896 914 941 976 994 1012 1018
