1024 284
3 12
3 3 3 3 3 3 3 3 3 3 3 3 3 3 3 3 3 3 3 3 3 3 3 3 3 3 3 3 3 3 3 3 3 3 3 3 3 3 3 3 3 3 3 3 3 3 3 3 3 3 3 3 3 3 3 3 3 3 3 3 3 3 3 3 3 3 3 3 3 3 3 3 3 3 3 3 3 3 3 3 3 3 3 3 3 3 3 3 3 3 3 3 3 3 3 3 3 3 3 3 3 3 3 3 3 3 3 3 3 3 3 3 3 3 3 3 3 3 3 3 3 3 3 3 3 3 3 3 3 3 3 3 3 3 3 3 3 3 3 3 3 3 3 3 3 3 3 3 3 3 3 3 3 3 3 3 3 3 3 3 3 3 3 3 3 3 3 3 3 3 3 3 3 3 3 3 3 3 3 3 3 3 3 3 3 3 3 3 3 3 3 3 3 3 3 3 3 3 3 3 3 3 3 3 3 3 3 3 3 3 3 3 3 3 3 3 3 3 3 3 3 3 3 3 3 3 3 3 3 3 3 3 3 3 3 3 3 3 3 3 3 3 3 3 3 3 3 3 3 3 3 3 3 3 3 3 3 3 3 3 3 3 3 3 3 3 3 3 3 3 3 3 3 3 3 3 3 3 3 3 3 3 3 3 3 3 3 3 3 3 3 3 3 3 3 3 3 3 3 3 3 3 3 3 3 3 3 3 3 3 3 3 3 3 3 3 3 3 3 3 3 3 3 3 3 3 3 3 3 3 3 3 3 3 3 3 3 3 3 3 3 3 3 3 3 3 3 3 3 3 3 3 3 3 3 3 3 3 3 3 3 3 3 3 3 3 3 3 3 3 3 3 3 3 3 3 3 3 3 3 3 3 3 3 3 3 3 3 3 3 3 3 3 3 3 3 3 3 3 3 3 3 3 3 3 3 3 3 3 3 3 3 3 3 3 3 3 3 3 3 3 3 3 3 3 3 3 3 3 3 3 3 3 3 3 3 3 3 3 3 3 3 3 3 3 3 3 3 3 3 3 3 3 3 3 3 3 3 3 3 3 3 3 3 3 3 3 3 3 3 3 3 3 3 3 3 3 3 3 3 3 3 3 3 3 3 3 3 3 3 3 3 3 3 3 3 3 3 3 3 3 3 3 3 3 3 3 3 3 3 3 3 3 3 3 3 3 3 3 3 3 3 3 3 3 3 3 3 3 3 3 3 3 3 3 3 3 3 3 3 3 3 3 3 3 3 3 3 3 3 3 3 3 3 3 3 3 3 3 3 3 3 3 3 3 3 3 3 3 3 3 3 3 3 3 3 3 3 3 3 3 3 3 3 3 3 3 3 3 3 3 3 3 3 3 3 3 3 3 3 3 3 3 3 3 3 3 3 3 3 3 3 3 3 3 3 3 3 3 3 3 3 3 3 3 3 3 3 3 3 3 3 3 3 3 3 3 3 3 3 3 3 3 3 3 3 3 3 3 3 3 3 3 3 3 3 3 3 3 3 3 3 3 3 3 3 3 3 3 3 3 3 3 3 3 3 3 3 3 3 3 3 3 3 3 3 3 3 3 3 3 3 3 3 3 3 3 3 3 3 3 3 3 3 3 3 3 3 3 3 3 3 3 3 3 3 3 3 3 3 3 3 3 3 3 3 3 3 3 3 3 3 3 3 3 3 3 3 3 3 3 3 3 3 3 3 3 3 3 3 3 3 3 3 3 3 3 3 3 3 3 3 3 3 3 3 3 3 3 3 3 3 3 3 3 3 3 3 3 3 3 3 3 3 3 3 3 3 3 3 3 3 3 3 3 3 3 3 3 3 3 3 3 3 3 3 3 3 3 3 3 3 3 3 3 3 3 3 3 3 3 3 3 3 3 3 3 3 3 3 3 3 3 3 3 3 3 3 3 3 3 3 3 3 3 3 3 3 3 3 3 3 3 3 3 3 3 3 3 3 3 3 3 3 3 3 3 3 3 3 3 3 3 3 3 3 3 3 3 3 3 3 3 3 3 3 3 3 3 3 3 3 3 3 3 3 3 3 3 3 3 3 3 3 3 3 3 3 3 3 3 3 3 3 3 3 3 3 3 3 3 3 3 3 3 3 3 3 3 3 3 3 3 3 3 3 3 3 3 3 3 3 3 3 3 3 3 3 3 3 3 3 3 3 3 3 3 3 3 3 3 3 3 3 3 3 3 3 3 3 3 3 3 3 3 3 3 3 3 3 3 3 3 3 3 3 3 3 3 3 3 3 3 3 3 3 3 3 3 3 3 3 3 3 3 3 3 3 3 3 3 3 3 3 3 3 3 3 3 3 3 3 3 3
11 11 11 11 11 11 11 11 11 11 11 11 11 11 11 11 11 11 11 11 11 11 11 11 11 11 11 11 11 11 11 11 11 11 12 11 11 11 11 11 11 11 11 11 11 11 11 11 11 11 11 11 11 11 11 11 11 11 11 11 11 11 11 11 11 11 11 12 11 11 11 11 11 11 11 11 11 11 11 11 11 11 11 11 11 11 11 11 11 11 11 11 11 11 11 11 11 11 11 11 11 11 11 11 11 11 11 11 11 11 11 11 11 11 11 11 11 11 11 11 11 11 11 11 11 10 11 11 10 11 11 11 10 11 11 11 10 11 11 10 11 11 10 11 11 10 11 11 10 11 10 11 11 11 10 10 10 11 11 10 10 11 11 11 11 11 10 11 11 11 10 11 11 11 11 11 10 11 11 10 11 11 11 11 11 11 11 11 11 11 10 11 11 11 10 10 10 11 11 11 10 11 11 11 11 11 11 11 11 11 11 11 10 10 10 11 11 11 10 11 10 10 11 11 11 10 11 11 11 11 10 11 10 11 11 11 11 11 11 11 10 11 11 10 10 11 10 11 10 10 10 11 11 11 11 10 10 11 11 11 11 11 10 11 10 10 11 10 10 11 11 10 10 11 11 11 11 10 10 10 10 11 10 10
1 109 160
2 221 278
3 96 191
4 26 184
5 77 281
6 34 76
7 52 71
8 20 50
9 14 66
10 69 199
11 128 276
12 190 242
13 146 157
15 46 125
16 161 217
17 24 123
18 101 212
19 136 251
21 37 196
22 81 84
23 117 222
25 94 153
27 198 223
28 64 213
29 271 279
30 104 137
31 35 116
32 181 270
33 228 235
36 57 236
38 142 269
39 124 229
40 88 243
41 83 149
42 192 253
43 92 152
44 95 169
45 129 204
47 247 282
48 150 257
49 173 226
51 108 202
53 232 283
54 61 133
55 174 177
56 119 241
58 178 195
59 74 127
60 62 82
63 215 227
65 114 249
67 85 90
68 111 144
70 75 185
72 159 201
73 256 274
78 244 263
79 155 275
80 231 266
86 122 131
87 168 205
89 106 107
91 166 183
93 182 254
97 163 193
98 156 234
99 134 139
100 105 230
102 259 268
103 154 206
110 120 138
112 170 200
113 164 203
115 188 233
118 264 265
121 141 248
126 135 148
130 208 277
132 147 171
140 158 176
143 175 210
145 240 272
151 207 224
162 245 258
165 273 284
167 172 216
179 220 262
180 187 209
186 237 252
189 255 261
194 211 260
197 267 280
214 225 239
218 219 246
36 238 250
1 35 196
2 27 201
3 137 198
4 22 278
5 47 266
6 43 58
7 55 268
8 45 277
9 39 245
10 61 255
11 64 203
12 158 235
13 48 133
14 180 226
15 106 161
16 159 172
17 28 79
18 56 60
19 192 259
20 74 264
21 136 207
23 38 119
24 107 270
25 90 97
26 49 69
29 100 253
30 63 279
31 82 93
32 83 195
33 96 131
34 129 233
37 53 126
40 54 143
41 214 282
42 170 218
44 163 171
46 132 274
50 65 206
51 120 241
52 166 260
57 202 280
59 78 139
62 252 284
66 98 220
67 111 121
68 70 168
71 145 244
72 134 238
73 150 283
75 117 231
76 176 179
77 183 261
80 122 164
81 224 248
84 92 110
85 114 155
86 118 135
87 156 217
88 204 219
89 165 230
91 94 237
95 242 267
99 182 225
101 154 258
102 124 128
103 146 227
104 153 178
105 127 209
108 112 275
109 188 240
113 210 216
115 125 142
116 169 175
123 189 262
130 174 221
138 167 194
140 212 251
141 181 263
144 257 273
147 184 271
148 200 234
149 197 229
151 215 281
152 213 256
157 160 250
162 223 272
173 222 232
177 185 254
186 228 246
187 190 211
191 199 205
193 208 247
91 236 265
84 239 243
12 249 269
157 193 276
1 20 123
2 28 252
3 46 202
4 188 234
5 116 170
6 36 70
7 132 179
8 167 257
9 85 88
10 60 141
11 127 205
13 38 42
14 136 236
15 154 225
16 229 261
17 75 279
18 104 148
19 32 45
21 161 174
22 50 80
23 71 159
24 242 283
25 176 216
26 140 165
27 129 169
29 214 235
30 124 273
31 102 249
33 160 248
34 37 100
35 168 260
39 139 171
40 55 118
41 111 173
43 47 272
44 110 199
48 93 209
49 215 277
51 203 204
52 89 164
53 78 246
54 72 151
56 149 256
57 65 263
58 143 184
59 251 275
61 228 231
62 220 247
63 115 265
64 121 142
66 96 227
67 99 198
68 135 270
69 122 162
73 200 224
74 178 281
76 81 183
77 86 114
79 153 217
82 267 271
83 163 177
87 192 258
90 196 241
92 180 181
94 222 259
95 103 172
97 112 187
98 117 210
101 109 130
105 223 269
106 133 213
107 218 278
108 144 255
113 182 189
119 131 147
120 146 268
125 194 238
126 175 276
128 201 239
134 226 266
137 138 232
144 145 243
150 166 245
152 206 219
155 191 233
156 254 263
156 158 264
185 274 284
186 197 207
190 237 240
195 230 262
208 244 253
211 212 282
176 221 280
219 250 271
1 54 137
2 146 168
3 22 83
4 127 172
5 120 165
6 10 259
7 18 226
8 171 237
9 125 178
11 24 91
12 63 204
13 185 229
14 255 278
15 116 279
16 150 247
17 162 234
19 67 152
20 60 239
21 223 273
23 155 270
25 124 266
26 85 276
27 58 73
28 209 244
29 108 245
30 130 181
31 195 248
32 52 142
33 149 257
34 112 182
35 49 243
36 90 230
37 103 107
38 78 84
39 135 206
40 100 251
41 175 258
42 114 179
43 59 96
44 136 260
45 46 261
47 186 254
48 88 221
50 112 119
51 72 105
53 133 211
55 198 242
56 91 253
57 175 284
61 115 216
62 218 233
64 101 170
65 110 134
66 93 232
68 132 151
69 129 197
70 203 208
71 81 282
74 163 222
75 77 212
76 139 164
79 173 241
80 111 157
82 174 200
86 238 252
87 213 267
89 109 169
92 113 148
94 131 225
95 224 272
97 145 154
98 183 196
99 280 281
102 123 246
104 235 274
106 268 275
117 214 215
118 128 207
16 121 191
122 138 161
126 199 256
140 166 177
141 194 227
143 180 249
147 189 265
153 220 269
10 158 193
159 160 192
167 202 262
184 217 231
187 201 277
153 188 283
190 210 250
76 205 228
138 228 236
31 240 264
1 140 203
2 39 248
3 17 207
4 30 241
5 206 209
6 24 243
7 74 233
8 37 87
9 80 213
11 66 274
12 22 192
13 234 281
14 159 177
15 56 246
18 21 157
19 122 254
20 68 210
23 73 280
25 69 146
26 38 236
27 183 275
28 167 259
29 142 221
32 53 272
33 106 134
34 124 194
35 115 149
36 48 104
40 170 222
41 161 179
42 51 264
43 253 284
44 88 156
45 127 282
46 95 117
47 108 249
49 62 198
50 55 279
52 184 202
54 155 237
57 64 131
58 63 111
59 109 231
60 85 283
61 154 220
65 168 178
67 147 211
70 218 245
71 123 227
72 181 267
75 105 171
77 107 193
78 151 258
79 84 250
81 167 276
82 125 144
83 120 271
86 187 195
89 94 180
90 135 214
92 132 196
93 199 212
96 174 230
97 213 265
98 121 165
99 126 204
100 190 261
101 189 238
102 148 166
103 203 226
110 150 215
113 145 217
114 169 257
116 139 255
118 160 220
119 205 240
128 152 188
129 147 244
130 260 269
133 208 273
50 136 247
137 172 219
40 141 164
143 229 242
158 173 224
162 239 261
121 163 246
110 176 223
182 201 270
185 216 275
130 186 251
191 263 266
197 232 262
171 200 235
225 256 278
38 252 277
104 268 277
1 9 78
2 41 94
3 180 265
4 179 251
5 87 204
6 16 108
7 30 225
8 58 66
10 105 169
11 161 198
12 21 59
13 181 206
14 34 64
15 74 140
17 90 134
18 190 280
19 23 116
20 91 221
22 61 93
24 120 192
25 109 136
26 56 68
27 157 264
28 44 135
29 223 276
31 208 216
32 62 79
33 113 211
35 72 85
36 177 224
37 188 248
39 49 138
42 71 231
43 86 260
45 175 176
46 160 212
47 115 137
48 100 139
51 136 149
52 93 214
53 112 159
54 96 183
55 178 228
57 201 255
60 172 268
63 89 127
65 173 227
67 84 107
69 125 218
70 92 232
73 103 189
75 99 143
76 258 271
77 124 142
80 262 284
81 130 182
82 236 281
83 196 217
88 119 166
95 131 245
97 239 254
98 193 267
101 150 155
102 174 282
106 269 274
111 154 166
114 117 177
118 215 278
122 207 230
123 151 199
126 164 249
128 210 244
129 141 256
132 133 205
144 195 222
145 259 274
146 187 247
148 243 252
152 162 202
116 153 194
156 238 242
152 158 279
163 168 250
165 182 226
170 223 283
184 200 240
37 185 219
103 186 233
191 272 277
166 197 273
209 229 237
234 253 257
235 241 263
63 266 270
1 55 187
2 126 231
3 201 281
4 35 75
5 160 197
6 31 276
7 24 122
8 36 181
9 120 282
10 210 241
11 60 229
12 202 247
13 29 161
14 77 253
15 76 254
16 56 227
17 203 263
18 156 164
19 88 237
20 67 284
21 155 211
22 27 70
23 141 242
25 64 118
26 205 232
28 92 251
30 73 175
32 139 185
33 112 153
34 91 133
38 176 209
39 57 113
40 62 158
41 148 191
42 58 188
43 69 163
44 108 127
45 82 128
46 119 216
47 84 109
48 217 233
49 259 271
50 90 261
51 78 95
52 99 173
53 111 221
54 236 239
59 150 243
61 114 147
65 192 265
66 157 246
68 262 278
71 79 186
72 81 256
74 110 267
80 198 260
83 85 244
86 105 275
87 131 208
89 132 280
94 184 204
96 167 250
97 218 269
98 189 228
100 149 220
101 102 196
104 179 270
106 123 143
107 168 235
115 230 252
117 137 248
121 138 180
124 170 172
125 224 249
129 212 255
134 240 273
135 162 174
140 145 146
142 154 207
144 258 283
151 264 268
159 183 199
165 200 238
169 190 213
171 219 266
178 225 257
193 194 214
195 206 215
222 272 279
210 226 245
94 101 234
1 58 193
2 105 271
3 36 222
4 25 272
5 243 246
6 83 221
7 117 240
8 115 223
9 16 17
10 99 233
11 135 277
12 28 195
13 59 220
14 47 196
15 92 276
18 50 86
19 200 232
20 96 145
21 69 209
22 108 132
23 43 225
24 111 281
26 103 201
27 154 211
29 216 224
30 66 252
31 129 270
32 226 234
33 44 62
34 75 150
35 158 261
37 93 163
38 149 171
39 52 176
40 67 266
41 207 218
42 190 214
45 109 168
46 48 49
51 180 274
53 104 255
54 71 204
55 181 253
56 95 174
57 157 199
60 228 273
61 128 165
63 81 90
64 114 120
65 73 208
68 152 242
70 186 187
72 185 191
74 175 183
76 107 173
77 79 258
78 170 205
80 127 151
82 153 278
84 197 264
85 203 248
87 215 249
88 121 262
89 144 159
91 231 269
97 172 212
98 122 282
100 137 147
102 156 179
106 124 202
110 177 235
112 169 227
113 142 162
116 244 275
118 229 263
119 126 138
123 125 217
130 148 236
131 139 188
133 184 192
134 167 239
136 143 219
140 141 257
146 198 230
155 206 259
160 189 279
161 265 280
164 241 267
178 237 247
182 213 283
194 251 284
238 245 268
250 254 256
112 229 260
1 230 270
2 151 202
3 194 237
4 129 238
5 224 233
6 114 201
7 29 197
8 24 113
9 184 209
10 39 262
11 150 255
12 147 221
13 240 256
14 200 269
15 83 247
16 130 139
17 133 138
18 28 205
19 217 245
20 219 220
21 77 254
22 143 273
23 93 106
25 73 105
26 32 96
27 179 243
30 149 281
31 154 284
33 146 267
34 207 250
35 94 128
36 52 251
37 169 268
38 61 195
40 69 102
41 110 160
42 44 53
43 157 172
45 78 161
46 84 91
47 49 141
48 126 165
50 99 163
51 97 148
54 120 156
55 212 249
56 180 258
57 153 282
58 95 142
59 159 214
60 63 70
62 90 192
64 137 145
65 98 144
66 109 242
67 181 199
68 134 193
71 108 198
72 208 259
74 244 260
75 103 264
76 86 266
79 115 140
80 196 227
81 131 206
82 100 274
85 186 234
87 135 183
88 132 175
89 189 223
92 122 178
101 152 216
104 173 231
107 119 162
111 170 239
116 226 228
117 191 253
118 123 171
121 275 276
124 164 187
125 203 280
127 166 190
136 167 283
155 210 232
158 182 246
168 174 226
176 213 222
177 204 211
185 215 241
188 212 277
218 263 273
225 248 265
127 235 252
236 257 279
186 261 271
143 230 272
36 51 278
1 256 275
2 166 189
3 109 179
4 126 239
5 198 221
6 153 190
7 77 213
8 16 218
9 116 277
10 71 178
11 249 271
12 113 163
13 63 136
14 65 69
15 199 283
17 89 220
18 138 183
19 118 267
20 238 282
21 64 99
22 49 200
23 151 243
24 100 260
25 96 258
26 268 280
27 149 259
28 54 246
29 86 145
30 209 262
31 132 257
32 35 106
33 172 207
34 123 152
37 170 210
38 72 251
39 159 234
40 87 142
41 167 264
42 94 134
43 90 161
44 66 216
45 182 241
46 193 252
47 155 176
48 56 97
50 197 274
52 68 237
53 236 266
55 144 219
57 196 242
58 79 255
59 114 278
60 250 269
61 135 146
62 75 276
67 73 115
70 78 165
74 148 192
76 95 211
80 158 180
81 222 229
82 156 160
83 133 164
84 102 184
85 174 194
88 105 157
91 201 235
92 111 169
93 203 261
98 104 204
101 248 254
103 121 214
107 150 265
108 228 270
110 154 202
112 128 181
117 124 168
92 119 233
120 141 162
122 171 253
125 147 185
129 205 279
130 195 245
131 140 231
112 137 284
77 139 232
159 173 240
172 175 215
177 225 227
187 224 263
29 188 247
191 239 242
206 217 223
90 208 281
50 179 244
18 34 272
1 148 223
2 125 253
3 210 246
4 46 65
5 16 235
6 115 209
7 199 208
8 106 271
9 12 118
10 96 187
11 202 254
13 194 258
14 113 230
15 135 184
17 37 166
19 103 144
20 139 224
21 81 252
22 43 64
23 100 193
24 72 175
25 182 205
26 116 207
27 47 267
28 82 150
30 107 217
31 120 229
32 91 169
33 78 152
35 97 232
36 69 111
38 55 183
39 40 109
41 48 275
42 168 276
44 186 225
45 145 262
49 74 204
51 61 122
52 188 243
53 131 220
54 124 189
56 67 277
57 259 260
58 119 238
59 248 274
60 132 206
62 203 240
63 162 212
66 170 270
68 105 138
70 88 101
71 121 136
73 163 282
75 164 174
76 181 264
68 79 200
80 237 255
83 127 236
84 86 227
85 142 190
87 128 173
89 178 216
93 95 234
94 185 228
98 176 218
99 153 192
102 198 261
104 134 141
108 165 211
35 110 147
114 123 130
117 154 158
1 96 192 287 383 480 574 665 759 856 952 0
2 97 193 288 384 481 575 666 760 857 953 0
3 98 194 289 385 482 576 667 761 858 954 0
4 99 195 290 386 483 577 668 762 859 955 0
5 100 196 291 387 484 578 669 763 860 956 0
6 101 197 292 388 485 579 670 764 861 957 0
7 102 198 293 389 486 580 671 765 862 958 0
8 103 199 294 390 487 581 672 766 863 959 0
9 104 200 295 391 480 582 673 767 864 960 0
10 105 201 292 373 488 583 674 768 865 961 0
11 106 202 296 392 489 584 675 769 866 962 0
12 107 190 297 393 490 585 676 770 867 960 0
13 108 203 298 394 491 586 677 771 868 963 0
9 109 204 299 395 492 587 678 772 869 964 0
14 110 205 300 396 493 588 679 773 870 965 0
15 111 206 301 365 485 589 673 774 863 956 0
16 112 207 302 385 494 590 673 775 871 966 0
17 113 208 293 397 495 591 680 776 872 951 0
18 114 209 303 398 496 592 681 777 873 967 0
8 115 192 304 399 497 593 682 778 874 968 0
19 116 210 305 397 490 594 683 779 875 969 0
20 99 211 289 393 498 595 684 780 876 970 0
21 117 212 306 400 496 596 685 781 877 971 0
16 118 213 296 388 499 580 686 766 878 972 0
22 119 214 307 401 500 597 668 782 879 973 0
4 120 215 308 402 501 598 687 783 880 974 0
23 97 216 309 403 502 595 688 784 881 975 0
24 112 193 310 404 503 599 676 776 882 976 0
25 121 217 311 405 504 586 689 765 883 946 0
26 122 218 312 386 486 600 690 785 884 977 0
27 123 219 313 382 505 579 691 786 885 978 0
28 124 209 314 406 506 601 692 783 886 979 0
29 125 220 315 407 507 602 693 787 887 980 0
6 126 221 316 408 492 603 694 788 888 951 0
27 96 222 317 409 508 577 695 789 886 981 1022
30 95 197 318 410 509 581 667 790 855 982 0
19 127 221 319 390 510 566 696 791 889 966 0
31 117 203 320 402 478 604 697 792 890 983 0
32 104 223 321 384 511 605 698 768 891 984 0
33 128 224 322 411 465 606 699 793 892 984 0
34 129 225 323 412 481 607 700 794 893 985 0
35 130 203 324 413 512 608 701 795 894 986 0
36 101 226 325 414 513 609 685 796 895 970 0
37 131 227 326 415 503 610 693 795 896 987 0
38 103 209 327 416 514 611 702 797 897 988 0
14 132 194 327 417 515 612 703 798 898 955 0
39 100 226 328 418 516 613 678 799 899 975 0
40 108 228 329 410 517 614 703 800 900 985 0
41 120 229 317 419 511 615 703 799 876 989 0
8 133 211 330 420 463 616 680 801 901 950 0
42 134 230 331 413 518 617 704 802 855 990 0
7 135 231 314 421 519 618 698 790 902 991 0
43 127 232 332 406 520 619 705 795 903 992 0
44 128 233 287 422 521 620 706 803 882 993 0
45 102 224 333 420 522 574 707 804 904 983 0
46 113 234 334 396 501 589 708 805 900 994 0
30 136 235 335 423 523 605 709 806 905 995 0
47 101 236 309 424 487 608 665 807 906 996 0
48 137 237 325 425 490 621 677 808 907 997 0
49 113 201 304 426 524 584 710 809 908 998 0
44 105 238 336 427 498 622 711 792 909 990 0
49 138 239 337 419 506 606 693 810 910 999 0
50 122 240 297 424 525 573 712 809 868 1000 0
24 106 241 338 423 492 597 713 811 875 970 0
51 133 235 339 428 526 623 714 812 869 955 0
9 139 242 340 392 487 624 690 813 896 1001 0
52 140 243 303 429 527 593 699 814 911 994 0
53 141 244 341 399 501 625 715 815 902 1002 1008
10 120 245 342 401 528 609 683 793 869 982 0
54 141 197 343 430 529 595 716 809 912 1003 0
7 142 212 344 431 512 626 706 816 865 1004 0
55 143 233 331 432 508 627 717 817 890 972 0
56 144 246 309 400 530 600 714 782 911 1005 0
48 115 247 345 389 493 628 718 818 913 989 0
54 145 207 346 433 531 577 694 819 910 1006 0
6 146 248 347 380 532 588 719 820 914 1007 0
5 147 249 346 434 533 587 720 779 862 941 0
57 137 232 320 435 480 617 721 797 912 980 0
58 112 250 348 436 506 626 720 821 906 1008 0
59 148 211 349 391 534 629 722 822 915 1009 0
20 149 248 344 437 535 627 712 823 916 969 0
49 123 251 350 438 536 611 723 824 917 976 0
34 124 252 289 439 537 630 670 773 918 1010 0
20 150 189 320 436 527 613 724 798 919 1011 0
52 151 200 308 426 508 630 725 825 920 1012 0
60 152 249 351 440 513 631 680 820 883 1011 0
61 153 253 352 390 484 632 726 826 892 1013 0
33 154 200 329 415 538 592 727 827 921 1003 0
62 155 231 353 441 525 633 728 828 871 1014 0
52 119 254 318 442 494 616 712 810 895 949 0
63 156 188 296 334 497 603 729 798 922 979 0
36 150 255 354 443 529 599 679 829 923 933 0
64 123 228 340 444 498 519 696 781 924 1015 0
22 156 256 355 441 481 634 664 789 894 1016 0
37 157 257 356 417 539 617 708 807 914 1015 0
3 125 242 325 445 521 635 682 783 879 961 0
65 119 258 357 446 540 636 730 802 900 981 0
66 139 259 358 447 541 637 731 812 925 1017 0
67 158 243 359 448 531 618 674 801 875 1018 0
68 121 221 322 449 517 638 732 824 878 971 0
17 159 260 338 450 542 639 664 830 926 1003 0
69 160 219 360 451 543 639 733 793 919 1019 0
70 161 257 319 452 530 567 687 819 927 967 0
26 162 208 361 410 479 640 705 831 925 1020 0
68 163 261 331 433 488 631 666 782 921 1002 0
62 110 262 362 407 544 641 734 781 886 959 0
62 118 263 319 434 527 642 719 832 928 977 0
42 164 264 311 418 485 610 684 816 929 1021 0
1 165 260 353 425 500 613 702 813 858 984 0
71 150 227 339 453 470 628 735 794 930 1022 0
53 140 225 349 424 545 619 686 833 923 982 0
72 164 258 316 330 520 602 736 758 931 940 0
73 166 265 354 454 507 605 737 766 867 964 0
51 151 249 324 455 546 622 713 764 907 1023 0
74 167 240 336 409 516 643 672 821 911 957 0
27 168 196 300 456 496 559 738 834 864 974 0
21 145 259 363 417 546 644 671 835 932 1024 0
75 152 224 364 457 547 597 739 836 873 960 0
46 117 266 330 458 538 612 740 832 933 996 0
71 134 267 291 439 499 582 713 803 934 978 0
76 140 241 365 447 469 645 727 837 927 1004 0
60 148 245 366 398 548 580 731 829 935 990 0
16 169 192 360 431 549 641 741 836 888 1023 0
32 160 218 307 408 533 646 734 838 932 993 0
14 167 268 295 438 528 647 741 839 936 953 0
77 127 269 367 448 550 575 740 800 859 0 0
48 163 202 290 416 525 610 722 840 851 1010 0
11 160 270 364 459 551 611 711 789 931 1013 0
38 126 216 342 460 552 648 691 762 937 0 0
78 170 260 312 461 473 535 742 774 938 1023 0
60 125 266 355 423 539 632 743 823 939 992 0
79 132 198 341 443 553 633 684 827 885 998 0
44 108 262 332 462 553 603 744 775 918 0 0
67 143 271 339 407 494 649 745 815 894 1020 0
77 152 244 321 442 503 650 675 826 909 965 0
18 116 204 326 463 500 518 746 841 868 1004 0
26 98 272 287 464 516 644 732 811 940 0 0
71 171 272 366 381 511 645 740 775 872 1002 0
67 137 223 347 456 517 601 743 774 941 968 0
80 172 215 368 383 493 651 747 821 939 0 0
76 173 201 369 465 552 596 747 799 934 1020 0
31 167 241 314 405 533 652 737 807 892 1012 0
81 128 236 370 466 531 641 746 780 854 0 0
53 174 264 273 438 554 653 728 812 904 967 0
82 142 273 357 454 555 651 682 811 883 988 0
13 161 267 288 401 556 651 748 787 909 0 0
79 175 266 371 429 460 622 732 770 936 1022 0
77 176 208 354 451 557 607 742 802 913 952 0
34 177 234 315 409 518 638 697 785 881 0 0
40 144 274 301 453 542 621 694 769 928 976 0
83 178 233 341 435 549 654 722 760 877 0 0
36 179 275 303 459 558 561 715 830 888 980 0
22 162 250 372 378 559 602 723 806 861 1018 0
70 159 205 357 427 545 652 688 786 930 1024 0
58 151 276 306 422 542 594 749 842 899 0 0
66 153 277 278 415 560 591 733 803 917 0 0
13 180 191 349 397 502 624 709 796 921 0 0
80 107 278 373 467 561 606 695 843 915 1024 0
55 111 212 374 395 520 655 728 808 891 942 0
1 180 220 374 457 515 578 750 794 917 0 0
15 110 210 366 412 489 586 751 797 895 0 0
84 181 245 302 468 558 650 737 832 934 1000 0
65 131 252 345 469 562 609 696 801 867 1005 0
73 148 231 347 465 550 591 752 838 918 1006 0
85 155 215 291 447 563 656 711 800 912 1021 0
63 135 274 368 451 538 545 569 840 857 966 0
86 171 199 375 404 437 635 745 841 893 0 0
61 141 222 288 428 562 642 702 844 932 986 0
37 168 216 353 455 488 657 736 791 923 979 0
72 130 196 338 411 564 646 721 833 889 1001 0
79 131 223 294 433 476 658 697 836 935 0 0
86 111 257 290 464 524 646 730 796 887 943 0
41 182 225 348 467 526 618 719 831 942 1013 0
45 170 210 350 445 543 650 708 844 920 1006 0
81 168 269 323 335 514 600 718 827 943 972 0
80 146 214 285 470 514 604 698 845 899 1017 0
45 183 252 368 395 509 546 735 846 944 0 0
47 162 247 295 428 522 659 753 829 865 1014 0
87 146 198 324 412 483 640 733 784 858 950 0
88 109 255 370 441 482 645 704 805 915 0 0
28 173 255 312 432 491 581 707 814 931 1007 0
64 158 265 316 471 535 563 754 843 897 973 0
63 147 248 358 403 521 655 718 826 872 983 0
4 175 236 376 421 565 634 744 767 919 965 0
54 183 279 298 472 566 601 717 847 936 1016 0
89 184 280 328 473 567 626 716 825 853 987 0
88 185 258 377 440 556 574 716 838 945 961 0
74 165 195 378 459 510 608 743 848 946 991 0
90 169 265 371 450 530 637 750 828 857 993 0
12 185 281 379 449 495 657 701 840 861 1012 0
3 186 276 365 474 568 607 717 835 947 0 0
35 114 253 374 393 499 623 744 810 913 1018 0
65 187 191 373 434 541 660 665 815 898 971 0
91 171 268 369 408 559 660 755 761 920 963 0
47 124 282 313 440 554 661 676 792 938 0 0
19 96 254 358 443 537 639 678 822 905 0 0
92 177 280 342 475 569 578 724 765 901 0 0
23 98 243 333 419 489 629 748 816 860 1019 0
10 186 227 367 444 549 655 709 814 870 958 0
72 176 246 350 476 565 656 681 772 876 1008 0
55 97 270 377 471 523 576 687 764 922 0 0
42 136 194 375 421 558 585 734 760 930 962 0
73 106 230 343 383 452 590 725 839 924 999 0
38 154 230 297 448 484 634 706 846 925 989 0
61 186 202 380 458 553 598 721 776 937 973 0
70 133 275 321 387 491 661 749 823 948 998 0
83 116 280 364 385 548 652 700 788 887 974 0
78 187 283 343 462 505 632 714 817 949 958 0
88 163 228 310 387 570 604 683 767 884 957 0
81 166 259 379 399 551 583 663 842 889 954 0
91 185 284 332 429 507 594 688 846 914 1021 0
17 172 284 346 444 515 648 730 804 848 1000 0
24 179 262 352 391 446 657 754 845 862 0 0
93 129 217 363 442 519 660 701 808 927 0 0
50 178 229 363 453 547 661 726 847 943 0 0
86 166 214 336 472 505 612 689 830 896 1014 0
15 153 250 376 454 537 614 741 777 948 977 0
94 130 263 337 430 528 636 700 849 863 1017 0
94 154 275 286 464 566 658 746 778 904 0 0
87 139 239 372 427 457 638 677 778 871 992 0
2 170 285 329 405 497 619 670 770 860 0 0
21 182 256 345 411 554 662 667 845 916 0 0
23 181 261 305 470 504 564 672 828 948 952 0
83 149 246 356 467 509 647 689 763 945 968 0
93 158 205 355 477 486 659 685 850 944 987 0
41 109 271 293 452 563 663 692 834 844 0 0
50 161 242 369 431 526 589 736 822 944 1011 0
29 184 238 380 381 522 637 710 834 929 1016 0
32 177 206 298 466 570 584 739 758 916 978 0
68 155 282 318 445 548 643 748 759 854 964 0
59 145 238 376 425 512 575 729 831 939 0 0
43 182 272 340 475 529 598 681 842 941 981 0
74 126 276 337 389 567 614 674 763 933 0 0
66 176 195 302 394 571 664 692 825 891 1015 0
29 107 217 361 476 572 642 735 851 922 956 0
30 188 204 381 402 536 620 742 852 903 1010 0
89 156 281 294 422 570 592 753 761 902 1009 0
95 143 268 351 450 560 656 756 762 874 996 0
93 189 270 304 468 540 620 745 833 859 947 0
82 165 281 382 458 565 649 671 771 942 999 0
46 134 254 348 386 572 583 752 847 897 0 0
12 157 213 333 466 560 596 715 813 905 947 0
33 189 273 317 388 557 621 669 784 877 991 0
57 142 283 310 460 551 630 738 818 950 0 0
84 104 274 311 430 539 663 756 777 938 0 0
94 184 232 360 396 469 624 669 843 882 954 0
39 187 239 301 463 556 585 753 773 946 0 0
76 149 220 313 384 510 644 725 850 926 997 0
51 190 219 370 418 550 647 726 804 866 0 0
95 180 286 379 436 562 635 757 788 908 0 0
18 172 237 322 473 483 599 755 790 890 0 0
89 138 193 351 478 557 643 690 851 898 969 0
35 121 283 334 414 571 587 707 835 935 953 0
64 183 277 328 398 540 588 757 779 926 962 0
90 105 264 299 456 523 648 705 769 906 1009 0
56 179 234 367 477 552 627 757 771 856 0 0
40 174 199 315 455 571 659 747 852 885 0 0
84 159 253 323 435 532 653 720 805 879 963 0
69 114 256 292 404 555 615 749 817 881 995 0
91 135 222 326 461 513 629 758 818 878 995 0
90 147 206 327 449 468 616 695 853 924 1019 0
87 169 282 375 475 534 625 727 768 884 988 0
57 173 235 277 474 572 590 739 849 945 0 0
75 115 278 382 413 502 654 724 819 893 1007 0
75 188 240 371 446 482 623 751 850 928 0 0
59 100 271 307 474 573 658 699 820 903 0 0
92 157 251 352 432 541 628 752 787 873 975 0
69 102 267 362 479 524 654 756 791 880 0 0
31 190 261 372 461 544 636 729 772 908 0 0
28 118 244 306 471 573 640 691 759 929 1001 0
25 175 251 286 439 532 615 666 853 866 959 0
82 181 226 356 406 568 662 668 854 951 0 0
85 174 218 305 462 569 649 710 780 849 0 0
56 132 279 361 392 544 555 704 824 901 997 0
58 164 237 362 403 472 631 738 837 856 985 0
11 191 269 308 437 504 579 679 837 910 986 0
78 103 229 377 478 479 568 675 848 864 994 0
2 99 263 299 477 547 625 723 855 907 0 0
25 122 207 300 420 561 662 750 852 937 0 0
92 136 285 359 400 495 633 751 839 880 0 0
5 178 247 359 394 536 576 686 785 949 0 0
39 129 284 344 416 543 582 731 806 874 1005 0
43 144 213 378 426 564 653 754 841 870 0 0
85 138 279 335 414 534 593 755 786 940 0 0
