1024 135
5 39
5 5 5 5 5 5 5 5 5 5 5 5 5 5 5 5 5 5 5 5 5 5 5 5 5 5 5 5 5 5 5 5 5 5 5 5 5 5 5 5 5 5 5 5 5 5 5 5 5 5 5 5 5 5 5 5 5 5 5 5 5 5 5 5 5 5 5 5 5 5 5 5 5 5 5 5 5 5 5 5 5 5 5 5 5 5 5 5 5 5 5 5 5 5 5 5 5 5 5 5 5 5 5 5 5 5 5 5 5 5 5 5 5 5 5 5 5 5 5 5 5 5 5 5 5 5 5 5 5 5 5 5 5 5 5 5 5 5 5 5 5 5 5 5 5 5 5 5 5 5 5 5 5 5 5 5 5 5 5 5 5 5 5 5 5 5 5 5 5 5 5 5 5 5 5 5 5 5 5 5 5 5 5 5 5 5 5 5 5 5 5 5 5 5 5 5 5 5 5 5 5 5 5 5 5 5 5 5 5 5 5 5 5 5 5 5 5 5 5 5 5 5 5 5 5 5 5 5 5 5 5 5 5 5 5 5 5 5 5 5 5 5 5 5 5 5 5 5 5 5 5 5 5 5 5 5 5 5 5 5 5 5 5 5 5 5 5 5 5 5 5 5 5 5 5 5 5 5 5 5 5 5 5 5 5 5 5 5 5 5 5 5 5 5 5 5 5 5 5 5 5 5 5 5 5 5 5 5 5 5 5 5 5 5 5 5 5 5 5 5 5 5 5 5 5 5 5 5 5 5 5 5 5 5 5 5 5 5 5 5 5 5 5 5 5 5 5 5 5 5 5 5 5 5 5 5 5 5 5 5 5 5 5 5 5 5 5 5 5 5 5 5 5 5 5 5 5 5 5 5 5 5 5 5 5 5 5 5 5 5 5 5 5 5 5 5 5 5 5 5 5 5 5 5 5 5 5 5 5 5 5 5 5 5 5 5 5 5 5 5 5 5 5 5 5 5 5 5 5 5 5 5 5 5 5 5 5 5 5 5 5 5 5 5 5 5 5 5 5 5 5 5 5 5 5 5 5 5 5 5 5 5 5 5 5 5 5 5 5 5 5 5 5 5 5 5 5 5 5 5 5 5 5 5 5 5 5 5 5 5 5 5 5 5 5 5 5 5 5 5 5 5 5 5 5 5 5 5 5 5 5 5 5 5 5 5 5 5 5 5 5 5 5 5 5 5 5 5 5 5 5 5 5 5 5 5 5 5 5 5 5 5 5 5 5 5 5 5 5 5 5 5 5 5 5 5 5 5 5 5 5 5 5 5 5 5 5 5 5 5 5 5 5 5 5 5 5 5 5 5 5 5 5 5 5 5 5 5 5 5 5 5 5 5 5 5 5 5 5 5 5 5 5 5 5 5 5 5 5 5 5 5 5 5 5 5 5 5 5 5 5 5 5 5 5 5 5 5 5 5 5 5 5 5 5 5 5 5 5 5 5 5 5 5 5 5 5 5 5 5 5 5 5 5 5 5 5 5 5 5 5 5 5 5 5 5 5 5 5 5 5 5 5 5 5 5 5 5 5 5 5 5 5 5 5 5 5 5 5 5 5 5 5 5 5 5 5 5 5 5 5 5 5 5 5 5 5 5 5 5 5 5 5 5 5 5 5 5 5 5 5 5 5 5 5 5 5 5 5 5 5 5 5 5 5 5 5 5 5 5 5 5 5 5 5 5 5 5 5 5 5 5 5 5 5 5 5 5 5 5 5 5 5 5 5 5 5 5 5 5 5 5 5 5 5 5 5 5 5 5 5 5 5 5 5 5 5 5 5 5 5 5 5 5 5 5 5 5 5 5 5 5 5 5 5 5 5 5 5 5 5 5 5 5 5 5 5 5 5 5 5 5 5 5 5 5 5 5 5 5 5 5 5 5 5 5 5 5 5 5 5 5 5 5 5 5 5 5 5 5 5 5 5 5 5 5 5 5 5 5 5 5 5 5 5 5 5 5 5 5 5 5 5 5 5 5 5 5 5 5 5 5 5 5 5 5 5 5 5 5 5 5 5 5 5 5 5 5 5 5 5 5 5 5 5 5 5 5 5 5 5 5 5 5 5 5 5 5 5 5 5 5 5 5 5 5 5 5 5 5 5 5 5 5 5 5 5 5 5 5 5 5 5 5 5 5 5 5 5 5 5 5 5 5 5 5 5 5 5 5 5 5 5 5 5 5 5 5 5 5 5 5 5 5 5 5 5 5 5 5 5 5 5 5 5 5 5 5 5 5 5 5 5 5 5 5 5 5 5 5 5 5 5 5 5 5 5 5 5 5 5 5 5 5 5 5 5 5 5 5 5 5 5 5
38 38 38 38 38 38 38 38 38 38 38 38 38 38 38 38 38 38 38 38 38 38 38 38 38 38 38 38 38 38 38 38 38 38 38 38 38 38 38 38 38 38 38 38 38 38 38 38 38 38 38 38 38 39 38 38 38 38 38 38 38 37 38 37 38 38 38 37 38 38 38 38 38 38 38 38 38 38 37 37 38 37 37 38 38 38 38 38 38 39 38 37 38 38 38 37 38 38 38 38 38 38 38 38 38 38 38 37 38 39 38 37 38 38 37 38 38 37 38 38 38 38 38 38 38 38 38 38 38 38 38 38 38 38 38
1 52 76 105 132
2 12 45 87 91
3 17 36 37 134
4 10 24 26 35
5 8 33 38 97
6 64 92 116 131
7 23 62 71 77
9 14 60 79 106
11 51 67 103 121
13 20 42 44 96
15 49 59 78 109
16 34 99 104 110
18 54 69 129 133
19 21 61 89 127
22 31 111 114 115
25 65 72 108 126
27 46 48 75 118
28 50 80 93 122
29 55 68 85 100
30 81 119 123 135
32 57 86 95 107
39 40 70 112 130
41 63 88 90 117
43 53 73 84 98
47 56 58 120 124
66 74 82 83 125
94 101 102 113 128
1 51 79 115 130
2 47 108 122 132
3 24 29 98 124
4 15 16 63 86
5 64 68 71 125
6 44 46 81 113
7 11 41 61 133
8 57 67 72 75
9 13 23 25 34
10 21 112 126 135
12 18 43 78 83
14 38 50 59 134
17 31 65 94 117
19 33 56 99 128
20 28 53 70 95
22 26 48 80 82
27 36 69 104 105
30 85 87 88 106
32 54 111 119 120
35 84 91 96 121
37 42 90 92 103
39 49 62 97 101
40 45 76 109 118
52 74 107 127 131
55 77 93 102 129
58 60 66 114 123
73 89 110 111 116
15 25 46 100 114
1 43 55 63 81
2 7 59 112 116
3 18 71 75 130
4 31 64 132 133
5 58 84 93 104
6 12 38 105 124
8 13 24 78 88
9 10 54 68 128
11 14 40 47 82
16 48 53 61 79
17 45 51 80 86
19 60 69 96 109
20 76 99 125 134
21 22 34 37 97
23 52 67 117 119
26 73 77 107 123
27 35 39 83 106
28 30 49 65 103
29 44 108 115 127
32 92 98 102 126
33 42 74 85 122
36 56 62 121 135
41 66 95 110 118
50 57 87 89 113
70 91 94 100 131
72 79 90 101 120
25 45 53 56 129
1 32 49 82 91
2 46 99 103 107
3 28 52 114 128
4 12 20 67 102
5 26 41 108 124
6 9 17 19 39
7 22 30 76 84
8 47 69 73 100
10 42 57 58 97
11 13 101 105 123
14 66 92 104 117
15 21 77 120 131
16 71 87 90 126
18 33 55 65 116
23 109 111 113 122
24 61 62 94 118
27 51 68 72 89
29 80 110 134 135
31 44 50 98 106
34 59 75 85 119
35 37 47 81 95
36 40 43 57 64
38 54 63 121 127
48 78 121 129 132
60 70 83 86 132
74 84 88 130 133
93 96 115 118 125
30 63 95 112 125
1 42 61 110 131
2 3 6 25 79
4 19 37 74 119
5 49 70 102 111
7 29 33 83 88
8 27 31 55 135
9 32 43 94 103
10 11 16 72 117
12 22 62 68 134
13 41 64 73 80
14 18 21 48 52
15 38 69 76 106
17 77 87 104 116
20 54 92 100 112
23 35 65 66 101
24 51 91 122 128
26 44 92 109 129
28 82 105 120 133
34 39 89 124 126
36 71 107 113 115
40 75 78 93 127
45 67 90 97 123
46 56 59 97 133
50 86 99 123 130
53 60 81 85 108
12 58 63 96 98
8 32 53 87 114
1 6 13 56 93
2 21 85 98 117
3 42 100 109 126
4 14 22 91 108
5 19 59 62 79
7 38 47 57 111
9 30 37 102 130
10 33 76 80 115
11 28 54 55 118
15 34 45 66 72
16 18 20 35 122
17 23 78 82 135
24 40 60 105 116
25 26 49 50 121
27 101 112 119 131
29 73 81 103 104
31 36 48 95 99
39 61 84 107 114
41 43 106 113 127
44 64 74 120 134
46 67 71 94 132
51 58 70 88 110
52 68 77 90 96
65 69 83 124 128
75 86 89 92 125
39 60 122 129 134
1 25 75 77 112
2 57 84 120 127
3 59 90 108 135
4 41 49 56 130
5 20 34 98 107
6 48 104 106 114
7 14 51 119 125
8 15 43 68 99
9 58 78 86 111
10 27 53 91 109
11 17 76 81 124
12 42 50 117 132
13 19 28 129 131
16 22 45 54 88
18 62 67 105 113
21 64 69 72 95
23 24 96 97 126
26 40 66 89 128
29 37 63 101 116
30 35 38 55 110
31 71 73 74 118
32 33 93 100 133
36 44 65 70 85
46 52 79 87 121
47 61 102 103 115
80 83 94 98 123
3 38 68 82 95
1 22 29 89 133
2 28 34 64 130
4 23 75 104 131
5 87 105 118 128
6 14 41 71 78
7 9 36 96 117
8 35 51 63 94
10 44 102 114 121
11 48 62 73 119
12 15 27 107 125
13 31 32 72 134
16 91 97 103 127
17 55 56 74 108
18 25 39 92 110
19 20 26 81 115
21 42 86 93 113
24 45 85 111 112
30 43 50 58 77
33 37 53 57 132
40 67 106 120 135
46 47 60 88 101
49 61 69 122 123
52 70 82 109 124
54 80 84 90 116
59 65 76 100 129
64 66 79 99 126
17 32 50 71 83
1 5 48 60 94
2 72 80 81 125
3 45 65 93 106
4 54 57 83 134
6 29 58 82 132
7 12 44 55 90
8 9 52 98 112
10 13 22 103 122
11 20 39 75 91
14 46 63 89 109
15 84 101 117 129
16 25 40 119 133
18 34 36 47 77
19 42 68 78 130
21 59 104 111 128
23 61 70 116 121
24 31 56 110 113
26 43 95 114 131
27 62 66 88 96
28 73 87 102 108
30 41 53 74 126
33 35 92 118 127
37 49 76 79 85
38 67 99 100 115
40 51 55 123 124
66 69 97 107 135
33 86 105 117 134
9 31 88 120 129
1 19 44 73 83
2 13 68 97 121
3 11 32 60 110
4 27 71 79 84
5 15 80 95 96
6 34 54 76 94
7 43 52 104 120
8 10 36 86 127
12 16 82 111 118
14 61 87 99 132
17 75 98 109 114
18 26 46 74 135
20 30 93 108 128
21 24 65 92 119
22 39 59 77 125
23 42 56 63 115
25 28 38 41 51
29 35 78 126 131
37 50 72 124 133
45 89 100 122 130
47 53 64 67 112
48 49 58 90 113
57 62 85 91 102
3 34 69 103 116
70 81 101 106 107
8 26 30 105 122
10 64 88 108 123
1 38 102 116 119
2 5 9 40 113
4 47 65 89 98
6 15 32 35 62
7 17 21 79 100
11 46 57 130 131
12 49 128 129 135
13 18 94 106 125
14 28 97 111 124
16 39 73 95 109
19 22 52 53 55
20 117 123 126 133
23 41 69 91 99
24 27 63 103 120
25 78 81 84 118
29 48 71 86 112
31 59 83 96 105
33 75 82 87 107
36 58 61 68 74
37 44 54 60 104
42 67 101 114 134
43 85 93 110 132
45 70 77 92 115
50 56 66 76 127
15 29 51 56 90
6 72 99 121 122
35 59 80 113 117
1 9 74 92 124
2 14 37 77 114
3 26 39 58 94
4 42 43 66 116
5 11 18 115 126
7 54 106 110 123
8 34 61 96 111
10 25 55 62 132
12 60 73 76 130
13 30 45 47 48
16 28 33 68 69
17 22 90 95 105
19 82 93 101 103
20 50 63 78 79
21 51 75 81 134
23 32 46 108 125
24 38 44 53 71
27 67 87 127 133
31 57 80 112 121
36 52 88 97 102
40 41 65 104 107
49 64 83 100 119
55 70 72 84 128
85 89 118 131 135
76 86 91 98 120
24 30 54 67 109
20 40 68 86 129
1 4 18 80 101
2 61 95 119 124
3 33 47 50 96
5 21 28 88 132
6 90 102 112 127
7 16 65 105 131
8 37 41 84 123
9 56 73 91 114
10 34 51 78 92
11 38 42 45 83
12 71 72 85 103
13 26 70 118 120
14 25 32 58 115
15 31 52 116 122
17 35 43 44 89
19 63 108 111 133
22 46 98 104 129
23 57 79 81 128
27 29 74 93 97
36 66 106 109 130
39 53 100 113 135
48 69 77 126 134
49 60 87 117 125
42 59 82 94 99
62 64 75 103 110
3 4 107 118 121
1 39 46 64 96
2 29 62 92 106
5 24 82 114 130
6 51 77 83 95
7 15 58 73 134
8 50 107 110 129
9 22 47 85 127
10 38 49 94 104
11 33 36 79 112
12 14 31 34 131
13 21 40 53 90
16 19 70 75 135
17 52 84 113 126
18 27 30 32 61
20 60 71 89 120
23 37 93 98 105
25 43 69 80 111
26 54 56 102 117
28 86 115 119 121
35 48 100 108 116
41 55 57 101 109
44 45 78 99 133
59 66 68 87 122
61 63 76 97 128
65 67 81 88 91
23 72 74 123 132
16 44 84 124 125
1 10 15 70 71
2 22 33 49 67
3 21 63 66 102
4 30 96 113 129
5 32 55 112 117
6 27 28 45 98
7 35 74 99 109
8 25 29 120 128
9 69 87 101 115
11 19 43 92 134
12 24 89 121 123
13 14 116 133 135
17 20 57 106 119
18 50 64 90 91
26 83 97 104 130
31 39 54 81 82
34 42 73 105 127
36 60 72 111 131
37 51 52 108 118
38 58 62 65 122
40 100 103 125 132
41 47 68 79 114
46 53 76 93 111
48 59 88 107 124
56 77 78 80 85
55 75 94 95 126
5 12 47 86 110
1 2 11 86 104
3 51 53 54 101
4 77 97 106 122
6 16 21 108 130
7 37 45 94 121
8 20 74 113 116
9 26 71 119 134
10 28 31 61 85
13 29 65 79 102
14 24 49 80 127
15 36 82 123 128
17 41 58 59 67
18 57 60 103 124
19 72 100 105 110
22 38 43 112 118
23 33 89 90 129
25 27 44 76 117
30 66 70 73 78
32 48 63 64 84
34 68 109 115 133
35 69 88 93 114
39 42 80 87 120
40 46 50 92 95
40 52 56 81 83
54 62 98 125 131
22 65 75 96 99
91 107 116 126 132
68 73 92 93 135
1 20 33 84 103
2 4 58 100 128
3 15 44 57 105
5 52 66 85 129
6 61 88 109 125
7 27 34 60 95
8 16 81 89 132
9 42 48 51 133
10 18 63 107 119
11 21 70 74 96
12 36 59 101 126
13 43 49 75 124
14 19 64 98 113
17 28 47 62 72
23 29 39 45 50
24 46 55 106 115
25 90 94 130 134
26 76 78 87 110
30 69 117 120 121
31 38 77 79 91
32 37 67 122 131
35 56 71 111 123
41 83 112 115 122
53 97 99 116 118
35 64 82 86 102
45 104 125 127 135
83 103 108 114 129
1 37 99 117 127
2 44 56 69 94
3 5 72 91 92
4 33 95 111 135
6 57 65 118 133
7 18 24 28 66
8 39 104 108 121
9 29 75 76 123
10 65 113 120 130
11 25 59 71 98
12 13 51 74 100
14 15 26 42 55
16 23 58 80 102
17 34 38 48 70
19 31 67 86 124
20 27 47 49 52
21 62 84 87 109
22 56 79 119 132
30 31 60 90 107
32 36 41 42 81
40 49 63 77 110
43 67 76 82 96
46 78 112 128 134
50 85 97 105 114
17 53 68 88 131
54 70 79 89 93
51 61 73 106 126
26 68 91 101 111
1 27 40 58 85
2 36 50 54 75
3 19 41 48 87
4 28 81 90 99
5 6 53 89 119
7 32 78 97 113
8 23 44 118 130
9 20 45 55 59
10 47 93 116 134
11 15 30 64 127
12 94 108 109 120
13 57 61 77 117
14 86 96 101 122
16 66 98 100 121
18 29 38 72 114
21 71 105 106 129
22 63 83 93 126
24 34 43 102 125
25 35 52 103 135
33 46 91 110 124
37 73 82 88 112
39 48 74 115 128
60 80 92 128 133
62 76 107 112 133
69 84 102 131 132
95 104 115 123 134
1 30 59 114 118
2 15 23 53 110
3 56 88 89 104
4 5 50 51 109
6 31 63 68 75
7 19 80 118 132
8 18 40 79 131
9 67 84 95 108
10 14 69 74 90
11 37 78 100 107
12 28 35 46 77
13 17 66 111 132
16 62 116 123 129
20 22 87 124 130
21 33 58 121 125
6 24 42 47 135
25 60 61 82 113
26 52 72 86 106
27 81 92 94 122
29 43 70 105 119
4 32 39 44 68
34 41 50 62 120
36 49 55 98 133
38 64 109 117 135
45 49 57 114 126
25 54 73 85 99
43 54 65 71 97
5 25 83 101 127
56 96 103 106 134
1 35 41 72 97
2 52 78 89 115
3 30 46 62 80
7 39 69 85 86
8 22 28 92 101
9 27 82 121 126
10 37 40 48 96
11 26 34 65 84
12 32 88 116 127
13 55 58 87 119
14 83 102 107 120
15 24 74 75 79
16 59 60 64 93
17 42 91 112 123
18 51 98 99 111
19 38 46 66 90
20 21 23 31 43
14 29 36 53 94
27 33 70 108 113
44 61 66 67 80
45 63 73 124 131
47 71 117 128 131
57 76 90 104 122
10 77 81 100 111
95 98 103 128 130
4 48 55 105 125
21 36 67 83 110
34 57 63 82 129
1 53 120 123 125
2 24 73 101 133
3 13 16 85 115
5 7 31 42 46
6 30 86 97 100
8 19 91 95 117
9 33 61 72 104
11 12 52 93 99
15 20 88 94 135
17 69 110 127 130
18 41 45 96 132
22 58 71 81 109
23 47 76 83 92
26 28 79 113 125
29 64 87 111 129
32 74 77 105 121
35 70 87 98 134
37 38 56 61 75
36 39 103 118 119
12 29 40 84 122
44 49 51 112 132
50 60 65 68 112
49 54 105 107 108
59 89 95 102 106
27 78 114 116 124
14 81 126 129 130
1 47 54 66 113
2 41 82 131 134
3 10 67 73 125
4 62 70 114 117
5 43 61 90 100
6 37 59 91 115
7 48 72 102 135
8 42 64 106 124
9 65 90 109 110
11 31 35 53 128
13 33 52 60 63
15 50 104 118 126
16 17 92 96 120
18 31 84 89 97
15 18 19 85 121
20 46 58 72 127
21 26 32 47 99
22 23 51 64 107
24 25 48 57 93
28 44 58 75 116
14 30 56 57 68
34 55 79 86 88
21 38 39 78 123
40 42 69 71 108
45 68 84 110 119
28 74 89 94 112
76 77 89 101 108
80 88 103 105 126
71 110 114 122 133
1 90 106 111 121
2 39 51 76 102
3 31 70 123 127
4 29 52 59 69
5 14 23 27 54
6 7 67 107 128
8 83 85 90 133
9 11 63 132 135
10 32 45 75 101
12 53 66 75 115
7 13 50 82 108
16 47 74 78 106
17 30 33 40 101
19 25 36 122 125
20 32 80 104 109
22 41 60 100 102
1 16 24 107 134
26 51 85 96 116
34 44 87 93 123
35 49 73 115 120
37 43 62 86 128
13 38 92 107 130
55 76 103 113 131
56 60 67 98 118
53 65 77 82 127
73 79 94 97 129
48 81 97 110 117
15 91 93 119 130
44 52 62 95 100
71 99 101 124 135
2 10 20 66 105
3 22 40 74 117
4 36 45 46 120
5 10 29 30 99
6 18 23 49 134
8 12 48 56 65
9 24 83 99 131
11 24 58 95 129
12 17 54 61 64
19 23 84 106 112
21 50 94 115 116
25 68 102 104 124
23 26 38 103 133
27 41 70 91 111
28 34 39 63 67
33 43 48 109 123
35 42 79 104 113
37 46 68 70 126
3 55 64 78 122
1 26 57 69 98
53 59 63 72 130
42 77 88 98 119
63 65 74 80 114
38 81 86 87 131
30 36 92 96 132
34 100 106 117 118
14 76 88 95 121
2 19 27 65 123
4 40 72 87 94
5 17 58 73 121
4 6 8 60 126
7 20 56 64 101
9 49 66 81 93
6 11 22 50 69
13 15 37 83 89
16 29 31 41 59
18 109 118 127 128
8 21 45 51 82
25 47 63 91 105
28 43 60 91 135
32 78 85 124 133
26 31 33 45 62
3 35 61 112 129
30 39 79 98 116
41 44 77 86 103
30 42 52 75 111
54 108 119 122 126
55 92 99 113 114
28 57 71 96 100
9 12 70 80 97
66 84 120 132 134
38 85 125 126 128
1 8 14 17 46
2 32 81 90 118
5 13 35 36 76
7 24 53 122 124
10 12 79 95 133
11 68 80 106 108
15 54 115 124 132
16 50 56 94 114
18 59 72 73 86
19 30 51 71 104
20 62 83 111 120
9 21 44 107 122
22 37 96 121 131
25 86 97 109 116
27 88 102 119 134
29 34 69 91 113
33 78 94 119 130
39 43 47 129 133
15 40 61 93 98
11 49 55 82 89
52 58 77 92 110
57 59 74 84 110
29 67 77 105 130
75 103 108 117 127
54 87 96 125 135
13 69 81 93 112
1 23 36 87 100
2 35 60 74 109
3 46 84 111 129
4 7 116 125 127
5 45 74 82 103
6 20 36 73 90
10 41 44 50 52
14 28 73 75 128
2 16 43 55 83
17 60 72 97 115
18 34 39 42 95
19 35 45 58 107
21 27 37 56 64
22 61 78 120 134
24 33 39 41 51
25 67 70 89 123
12 26 48 112 117
31 49 65 88 92
32 38 40 62 73
47 55 80 105 107
53 76 96 104 133
57 79 85 99 108
37 39 55 66 71
68 113 114 131 132
21 101 118 121 135
17 18 25 99 102
1 31 83 109 112
3 8 47 76 119
4 11 85 89 117
5 63 69 111 122
6 13 43 74 101
7 22 87 98 103
9 57 82 116 130
10 56 79 82 84
14 67 93 125 135
15 48 67 92 111
16 28 42 44 49
19 70 91 114 120
20 50 61 65 95
23 40 52 88 124
24 38 102 104 132
26 27 58 59 132
29 32 66 106 128
33 54 64 77 94
34 52 71 80 110
46 51 68 72 105
53 62 69 78 90
41 75 126 129 131
81 86 121 127 133
97 108 115 123 134
31 100 101 104 118
16 51 113 118 131
1 14 62 79 126
2 36 42 70 129
3 20 83 97 132
4 21 28 124 127
5 22 57 99 135
6 37 40 80 114
7 10 68 72 89
8 13 66 109 134
9 15 27 28 71
11 88 90 114 125
12 69 92 103 115
2 17 26 93 117
18 47 56 87 112
19 29 30 53 54
23 48 78 85 120
24 65 75 84 86
12 25 33 106 121
32 34 79 96 123
35 44 50 105 119
38 45 49 60 84
43 56 72 98 107
29 46 61 76 130
58 64 94 100 118
33 59 77 81 120
63 85 113 116 134
36 80 89 91 110
1 95 102 122 128
3 4 14 43 102
5 106 112 131 133
6 44 52 65 123
7 46 63 66 92
8 45 59 70 103
9 16 71 77 115
10 19 27 64 101
11 23 51 94 98
13 75 110 126 135
15 81 102 116 119
17 29 54 86 107
18 68 76 78 82
20 41 91 113 121
21 25 30 53 128
22 27 32 61 73
24 49 50 93 100
26 34 48 60 127
31 39 40 58 130
35 38 67 85 104
37 65 74 87 122
29 42 109 125 129
47 62 75 90 124
6 55 96 99 105
57 88 97 108 115
53 58 83 95 117
7 48 94 111 127
1 23 34 108 116
2 3 37 88 111
4 78 101 103 109
5 31 44 77 90
8 62 73 93 135
9 18 46 100 123
10 39 81 129 131
11 28 55 87 97
12 35 41 119 133
13 26 56 86 114
14 20 68 72 110
15 22 61 113 134
14 16 49 63 112
17 99 122 125 133
19 33 50 69 88
21 55 60 107 132
24 64 70 74 76
25 71 80 96 107
30 83 91 106 130
32 40 51 59 92
36 67 93 120 124
38 57 74 84 98
42 79 117 121 128
43 45 66 105 117
19 47 52 89 126
13 54 82 95 118
38 80 82 104 119
1 2 65 68 78
3 5 12 105 113
4 63 94 110 112
6 53 103 106 111
7 40 84 99 126
8 22 47 54 125
9 35 48 91 125
10 37 83 87 89
11 73 77 90 109
15 47 56 97 131
16 30 96 104 127
17 45 71 76 85
18 22 34 44 49
20 51 69 115 118
12 21 102 114 128
10 23 36 60 108
24 32 33 52 123
25 64 70 81 129
26 27 67 126 130
28 39 46 59 123
31 66 92 101 119
41 57 75 98 135
42 43 60 62 116
48 50 58 101 120
61 86 108 124 132
72 79 95 112 113
100 121 122 124 134
1 6 35 45 100
2 24 63 71 111
3 23 34 43 86
4 18 36 53 92
5 15 16 28 67
7 25 58 110 127
7 8 49 65 90
9 41 76 89 105
11 44 98 111 134
13 52 59 81 84
14 27 39 105 129
15 17 19 80 103
20 25 37 73 93
21 29 57 77 130
26 56 61 78 120
30 66 115 118 131
31 51 87 106 121
32 50 69 70 91
33 34 38 42 114
40 46 54 55 91
62 82 102 109 115
45 64 68 128 133
72 83 85 116 132
62 74 99 104 122
75 79 96 97 120
43 88 94 95 122
28 107 116 117 135
1 16 21 75 103
2 79 102 107 135
3 27 77 97 99
4 22 76 125 128
5 39 60 65 124
6 12 24 33 66
8 42 71 102 106
9 35 50 53 80
10 17 118 119 129
11 41 56 57 122
13 91 93 104 121
14 26 70 100 101
18 58 108 110 112
19 48 49 116 133
20 48 51 89 131
23 68 74 127 134
29 47 54 64 117
30 40 81 94 133
31 37 69 125 132
32 59 84 130 135
26 36 46 63 109
38 55 88 113 126
30 44 72 82 83
52 57 73 98 114
61 67 87 92 105
78 86 95 96 108
14 77 85 90 123
1 7 112 120 129
2 8 31 66 111
3 9 15 51 124
4 13 92 97 103
5 16 55 75 117
6 69 84 85 89
10 43 53 59 118
11 72 98 113 131
12 49 81 110 119
17 27 41 45 128
18 32 70 95 104
19 32 76 79 88
20 29 60 78 115
21 22 39 46 73
23 28 62 74 82
24 25 61 86 87
33 71 80 96 107
34 52 101 121 132
34 35 38 40 94
36 51 67 114 130
37 54 58 99 106
42 50 65 83 134
44 47 59 93 127
28 56 68 100 109
63 64 90 118 123
49 58 73 76 126
1 50 67 77 95
2 31 54 85 126
3 7 16 29 81
4 8 38 93 110
5 33 86 92 134
6 26 36 48 53
9 25 39 62 106
10 12 46 66 111
11 35 103 116 120
13 39 43 99 104
14 17 45 128 130
15 65 72 79 80
18 24 37 87 120
19 27 40 97 131
20 61 82 85 90
21 41 49 68 78
22 42 72 107 124
12 23 30 89 119
44 57 60 63 64
47 75 84 108 123
52 91 133 134 135
55 56 83 94 127
24 69 71 98 117
70 101 105 115 122
74 91 112 113 129
75 88 100 114 121
96 102 109 110 132
29 41 56 94 125
1 43 52 69 135
2 7 30 54 131
3 23 48 65 133
4 25 31 84 88
5 15 42 71 78
6 14 36 87 106
8 9 20 58 77
10 59 98 110 119
11 13 28 66 117
16 32 46 70 128
17 57 63 89 124
18 76 81 103 109
19 34 38 53 67
21 35 47 54 74
22 73 97 123 125
26 45 90 93 114
27 86 90 104 130
33 44 102 127 129
37 95 100 113 126
40 50 107 121 132
51 60 99 111 116
55 61 101 105 122
1 28 56 83 111 138 164 191 218 246 273 300 327 353 380 407 435 462 490 516 545 573 599 628 644 677 710 736 762 788 814 841 868 895 922 949 975 1003 0
2 29 57 84 112 139 165 192 219 247 274 301 328 354 381 407 436 463 491 517 546 574 600 629 658 685 711 737 744 789 799 842 868 896 923 950 976 1004 0
3 30 58 85 112 140 166 190 220 248 269 302 329 352 382 408 437 464 492 518 547 575 601 630 659 676 700 738 763 790 815 842 869 897 924 951 977 1005 0
4 31 59 86 113 141 167 193 221 249 275 303 327 352 383 409 436 465 493 519 536 570 602 631 660 686 688 739 764 791 815 843 870 898 925 952 978 1006 0
5 32 60 87 114 142 168 194 218 250 274 304 330 355 384 406 438 464 494 519 543 576 603 632 661 687 712 740 765 792 816 844 869 899 926 953 979 1007 0
6 33 61 88 112 138 169 195 222 251 276 298 331 356 385 410 439 466 494 520 531 577 604 633 662 688 691 741 766 793 817 837 871 895 927 954 980 1008 0
7 34 57 89 115 143 170 196 223 252 277 305 332 357 386 411 440 467 495 521 548 576 605 633 638 689 713 739 767 794 818 840 872 900 901 949 977 1004 0
5 35 62 90 116 137 171 197 224 253 271 306 333 358 387 412 441 468 496 522 549 578 606 634 663 688 695 710 763 795 819 845 873 901 928 950 978 1009 0
8 36 63 88 117 144 172 196 224 245 274 300 334 359 388 413 442 469 497 523 550 579 607 635 664 690 707 721 768 796 820 846 874 902 929 951 981 1009 0
4 37 63 91 118 145 173 198 225 253 272 307 335 360 380 414 443 470 498 524 551 568 601 636 658 661 714 742 769 794 821 847 875 883 930 955 982 1010 0
9 34 64 92 118 146 174 199 226 248 278 304 336 361 389 407 444 471 499 525 552 580 608 635 665 691 715 729 764 797 822 848 876 903 931 956 983 1011 0
2 38 61 86 119 136 175 200 223 254 279 308 337 362 390 406 445 472 500 526 553 580 592 637 663 666 707 714 752 798 804 849 869 882 927 957 982 992 0
10 36 62 92 120 138 176 201 225 247 280 309 338 363 391 415 446 472 501 527 554 575 609 638 649 692 712 735 766 795 823 850 866 904 932 952 984 1011 0
8 39 64 93 121 141 170 195 227 255 281 301 339 362 391 416 447 473 502 524 555 562 598 619 632 684 710 743 770 788 815 851 853 905 933 948 985 1008 0
11 31 55 94 122 147 171 200 228 250 276 297 340 357 380 417 437 473 499 517 556 581 610 613 655 692 716 728 771 796 824 852 877 899 906 951 986 1007 0
12 31 65 95 118 148 177 202 229 254 282 310 332 364 379 410 441 474 503 528 557 575 611 639 644 693 717 744 772 787 820 853 878 899 922 953 977 1012 0
3 40 66 88 123 149 174 203 217 256 277 311 341 365 392 418 448 475 486 527 558 582 611 640 666 687 710 745 761 799 825 854 879 906 930 958 985 1013 0
13 38 58 96 121 148 178 204 230 257 280 304 327 366 393 419 443 467 504 522 559 583 612 613 662 694 718 746 761 800 826 846 880 898 934 959 987 1014 0
14 41 67 88 113 142 176 205 231 246 283 312 342 364 389 420 447 476 492 521 560 578 613 641 667 685 719 747 773 801 821 855 865 906 935 960 988 1015 0
10 42 68 86 124 148 168 205 226 258 284 313 326 367 392 412 435 477 497 529 561 581 614 642 658 689 720 741 774 790 827 851 881 907 936 961 989 1009 0
14 37 69 94 121 139 179 206 232 259 277 314 330 363 382 410 444 478 505 530 561 571 615 621 668 695 721 748 760 791 828 856 882 908 922 962 990 1016 0
15 43 69 89 119 141 177 191 225 260 283 311 343 359 381 421 432 479 506 529 549 584 616 643 659 691 722 749 767 792 829 852 873 880 925 962 991 1017 0
7 36 70 97 125 149 180 193 233 261 285 315 344 368 378 422 449 474 496 517 561 585 616 632 662 667 670 736 775 802 822 841 883 897 937 963 992 1005 0
4 30 62 98 126 150 180 207 234 259 286 316 325 355 390 416 450 467 507 531 556 574 617 644 664 665 713 750 776 803 830 857 884 896 927 964 987 997 0
16 36 55 82 112 151 164 204 229 262 287 307 339 369 387 423 451 471 508 532 541 543 617 641 669 696 723 751 761 804 828 858 885 900 907 964 981 1006 0
4 43 71 87 127 151 181 205 235 257 271 302 338 370 394 413 452 473 489 533 552 586 615 645 670 677 699 752 777 799 831 850 886 909 933 942 980 1018 0
17 44 72 99 116 152 173 200 236 249 286 317 345 366 385 423 440 477 490 534 550 563 597 632 671 685 724 748 777 796 821 829 886 905 924 958 988 1019 0
18 42 73 85 128 146 176 192 237 262 281 310 330 371 385 414 448 467 493 526 549 586 618 624 672 697 706 743 772 791 796 848 887 899 921 963 972 1011 0
19 30 74 100 115 153 182 191 222 263 288 297 345 354 387 415 449 469 504 535 562 587 592 631 661 693 725 732 778 801 809 825 835 908 938 961 977 1002 0
20 45 73 89 110 144 183 208 238 258 271 309 325 366 383 424 453 480 499 516 547 577 619 640 661 682 701 703 719 801 828 859 878 910 939 944 992 1004 0
15 40 59 101 116 154 184 201 234 245 289 318 340 362 395 414 454 476 480 520 561 576 608 612 630 693 699 753 762 786 832 844 888 911 940 950 976 1006 0
21 46 75 83 117 137 185 201 217 248 276 315 339 366 384 425 455 481 495 536 553 588 615 636 642 698 711 754 778 805 829 860 884 912 941 959 960 1012 0
5 41 76 96 115 145 185 209 239 244 290 310 329 361 381 422 435 465 509 530 563 579 609 640 673 699 726 750 779 804 811 855 884 913 927 965 979 1020 0
12 36 69 102 129 147 168 192 230 251 269 306 335 362 396 426 440 475 507 537 552 572 620 646 672 683 725 746 780 805 831 841 880 897 913 966 967 1015 0
4 47 72 103 125 148 183 197 239 263 276 299 341 372 386 427 456 459 508 526 545 589 608 647 674 700 712 737 747 806 833 849 874 895 929 967 983 1016 0
3 44 77 104 130 154 186 196 230 253 291 319 346 361 397 417 445 481 491 538 562 571 591 641 660 682 712 736 741 789 813 861 883 898 942 968 980 1008 0
3 48 69 103 113 144 182 209 240 264 292 301 333 368 398 411 455 462 510 525 551 590 604 648 675 692 722 748 758 793 834 842 875 907 940 969 987 1021 0
5 39 61 105 122 143 183 190 241 262 273 316 336 360 399 421 454 475 504 539 560 590 621 649 670 681 709 754 776 807 833 862 867 913 943 967 978 1015 0
22 49 72 88 129 155 163 204 226 260 282 302 347 353 395 428 449 468 511 536 548 591 621 629 672 701 727 746 750 758 832 847 887 905 926 962 981 984 0
22 50 64 104 131 150 181 210 229 242 274 320 326 363 400 429 430 482 490 522 551 592 622 640 659 686 728 754 775 793 832 860 872 914 939 967 988 1022 0
23 34 78 87 120 156 167 195 238 262 285 320 333 373 401 418 457 481 492 537 545 583 600 643 671 693 702 742 750 783 827 849 889 902 931 958 990 1002 0
10 48 76 91 111 140 175 206 231 261 293 303 336 350 396 428 442 473 481 531 558 576 606 622 674 679 703 746 772 789 835 863 890 913 928 970 991 1007 0
24 38 56 104 117 156 171 208 235 252 294 303 341 369 389 421 446 483 507 535 542 561 603 648 673 697 727 744 766 808 815 864 890 897 920 955 984 1003 0
10 33 74 101 127 157 186 198 223 246 292 316 341 374 379 423 437 463 496 536 564 593 618 646 656 702 721 742 772 806 817 844 880 903 944 971 993 1020 0
2 50 66 82 132 147 177 207 220 265 295 309 336 374 385 411 449 460 497 540 565 583 623 636 660 695 699 740 747 807 819 864 879 895 916 958 985 1018 0
17 33 55 84 133 158 187 211 227 257 278 315 343 353 402 429 450 484 509 526 547 560 576 614 660 675 710 738 781 809 818 846 887 914 942 962 982 1012 0
25 29 64 90 103 143 188 211 230 266 275 309 329 359 401 406 448 477 498 531 566 585 599 615 639 696 727 755 763 800 836 865 873 877 938 971 994 1016 0
17 43 65 106 121 154 169 199 218 267 288 309 348 372 403 425 442 475 492 511 551 570 605 617 654 663 673 752 771 802 831 840 874 891 935 936 980 1005 0
11 49 73 83 114 151 167 212 240 267 279 321 349 360 381 416 446 477 482 538 540 593 595 647 662 690 729 753 772 807 830 853 880 901 935 957 974 990 0
18 39 79 101 134 151 175 208 217 264 296 313 329 358 393 429 449 485 491 519 537 594 610 638 668 691 717 742 774 806 830 855 891 912 929 970 975 1022 0
9 28 66 99 126 159 170 197 242 262 297 314 335 356 398 408 442 472 488 519 559 593 616 629 645 695 719 750 781 787 822 860 881 911 936 951 968 1023 0
1 51 70 85 121 160 187 213 224 252 283 319 340 365 398 430 438 477 508 533 546 580 609 631 656 703 730 742 775 780 817 865 884 904 945 966 995 1003 0
24 42 65 82 135 137 173 209 238 266 283 316 347 363 402 408 458 486 494 517 562 573 608 637 652 678 713 756 782 801 828 839 871 898 929 955 980 1015 0
13 46 63 105 124 146 177 214 221 251 292 305 325 370 395 408 431 487 491 541 542 595 599 632 666 704 716 734 779 801 825 866 873 914 938 969 976 1004 1016
19 52 56 96 116 146 183 203 223 242 283 307 322 373 384 405 450 473 497 538 554 570 620 650 676 705 729 744 755 758 837 848 856 914 943 953 996 1024 0
25 41 77 82 133 138 167 203 234 261 296 297 334 370 404 430 456 463 479 518 544 590 619 651 663 689 717 748 769 800 808 850 877 909 931 972 996 1002 0
21 35 79 91 104 143 165 209 221 268 278 318 344 373 392 419 437 466 501 540 567 572 617 619 677 706 731 757 768 792 838 862 889 908 931 945 993 1013 0
25 53 60 91 136 159 172 208 222 267 291 302 339 357 399 418 436 474 490 530 554 584 614 618 665 687 730 747 777 810 832 839 891 900 934 969 974 1009 0
11 39 57 102 133 142 166 215 232 260 289 299 350 375 403 418 445 471 497 516 557 596 604 631 678 693 718 731 777 811 819 860 887 904 941 955 971 1010 0
8 53 67 107 135 150 163 211 218 248 292 308 349 367 397 419 440 480 512 532 557 594 609 643 651 688 697 737 745 807 831 856 883 890 926 961 993 1023 0
14 34 65 98 111 155 188 212 233 255 291 306 328 366 376 414 439 488 501 532 564 579 590 603 666 700 728 749 774 809 829 852 892 909 946 964 989 1024 0
7 49 77 98 119 142 178 199 236 268 276 307 351 354 399 431 448 478 513 528 537 547 602 648 656 699 720 754 782 788 836 845 890 915 918 963 981 0 0
23 31 56 105 110 136 182 197 227 261 286 313 342 376 382 425 443 482 506 520 565 572 609 635 672 678 680 696 765 812 818 853 870 896 942 973 993 1013 0
6 32 59 104 120 157 179 192 216 266 272 321 351 353 393 425 447 459 499 539 557 587 606 616 666 676 689 748 779 810 821 857 885 916 938 973 993 0 0
16 40 73 96 125 161 186 215 220 259 275 320 332 377 399 415 432 466 470 542 552 594 607 652 663 680 685 753 774 803 817 834 868 901 926 970 986 1005 0
26 53 78 93 125 147 181 216 236 243 296 303 346 375 382 424 438 467 503 527 560 564 599 637 658 690 708 758 778 795 818 864 888 910 927 950 982 1011 0
9 35 70 86 132 158 178 210 241 266 293 317 325 377 381 418 455 476 483 523 564 571 601 633 651 672 732 751 770 771 833 861 886 899 946 968 975 1015 0
19 32 63 99 119 160 171 190 231 247 291 310 326 375 401 426 434 486 489 520 536 594 619 623 669 675 715 759 781 794 826 851 868 916 937 972 990 0 0
13 44 67 90 122 161 179 212 243 269 285 310 348 369 388 427 453 463 514 524 548 582 622 631 677 691 725 735 765 782 798 855 881 912 940 954 997 1003 0
22 42 80 107 114 159 186 213 233 270 295 322 338 364 380 424 444 475 487 535 563 589 602 630 671 675 707 751 773 789 819 857 885 912 933 959 998 1012 0
7 32 58 95 130 158 184 195 217 249 288 316 337 367 380 413 456 471 505 542 566 584 622 627 657 706 719 758 780 796 820 858 879 896 928 965 997 1007 0
16 35 81 99 118 147 179 201 219 264 298 322 337 378 397 420 448 464 504 533 545 579 605 614 678 686 718 745 781 794 808 851 893 917 944 956 986 991 0
24 54 71 90 120 153 184 199 237 246 282 308 334 357 396 424 434 488 510 541 565 574 601 647 653 687 718 741 743 754 829 845 876 907 945 962 974 1017 0
26 51 76 108 113 157 184 203 238 257 291 300 345 378 386 412 444 472 511 524 556 588 624 639 659 680 731 737 740 766 834 857 862 918 937 963 999 1016 0
17 35 58 102 131 162 164 193 226 256 290 314 351 364 405 432 446 469 491 520 556 590 618 636 637 703 733 743 783 803 823 836 889 919 922 953 994 1000 0
1 50 68 89 122 145 174 215 240 251 296 308 324 376 402 423 452 469 483 513 567 585 625 629 650 684 712 756 763 809 826 857 879 902 925 960 974 1014 0
7 52 71 94 123 160 164 208 230 260 295 301 348 356 404 409 454 482 501 526 568 588 625 652 679 702 730 732 779 811 820 844 876 908 924 948 975 1009 0
11 38 62 106 131 149 172 195 231 263 287 313 335 374 404 424 452 484 495 525 546 597 621 639 676 698 726 749 782 802 826 843 868 909 947 961 990 1007 0
8 28 65 81 112 142 187 216 240 249 277 313 344 361 401 415 454 479 487 522 556 586 620 653 674 701 714 757 769 788 805 863 893 919 923 960 986 0 0
18 43 66 100 120 145 189 214 219 250 299 318 327 369 404 416 428 474 512 521 547 564 626 642 680 707 715 755 780 793 813 858 867 906 929 965 986 0 0
20 33 56 103 135 153 174 205 219 270 287 314 344 377 395 430 441 481 493 534 568 584 598 654 681 690 711 735 784 811 824 847 885 904 939 957 977 1014 0
26 43 64 83 128 149 190 213 222 254 290 312 350 355 395 417 459 483 510 532 550 572 600 638 652 695 729 740 768 769 826 866 867 915 944 963 989 0 0
26 38 72 107 115 161 189 217 221 246 289 321 336 356 394 430 457 461 506 543 555 571 585 634 664 692 720 744 762 790 839 859 875 917 944 970 996 0 0
24 47 60 89 108 155 165 214 228 249 287 322 333 365 379 425 435 478 514 523 552 592 612 623 667 708 731 738 769 803 807 862 872 904 941 954 994 1006 0
19 45 76 102 135 139 186 207 240 268 294 323 337 359 404 414 438 485 490 541 548 575 613 634 645 698 709 757 764 802 812 833 879 917 948 954 976 989 0
21 31 66 107 134 162 172 206 244 253 288 324 326 371 406 407 459 476 502 533 548 577 620 648 681 702 718 723 784 803 825 850 892 897 947 964 979 1019 0
2 45 79 95 123 137 187 194 237 255 290 317 349 375 388 428 452 478 492 529 554 587 589 646 681 686 734 736 767 800 834 848 875 911 946 964 987 1008 0
23 45 62 108 115 159 177 211 236 245 272 319 330 377 403 427 439 486 510 518 553 581 620 626 679 684 724 753 775 797 838 842 855 920 943 960 1000 1006 0
14 54 79 99 129 162 181 191 227 265 275 323 341 367 390 422 441 487 494 518 546 596 612 624 625 692 729 751 764 794 813 865 875 902 936 954 992 1013 0
23 48 81 95 132 160 166 214 223 267 297 311 331 363 393 422 451 480 493 524 560 567 603 607 628 634 711 741 782 797 836 844 876 901 948 973 989 1018 1019
2 47 80 83 126 141 173 202 226 268 285 324 334 377 393 433 454 464 489 509 558 578 604 655 671 696 697 725 773 813 827 859 874 912 914 932 995 999 0
6 48 75 93 124 127 162 204 239 259 295 300 335 354 389 429 434 464 512 534 549 585 611 649 682 705 730 753 771 798 818 860 888 898 946 952 979 0 0
18 52 60 109 131 138 185 206 220 258 294 312 345 368 402 427 434 487 498 506 557 580 617 646 655 690 728 735 770 799 830 845 861 907 932 971 978 1018 0
27 40 80 98 117 158 189 197 218 251 280 302 350 360 405 411 451 463 500 534 562 581 624 653 668 686 717 726 779 810 822 840 870 920 939 967 996 1002 0
21 42 78 103 110 154 179 190 235 250 282 311 328 356 405 429 440 465 515 523 569 578 596 656 665 684 714 746 774 814 839 866 893 920 947 959 975 1021 0
10 47 67 109 136 160 180 196 236 250 289 306 329 353 383 432 444 483 502 544 551 583 611 645 682 706 722 734 756 805 837 858 878 919 947 965 1001 0 0
5 49 69 91 132 133 180 202 243 247 281 319 345 376 394 409 458 485 495 542 545 577 612 653 654 707 723 745 785 790 838 848 877 919 924 952 988 1017 0
24 30 75 101 136 139 168 189 224 256 275 324 343 368 385 431 447 471 503 538 559 569 589 651 677 679 701 728 767 808 822 862 889 903 945 956 997 1010 0
12 41 68 84 134 154 171 216 241 255 285 298 350 374 386 432 458 462 493 541 559 580 615 657 661 664 705 757 761 792 837 854 872 918 924 969 984 1023 0
19 55 80 90 124 140 185 215 241 265 277 321 347 372 400 420 436 472 503 525 568 577 603 643 656 683 706 736 786 810 830 846 894 895 933 972 1000 1021 0
27 49 81 92 125 152 182 211 228 270 293 312 327 373 388 408 445 489 502 543 549 574 625 636 640 657 689 760 766 786 821 843 888 891 933 966 998 1024 0
27 52 75 86 114 144 188 198 237 268 273 319 331 370 382 415 459 474 507 514 555 596 605 629 643 669 724 761 776 814 815 824 882 915 923 928 1001 1020 0
9 48 73 84 117 153 188 202 225 269 286 312 337 351 400 419 435 461 508 544 569 591 626 650 670 702 733 740 767 798 819 843 871 906 922 952 983 1014 0
12 44 60 93 123 153 169 193 232 252 292 320 343 360 394 407 460 468 515 518 567 579 610 642 669 674 719 756 776 786 833 867 878 918 932 959 984 1019 0
1 44 61 92 128 150 178 194 244 271 289 311 332 368 396 420 437 485 505 535 570 588 595 626 658 696 732 755 781 806 837 864 869 902 905 946 998 1024 0
8 45 72 101 122 156 169 210 220 270 280 305 346 354 392 409 450 488 505 533 544 596 606 628 639 667 683 715 778 804 816 859 871 911 928 969 981 1008 0
21 51 71 84 130 155 168 200 243 270 290 320 352 358 403 433 443 480 513 525 555 595 616 633 644 649 721 747 755 808 825 856 858 921 923 965 991 1022 0
16 29 74 87 135 141 166 203 237 258 272 315 342 372 398 410 461 468 500 523 563 595 622 625 638 704 715 733 757 785 838 841 883 892 934 947 994 0 0
11 50 67 97 127 140 173 213 227 256 282 325 346 373 386 426 439 478 500 519 539 584 607 642 673 694 723 737 762 795 835 843 876 915 942 972 1001 1014 0
12 54 78 100 111 159 183 204 234 248 294 305 351 358 406 420 452 482 509 517 571 582 607 623 627 654 730 731 780 813 823 851 870 900 934 957 978 1001 1010
15 46 54 97 114 143 172 207 232 254 281 306 342 369 397 402 456 465 489 527 559 568 587 628 671 703 720 738 765 771 840 842 871 896 903 950 982 1023 0
22 37 57 110 124 152 164 207 224 266 288 318 331 361 384 421 457 484 510 513 558 593 594 624 667 700 735 752 762 800 816 853 870 893 934 949 999 0 0
27 33 79 97 130 156 178 206 234 267 274 299 347 365 383 412 447 470 495 532 563 586 599 650 674 705 725 759 787 812 827 852 869 893 943 956 999 1021 0
15 53 55 85 137 155 169 198 235 256 293 301 334 355 401 427 461 485 504 516 540 597 602 627 680 705 717 759 773 793 797 850 882 913 945 968 1000 1018 0
15 28 74 109 130 145 188 205 241 261 295 304 339 371 388 426 450 457 511 515 546 575 604 637 647 668 716 745 785 798 820 838 881 910 915 961 998 0 0
6 54 57 96 123 150 182 214 233 269 273 303 340 372 391 412 433 458 498 528 553 597 618 645 668 701 723 739 768 812 824 841 890 917 921 935 983 1023 0
23 40 70 93 118 139 175 196 228 244 284 299 349 370 384 423 453 462 501 539 566 578 602 654 659 683 733 752 764 799 839 863 864 921 938 953 997 1011 0
17 50 78 98 109 146 184 194 239 254 287 323 338 352 398 421 458 466 496 516 521 591 610 651 683 694 711 760 786 787 810 866 881 910 930 955 973 0 0
20 46 70 102 113 152 170 199 229 259 273 321 328 371 392 413 443 479 494 535 554 591 623 655 679 704 724 726 763 806 824 849 867 888 930 957 992 1010 0
25 46 81 94 128 157 165 210 245 252 286 324 338 367 387 428 453 470 500 537 555 573 611 647 660 708 720 749 773 802 811 861 891 909 919 949 983 987 0
9 47 77 105 106 151 187 198 233 247 298 318 352 371 390 411 453 468 503 530 550 588 613 628 684 687 722 760 784 804 827 863 894 911 932 966 1000 1022 0
18 29 76 97 126 148 163 212 225 265 271 298 340 375 399 409 455 457 502 534 567 592 627 641 676 704 713 721 765 814 834 854 894 918 920 931 998 1024 0
20 53 71 92 132 134 189 212 242 272 284 305 333 378 390 417 456 469 515 528 558 573 621 630 646 673 685 751 785 805 817 846 884 887 948 973 994 1017 0
25 30 61 87 129 161 174 213 242 264 281 300 328 379 403 419 446 476 509 529 565 597 606 657 669 698 713 716 775 791 836 861 892 894 926 951 991 1013 0
26 32 68 109 110 162 170 200 219 260 280 315 349 379 400 431 439 460 507 530 570 573 586 601 641 709 734 739 770 797 835 854 873 874 925 940 1002 1017 0
16 37 75 95 129 140 180 216 238 263 284 304 348 365 405 433 445 488 506 540 550 598 610 626 675 688 704 709 783 788 823 865 872 886 943 974 976 1021 0
14 51 74 105 131 156 165 202 239 253 296 317 331 359 396 416 460 462 499 543 553 582 614 630 652 694 733 739 784 791 831 840 878 900 937 971 996 1020 0
27 41 63 85 126 161 181 194 232 258 279 322 344 376 387 417 436 484 511 512 566 569 608 633 648 694 709 743 778 814 828 863 882 916 925 958 985 1012 0
13 52 82 106 127 163 176 215 228 245 279 326 343 358 383 422 438 461 505 528 572 587 598 653 665 700 727 738 783 789 835 847 885 905 930 949 999 1020 0
22 28 58 108 134 144 167 192 231 265 278 308 346 355 394 410 451 470 496 529 569 582 598 649 655 678 726 732 768 809 832 859 886 908 941 968 985 1019 0
6 51 80 94 111 152 176 193 235 263 278 323 332 362 397 431 455 486 514 522 565 566 600 650 664 681 722 759 783 787 816 847 877 910 936 956 988 1004 0
1 29 59 106 107 158 175 209 222 255 294 307 330 378 400 433 441 479 514 521 527 583 593 635 682 708 716 759 776 777 790 856 892 917 940 966 1001 1022 0
13 34 59 108 128 133 185 191 229 264 284 317 342 374 391 426 442 466 512 513 538 574 627 634 670 698 714 727 756 784 816 849 854 916 935 939 995 1005 0
3 39 68 100 119 157 163 201 221 244 293 314 348 357 389 413 451 484 498 515 544 589 600 644 662 708 724 749 785 795 812 852 894 903 937 970 979 995 0
20 37 77 100 116 149 166 210 243 257 279 323 347 364 391 434 460 465 508 531 539 581 605 635 657 697 734 760 770 792 823 845 889 921 923 941 995 1003 0
