1024 630
3 6
3 3 3 3 3 3 3 3 3 3 3 3 3 3 3 3 3 3 3 3 3 3 3 3 3 3 3 3 3 3 3 3 3 3 3 3 3 3 3 3 3 3 3 3 3 3 3 3 3 3 3 3 3 3 3 3 3 3 3 3 3 3 3 3 3 3 3 3 3 3 3 3 3 3 3 3 3 3 3 3 3 3 3 3 3 3 3 3 3 3 3 3 3 3 3 3 3 3 3 3 3 3 3 3 3 3 3 3 3 3 3 3 3 3 3 3 3 3 3 3 3 3 3 3 3 3 3 3 3 3 3 3 3 3 3 3 3 3 3 3 3 3 3 3 3 3 3 3 3 3 3 3 3 3 3 3 3 3 3 3 3 3 3 3 3 3 3 3 3 3 3 3 3 3 3 3 3 3 3 3 3 3 3 3 3 3 3 3 3 3 3 3 3 3 3 3 3 3 3 3 3 3 3 3 3 3 3 3 3 3 3 3 3 3 3 3 3 3 3 3 3 3 3 3 3 3 3 3 3 3 3 3 3 3 3 3 3 3 3 3 3 3 3 3 3 3 3 3 3 3 3 3 3 3 3 3 3 3 3 3 3 3 3 3 3 3 3 3 3 3 3 3 3 3 3 3 3 3 3 3 3 3 3 3 3 3 3 3 3 3 3 3 3 3 3 3 3 3 3 3 3 3 3 3 3 3 3 3 3 3 3 3 3 3 3 3 3 3 3 3 3 3 3 3 3 3 3 3 3 3 3 3 3 3 3 3 3 3 3 3 3 3 3 3 3 3 3 3 3 3 3 3 3 3 3 3 3 3 3 3 3 3 3 3 3 3 3 3 3 3 3 3 3 3 3 3 3 3 3 3 3 3 3 3 3 3 3 3 3 3 3 3 3 3 3 3 3 3 3 3 3 3 3 3 3 3 3 3 3 3 3 3 3 3 3 3 3 3 3 3 3 3 3 3 3 3 3 3 3 3 3 3 3 3 3 3 3 3 3 3 3 3 3 3 3 3 3 3 3 3 3 3 3 3 3 3 3 3 3 3 3 3 3 3 3 3 3 3 3 3 3 3 3 3 3 3 3 3 3 3 3 3 3 3 3 3 3 3 3 3 3 3 3 3 3 3 3 3 3 3 3 3 3 3 3 3 3 3 3 3 3 3 3 3 3 3 3 3 3 3 3 3 3 3 3 3 3 3 3 3 3 3 3 3 3 3 3 3 3 3 3 3 3 3 3 3 3 3 3 3 3 3 3 3 3 3 3 3 3 3 3 3 3 3 3 3 3 3 3 3 3 3 3 3 3 3 3 3 3 3 3 3 3 3 3 3 3 3 3 3 3 3 3 3 3 3 3 3 3 3 3 3 3 3 3 3 3 3 3 3 3 3 3 3 3 3 3 3 3 3 3 3 3 3 3 3 3 3 3 3 3 3 3 3 3 3 3 3 3 3 3 3 3 3 3 3 3 3 3 3 3 3 3 3 3 3 3 3 3 3 3 3 3 3 3 3 3 3 3 3 3 3 3 3 3 3 3 3 3 3 3 3 3 3 3 3 3 3 3 3 3 3 3 3 3 3 3 3 3 3 3 3 3 3 3 3 3 3 3 3 3 3 3 3 3 3 3 3 3 3 3 3 3 3 3 3 3 3 3 3 3 3 3 3 3 3 3 3 3 3 3 3 3 3 3 3 3 3 3 3 3 3 3 3 3 3 3 3 3 3 3 3 3 3 3 3 3 3 3 3 3 3 3 3 3 3 3 3 3 3 3 3 3 3 3 3 3 3 3 3 3 3 3 3 3 3 3 3 3 3 3 3 3 3 3 3 3 3 3 3 3 3 3 3 3 3 3 3 3 3 3 3 3 3 3 3 3 3 3 3 3 3 3 3 3 3 3 3 3 3 3 3 3 3 3 3 3 3 3 3 3 3 3 3 3 3 3 3 3 3 3 3 3 3 3 3 3 3 3 3 3 3 3 3 3 3 3 3 3 3 3 3 3 3 3 3 3 3 3 3 3 3 3 3 3 3 3 3 3 3 3 3 3 3 3 3 3 3 3 3 3 3 3 3 3 3 3 3 3 3 3 3 3 3 3 3 3 3 3 3 3 3 3 3 3 3 3 3 3 3 3 3 3 3 3 3 3 3 3 3 3 3 3 3 3 3 3 3 3 3 3 3 3 3 3 3 3 3 3 3 3 3 3 3 3 3 3 3 3 3 3 3 3 3 3 3 3 3 3 3 3 3 3 3 3 3 3 3 3 3 3 3 3 3 3 3 3 3 3 3 3 3 3 3 3 3 3 3 3 3 3 3 3 3
5 5 5 5 5 5 6 5 5 5 5 5 5 5 5 5 5 5 5 5 5 5 5 5 5 5 5 5 5 5 5 5 5 5 5 5 5 5 5 5 5 5 5 5 5 5 5 5 5 5 5 5 5 5 5 5 5 5 5 5 5 5 5 5 5 5 5 5 5 5 5 5 5 5 5 5 5 5 5 5 5 5 5 5 5 5 5 5 5 5 5 5 5 5 5 5 5 5 5 5 5 5 5 5 5 5 5 5 5 5 5 5 5 5 5 5 5 5 5 5 5 5 5 5 5 5 5 5 5 5 5 5 5 5 5 5 5 5 5 5 5 5 5 5 5 5 5 5 5 5 5 5 5 5 5 5 5 5 5 5 5 5 5 5 5 5 5 5 5 5 5 5 5 5 5 5 5 5 5 5 5 5 5 5 5 6 5 5 5 5 5 5 5 5 5 5 5 5 5 5 5 5 5 5 5 5 5 6 5 5 5 5 5 5 5 5 5 5 5 5 5 5 5 5 5 5 5 5 5 5 5 5 5 5 5 5 5 5 5 5 5 5 5 5 5 5 5 5 5 5 5 5 5 5 5 5 5 5 5 5 5 5 5 5 5 5 5 5 5 5 5 5 5 5 5 5 5 5 5 5 5 5 5 5 5 5 5 5 5 5 5 5 5 5 5 5 5 5 5 5 5 5 5 5 5 5 5 5 5 5 5 5 5 5 5 5 5 5 5 5 5 5 5 4 5 5 5 5 5 5 5 5 5 5 5 5 5 4 5 5 5 5 4 5 5 5 4 4 4 4 5 4 4 5 5 5 4 5 4 5 5 5 5 5 5 5 5 4 4 5 5 5 5 5 4 5 5 5 5 5 5 5 5 4 5 5 5 5 4 5 5 5 4 4 5 5 5 4 5 5 5 5 5 5 5 5 5 4 4 5 5 5 5 4 4 5 4 5 5 4 4 5 5 5 5 5 5 5 5 4 4 5 5 5 5 5 5 4 5 5 5 4 4 5 4 5 5 5 5 5 5 5 5 5 4 5 4 4 5 5 5 5 4 5 5 4 5 5 5 5 5 4 4 5 5 5 5 5 5 4 5 5 4 4 5 5 5 5 4 5 5 5 5 5 4 4 4 5 5 5 5 5 5 6 4 5 5 4 4 5 4 5 5 5 4 5 4 5 5 5 5 5 4 5 5 5 4 5 5 4 5 5 5 5 5 5 5 5 4 5 5 5 5 4 5 4 5 6 5 4 4 5 5 5 4 4 4 4 5 4 5 5 4 4 4 4 5 4 4 4 5 5 5 5 5 5 5 5 5 5 4 5 5 4 5 4 5 5 5 4 5 5 5 5 5 5 5 5 5 5 4 5 5 4 5 5 5 5 4 5 5 5 5 5 5 5 5 5 5 5 5 5 5 4 5 5 5 4 4 4
1 241 353
2 489 616
3 212 422
4 53 406
5 166 622
6 68 163
7 108 150
8 35 102
9 21 135
10 139 433
11 270 613
12 413 533
13 313 338
14 86 263
15 342 472
16 31 258
17 202 460
18 284 552
19 54 420
20 148 157
22 235 478
23 181 319
24 423 476
25 115 458
26 600 617
27 198 276
28 36 226
29 383 602
30 490 510
32 84 509
33 285 597
34 242 492
37 149 526
38 134 296
39 402 553
40 156 304
41 162 343
42 237 430
43 536 623
44 294 562
45 351 486
46 190 425
47 499 625
48 67 247
49 352 361
50 209 520
51 359 405
52 92 225
55 58 104
56 447 479
57 188 532
59 96 113
60 167 248
61 73 358
62 283 394
63 547 606
64 517 574
65 267 610
66 487 588
69 182 193
70 309 400
71 123 130
72 289 339
74 332 541
75 274 365
76 252 473
77 172 196
78 97 457
79 554 589
80 227 378
81 116 160
82 254 347
83 221 346
85 314 444
87 564 573
88 143 507
89 112 153
90 334 605
91 136 197
93 132 211
94 180 302
95 443 581
98 275 388
99 454 518
100 582 628
101 121 321
103 367 568
105 141 245
106 357 482
107 485 542
109 186 516
110 607 608
111 278 381
114 144 384
117 189 566
118 187 466
119 173 481
120 372 468
122 161 619
124 207 594
125 199 223
126 218 595
127 203 618
128 191 558
129 230 576
131 234 477
133 408 540
137 205 364
138 441 525
140 308 407
142 403 426
145 165 260
146 217 222
147 461 579
151 249 590
152 362 480
154 179 329
155 312 603
158 279 288
159 195 238
164 292 575
168 214 612
169 256 282
170 261 459
171 287 354
174 335 513
175 200 327
176 208 371
177 475 624
178 428 500
183 398 417
184 348 611
185 224 471
192 306 546
194 393 551
201 484 599
204 257 350
206 578 621
210 311 523
213 379 389
215 271 418
216 360 368
219 534 598
220 497 620
228 392 614
229 539 560
231 530 543
232 452 512
233 449 615
236 498 506
239 305 382
240 272 399
243 291 474
244 246 591
250 331 401
251 273 410
253 268 521
255 427 511
259 298 469
262 375 537
264 376 522
265 315 583
266 385 465
269 488 561
277 325 355
280 496 514
281 380 440
286 421 550
290 307 495
293 299 557
295 559 563
297 340 535
300 424 442
301 366 570
303 419 437
310 438 545
316 415 504
317 333 467
318 431 501
320 448 463
322 328 544
323 414 519
324 529 609
326 446 556
330 390 587
336 451 538
337 439 445
341 569 592
344 435 508
345 436 494
349 373 586
356 412 462
363 434 502
369 493 548
370 585 629
374 386 505
377 397 626
387 483 524
391 571 627
395 464 604
396 456 503
404 528 572
409 416 601
411 491 580
429 432 565
450 470 555
453 455 531
515 567 630
527 577 584
549 593 596
1 173 304
2 98 110
3 9 188
4 341 397
5 442 446
6 182 284
7 250 325
8 246 580
10 386 498
11 52 132
12 101 508
13 396 481
14 276 476
15 318 621
16 127 292
17 155 517
18 231 414
19 111 161
20 66 337
21 398 540
22 332 365
23 437 617
24 145 238
25 307 504
26 36 546
27 38 562
28 384 441
29 47 566
30 170 237
31 140 549
32 235 378
33 134 455
34 104 273
35 67 447
37 357 545
39 342 380
40 149 210
41 196 467
42 572 594
43 253 409
44 108 604
45 585 602
46 91 362
48 60 515
49 559 581
50 286 351
51 597 609
53 358 497
54 208 509
55 274 394
56 212 436
57 169 516
58 117 567
59 112 470
61 271 627
62 153 576
63 294 321
64 288 403
65 418 563
68 75 460
69 103 480
70 339 606
71 334 413
72 415 579
73 511 541
74 518 584
76 393 408
77 229 528
78 360 466
79 255 507
80 472 524
81 114 299
82 213 548
83 99 159
84 217 243
85 457 575
86 144 434
87 275 570
88 94 618
89 348 522
90 141 514
92 129 608
93 174 311
95 536 628
96 240 364
97 131 317
100 468 534
102 385 595
105 432 622
106 374 588
107 289 599
109 125 382
113 232 537
115 329 590
116 257 558
118 287 624
119 315 586
120 297 612
121 428 488
122 259 448
123 200 544
124 330 471
126 389 451
128 462 615
130 157 392
133 424 459
135 340 356
136 151 224
137 354 542
138 373 550
139 254 308
142 175 601
143 313 429
146 303 560
147 199 320
148 282 431
150 162 465
152 236 529
154 209 623
156 168 400
158 204 477
160 301 569
163 252 401
164 225 469
165 407 490
166 359 399
167 181 438
171 267 345
172 376 598
176 449 493
177 192 543
178 352 616
179 402 411
180 491 519
183 314 370
184 445 502
185 377 452
186 221 265
187 228 410
189 239 453
190 278 328
191 280 495
193 241 573
194 513 521
195 245 582
197 248 554
198 281 613
201 347 603
202 404 561
203 277 291
205 483 557
206 593 630
207 298 487
211 220 336
214 242 390
215 505 625
216 244 506
218 439 556
219 531 592
222 375 486
223 367 450
226 381 571
227 344 456
230 233 520
234 309 577
247 426 607
249 395 532
251 316 423
256 323 489
258 533 555
260 388 600
261 290 349
262 279 295
263 417 589
264 523 530
266 278 535
268 293 463
269 412 578
270 539 605
272 310 355
283 338 610
285 371 614
296 312 319
300 499 547
302 327 383
305 430 553
306 435 629
322 346 484
324 335 494
326 440 564
331 350 503
333 422 525
343 501 512
353 474 479
361 379 492
363 368 500
366 478 591
369 464 565
372 387 574
391 405 596
406 419 583
416 475 626
420 510 552
421 427 485
425 443 482
433 440 527
444 458 526
454 500 551
396 461 538
26 473 587
312 496 611
525 568 620
56 121 619
1 130 557
2 51 307
3 22 95
4 269 526
5 109 457
6 232 606
7 159 576
8 141 330
9 270 289
10 252 598
11 117 475
12 197 275
13 572 584
14 262 523
15 255 611
16 502 612
17 118 391
18 167 389
19 204 566
20 154 477
21 207 597
23 418 448
24 103 621
25 243 254
27 586 591
28 62 446
29 112 324
30 354 604
31 482 558
32 377 439
33 220 618
34 41 508
35 61 449
36 247 329
37 107 208
38 169 585
39 355 513
40 133 517
42 175 554
43 69 77
44 515 559
45 120 316
46 424 491
47 144 528
48 484 534
49 88 163
50 321 498
52 236 483
53 71 108
54 306 521
55 479 588
57 492 627
58 245 320
59 315 548
60 360 495
63 336 403
64 196 432
65 193 297
66 99 570
67 456 480
68 370 608
70 260 615
72 114 519
73 198 284
74 122 399
75 174 544
76 450 485
78 266 299
79 265 415
80 499 616
81 142 345
82 409 442
83 422 543
84 225 327
85 231 471
86 272 532
87 371 522
89 407 488
90 213 234
91 131 134
92 410 577
93 191 343
94 364 388
96 444 628
97 146 511
98 239 595
100 170 303
101 148 201
102 140 417
104 356 373
105 351 569
106 375 620
110 214 406
111 429 476
113 187 461
115 465 552
116 281 561
119 164 571
123 178 319
124 277 423
125 378 520
126 202 421
127 244 599
128 221 529
129 531 593
132 166 490
135 331 437
136 212 268
137 467 504
138 547 553
139 188 574
143 157 261
145 216 435
147 328 445
149 305 610
150 259 300
151 401 496
152 464 551
153 222 524
155 258 420
156 249 301
158 365 489
160 352 367
161 564 583
162 405 478
165 219 241
168 180 386
171 209 398
164 172 342
173 317 626
176 372 494
177 318 474
179 368 470
181 230 512
182 273 346
183 568 603
184 323 369
185 290 505
186 295 404
189 228 443
190 286 630
192 459 538
194 596 605
195 256 481
199 308 594
200 366 546
203 210 623
205 274 276
206 211 434
215 451 533
217 453 462
218 376 395
223 392 414
224 283 363
226 545 560
227 458 487
229 337 506
161 233 601
235 379 578
237 514 535
238 357 460
240 280 509
242 362 380
246 438 624
248 393 397
250 332 602
251 304 348
253 349 527
257 271 408
263 550 573
264 359 425
267 344 433
279 587 614
282 473 510
285 347 402
287 350 441
288 419 454
291 294 463
292 436 537
293 374 493
296 326 339
298 311 555
302 466 592
309 507 530
310 346 540
313 314 567
322 505 622
325 400 428
333 549 617
334 501 536
335 556 581
338 343 383
340 411 452
341 431 609
353 541 565
236 358 582
361 468 475
381 450 455
163 382 539
90 384 619
309 385 394
74 387 580
390 409 579
259 412 629
247 413 516
416 487 562
426 443 472
427 430 503
442 447 542
350 469 589
486 600 613
497 572 590
518 563 575
607 624 625
1 19 51
2 575 578
3 348 438
4 28 188
5 148 357
6 359 493
7 349 398
8 174 576
9 195 295
10 97 211
11 325 592
12 387 434
13 310 600
14 82 99
15 540 619
16 293 456
17 112 471
18 240 569
20 436 593
21 379 463
22 260 535
23 68 529
24 327 382
25 408 502
26 520 611
27 237 494
29 380 599
30 80 128
31 541 610
32 64 573
33 65 337
34 507 590
35 602 626
36 168 389
37 178 589
38 166 187
39 538 588
40 225 515
41 223 625
42 307 598
43 116 630
44 229 411
45 530 557
46 287 595
47 134 238
48 274 439
49 201 330
50 189 518
52 126 583
53 361 420
54 171 186
55 391 473
56 210 303
57 324 388
58 89 419
59 385 545
60 432 620
61 403 422
62 220 316
63 313 605
66 72 407
67 564 594
69 153 495
70 448 614
71 94 440
73 218 623
75 321 503
76 234 302
77 169 400
78 87 203
79 108 381
81 273 402
83 155 395
84 278 508
85 384 464
86 233 362
88 288 298
91 135 162
92 375 491
93 119 239
95 360 542
96 206 319
98 429 496
100 124 465
101 452 565
102 157 509
103 315 587
104 399 506
105 371 555
106 244 413
107 122 154
109 190 372
110 113 257
111 335 561
114 377 582
115 275 460
117 137 322
118 217 369
120 426 570
121 193 571
123 447 453
125 219 441
127 392 397
129 254 427
130 331 528
131 479 559
132 183 297
133 276 549
136 269 481
138 197 279
139 280 292
140 341 547
141 425 474
142 256 421
143 147 478
144 306 365
145 497 596
146 367 606
149 150 351
151 241 300
152 467 537
156 521 621
158 338 468
159 248 342
160 291 446
165 262 451
167 344 566
170 286 548
172 213 224
173 215 500
175 353 370
176 334 461
177 433 437
179 314 627
180 405 416
181 504 550
182 363 431
184 253 469
185 272 455
191 201 268
192 196 289
194 227 410
198 199 462
97 200 609
202 318 615
204 386 576
205 501 563
207 216 230
208 250 607
209 476 519
212 328 585
214 264 317
221 294 323
222 401 579
226 320 383
228 249 560
231 373 556
232 513 534
235 265 553
242 283 490
243 406 494
245 267 355
246 305 551
251 449 575
252 304 482
255 444 533
258 586 608
233 261 526
263 270 374
266 517 616
271 277 356
281 282 525
284 417 481
285 516 549
290 361 523
296 329 558
57 299 454
46 301 418
308 536 546
311 339 472
312 435 491
326 332 567
333 548 580
336 354 577
200 340 458
345 376 499
347 486 489
352 430 445
358 424 428
364 390 629
366 394 603
75 368 415
378 545 618
393 511 522
395 396 423
404 531 612
412 427 622
414 479 524
457 532 613
459 552 581
19 466 617
470 512 584
202 477 591
480 539 543
483 485 514
140 484 601
488 543 597
492 544 628
208 498 568
147 510 518
36 527 616
93 554 617
562 574 610
383 604 612
1 339 618
2 528 588
3 327 507
4 277 470
5 402 419
6 108 206
7 199 399
8 367 532
9 187 504
10 178 276
11 128 157
12 198 490
13 474 499
14 94 340
15 138 562
16 22 222
17 259 467
18 203 596
20 146 552
21 152 482
23 189 224
24 74 531
25 54 380
26 186 358
27 236 309
28 68 267
29 262 305
30 285 571
31 234 583
32 49 257
33 84 444
34 538 603
35 299 313
37 326 390
38 62 605
39 50 422
40 488 512
41 99 304
42 209 607
43 246 423
44 253 600
45 60 391
47 280 346
48 450 591
51 448 620
52 136 351
53 135 274
55 139 161
56 251 341
58 145 218
59 104 175
61 134 433
63 307 315
7 64 127
65 548 592
66 169 514
67 211 561
69 162 533
70 322 334
71 360 471
72 271 598
73 411 504
76 294 344
77 194 243
78 170 608
79 141 623
80 429 585
81 451 469
82 456 606
83 215 242
85 426 599
86 89 164
87 232 323
88 132 424
90 115 160
91 217 282
92 154 573
95 386 597
96 298 376
98 582 614
100 181 281
101 264 553
102 345 405
103 148 354
105 244 308
106 468 476
107 119 318
109 122 167
110 117 306
111 250 587
112 301 525
113 293 407
114 149 577
116 205 432
118 272 440
120 392 536
121 364 594
123 163 541
124 183 578
125 266 363
126 179 331
129 156 377
130 227 333
131 263 621
133 513 602
137 477 611
142 312 493
143 155 174
144 388 622
150 337 425
151 317 372
153 186 487
158 268 627
159 219 437
165 208 291
166 330 404
168 401 526
171 452 613
172 275 332
173 465 579
176 412 486
177 265 314
180 303 355
182 366 559
184 302 492
185 237 289
188 385 519
190 356 454
191 500 547
192 321 516
193 461 567
195 278 300
196 446 615
197 210 498
204 240 336
207 214 373
212 247 252
213 256 335
216 279 462
220 535 625
221 397 434
223 342 503
225 290 619
226 475 522
228 416 502
229 286 626
230 371 478
231 254 328
235 245 464
238 418 447
239 365 540
241 521 595
248 400 520
249 370 501
255 362 403
258 382 449
260 288 329
261 453 574
269 534 580
270 439 572
273 381 387
283 485 537
284 435 441
287 325 524
292 428 460
295 406 589
296 396 542
297 378 413
310 374 436
311 529 593
316 379 459
319 506 510
320 410 554
1 211 424 638 852 0
2 212 425 639 853 0
3 213 426 640 854 0
4 214 427 641 855 0
5 215 428 642 856 0
6 216 429 643 857 0
7 217 430 644 858 905
8 218 431 645 859 0
9 213 432 646 860 0
10 219 433 647 861 0
11 220 434 648 862 0
12 221 435 649 863 0
13 222 436 650 864 0
14 223 437 651 865 0
15 224 438 652 866 0
16 225 439 653 867 0
17 226 440 654 868 0
18 227 441 655 869 0
19 228 442 638 838 0
20 229 443 656 870 0
9 230 444 657 871 0
21 231 426 658 867 0
22 232 445 659 872 0
23 233 446 660 873 0
24 234 447 661 874 0
25 235 420 662 875 0
26 236 448 663 876 0
27 237 449 641 877 0
28 238 450 664 878 0
29 239 451 665 879 0
16 240 452 666 880 0
30 241 453 667 881 0
31 242 454 668 882 0
32 243 455 669 883 0
8 244 456 670 884 0
27 235 457 671 848 0
33 245 458 672 885 0
34 236 459 673 886 0
35 246 460 674 887 0
36 247 461 675 888 0
37 248 455 676 889 0
38 249 462 677 890 0
39 250 463 678 891 0
40 251 464 679 892 0
41 252 465 680 893 0
42 253 466 681 815 0
43 238 467 682 894 0
44 254 468 683 895 0
45 255 469 684 881 0
46 256 470 685 887 0
47 257 425 638 896 0
48 220 471 686 897 0
4 258 472 687 898 0
19 259 473 688 874 0
49 260 474 689 899 0
50 261 423 690 900 0
51 262 475 691 814 0
49 263 476 692 901 0
52 264 477 693 902 0
53 254 478 694 893 0
54 265 456 695 903 0
55 266 449 696 886 0
56 267 479 697 904 0
57 268 480 667 905 0
58 269 481 668 906 0
59 229 482 698 907 0
44 244 483 699 908 0
6 270 484 659 877 0
60 271 463 700 909 0
61 272 485 701 910 0
62 273 472 702 911 0
63 274 486 698 912 0
54 275 487 703 913 0
64 276 488 625 873 0
65 270 489 704 829 0
66 277 490 705 914 0
67 278 463 706 915 0
68 279 491 707 916 0
69 280 492 708 917 0
70 281 493 665 918 0
71 282 494 709 919 0
72 283 495 651 920 0
73 284 496 710 921 0
30 285 497 711 882 0
74 286 498 712 922 0
14 287 499 713 923 0
75 288 500 707 924 0
76 289 469 714 925 0
77 290 501 692 923 0
78 291 502 623 926 0
79 253 503 715 927 0
48 292 504 716 928 0
80 293 505 717 849 0
81 289 506 702 865 0
82 294 426 718 929 0
52 295 507 719 930 0
68 296 508 647 781 0
83 212 509 720 931 0
84 284 482 651 889 0
85 297 510 721 932 0
86 221 511 722 933 0
8 298 512 723 934 0
87 271 446 724 935 0
49 243 513 725 902 0
88 299 514 726 936 0
89 300 515 727 937 0
90 301 458 728 938 0
7 251 472 708 857 0
91 302 428 729 939 0
92 212 516 730 940 0
93 228 517 731 941 0
77 264 450 654 942 0
52 303 518 730 943 0
94 282 486 732 944 0
24 304 519 733 926 0
71 305 520 678 945 0
95 263 434 734 940 0
96 306 440 735 946 0
97 307 521 717 938 0
98 308 465 736 947 0
86 309 423 737 948 0
99 310 488 728 939 0
62 311 522 738 949 0
100 312 523 721 950 0
101 302 524 739 951 0
102 313 525 686 952 0
103 225 526 740 905 0
104 314 527 665 862 0
105 292 528 741 953 0
62 315 424 742 954 0
106 296 503 743 955 0
80 220 529 744 925 0
107 316 461 745 956 0
34 242 503 682 903 0
9 317 530 715 898 0
79 318 531 746 897 0
108 319 532 734 957 0
109 320 533 747 866 0
10 321 534 748 899 0
110 240 512 749 843 0
88 291 431 750 917 0
111 322 494 751 958 0
76 323 535 752 959 0
94 287 467 753 960 0
112 233 536 754 901 0
113 324 508 755 870 0
114 325 537 752 847 0
20 326 511 642 935 0
33 247 538 756 944 0
7 327 539 756 961 0
115 318 540 757 962 0
116 328 541 758 871 0
77 266 542 700 963 0
117 329 443 728 928 0
118 226 543 710 959 0
36 330 544 759 953 0
20 315 535 723 862 0
119 331 545 760 964 0
120 284 430 761 965 0
71 332 546 762 926 0
99 228 547 581 899 0
37 327 548 715 909 0
6 333 469 622 949 0
121 334 521 552 923 0
112 335 549 763 966 0
5 336 529 673 967 0
53 337 441 764 939 0
122 330 550 671 968 0
123 262 459 706 907 0
124 239 510 765 916 0
125 338 551 688 969 0
67 339 552 766 970 0
97 211 553 767 971 0
126 293 489 645 959 0
127 322 462 768 902 0
128 340 554 769 972 0
129 341 555 770 973 0
130 342 522 672 861 0
117 343 556 771 952 0
81 344 550 772 974 0
22 337 557 773 932 0
60 216 558 774 975 0
131 345 559 744 950 0
132 346 560 775 976 0
133 347 561 776 977 0
91 348 562 688 875 963
96 349 518 673 860 0
51 213 534 641 978 0
95 350 563 685 872 0
42 351 564 729 979 0
104 352 505 777 980 0
134 341 565 778 981 0
60 353 481 737 982 0
135 354 566 779 915 0
120 355 567 646 983 0
67 248 480 778 984 0
79 356 435 747 985 0
26 357 487 780 863 0
101 325 568 780 858 0
127 311 569 781 822 0
136 358 511 684 777 0
17 359 525 782 840 0
103 360 570 707 869 0
137 331 442 783 986 0
108 361 571 784 945 0
138 362 572 719 857 0
100 363 444 785 987 0
128 259 458 786 846 966
46 329 551 787 890 0
139 247 570 690 985 0
80 364 572 647 908 0
3 261 531 788 988 0
140 283 502 766 989 0
122 365 516 789 987 0
141 366 573 767 921 0
142 367 536 785 990 0
113 285 574 735 927 0
102 368 575 703 901 0
143 369 549 739 965 0
144 364 454 696 991 0
73 348 527 790 992 0
113 370 542 791 867 0
101 371 576 676 993 0
133 318 577 766 872 0
48 334 497 675 994 0
27 372 578 792 995 0
70 373 579 779 954 0
145 349 563 793 996 0
146 278 580 679 997 0
105 374 557 785 998 0
147 227 498 794 999 0
148 303 429 795 924 0
149 374 581 713 805 0
106 375 502 705 880 0
21 241 582 796 1000 0
150 328 471 619 876 0
38 239 583 663 977 0
120 233 584 682 1001 0
151 350 509 717 1002 0
152 295 585 655 986 0
1 353 549 757 1003 0
32 365 586 797 921 0
153 285 447 798 915 0
154 367 526 727 936 0
88 355 476 799 1000 0
154 218 587 800 891 0
44 376 457 628 988 0
53 356 588 761 1004 0
115 377 544 793 1005 0
155 217 589 786 941 0
156 378 590 801 900 0
66 333 433 802 988 0
157 250 591 775 892 0
72 321 447 741 999 0
158 280 438 803 1006 0
123 379 567 751 989 0
137 305 592 730 881 0
16 380 543 804 1007 0
159 310 539 627 868 0
112 381 485 658 1008 0
124 382 535 805 1009 0
160 383 437 763 878 0
14 384 593 806 955 0
161 385 594 789 933 0
162 348 492 796 973 0
163 386 491 807 951 0
58 338 595 799 877 0
157 387 531 777 964 0
164 388 427 746 1010 0
11 389 432 806 1011 0
141 265 592 808 912 0
152 390 499 776 946 0
156 243 558 709 1012 0
65 260 571 683 898 0
83 288 435 733 970 0
26 223 571 745 861 0
165 360 523 808 855 0
93 351 386 711 983 0
119 383 596 747 990 0
166 352 585 748 894 0
167 357 520 809 932 0
123 326 597 809 927 0
55 391 577 797 1013 0
18 216 487 810 1014 0
31 392 598 811 879 0
168 256 564 765 997 0
125 306 599 681 1015 0
119 268 600 714 1008 0
63 301 432 778 977 0
169 382 561 812 994 0
153 360 601 762 966 0
121 225 602 748 1016 0
170 387 603 653 943 0
40 267 601 790 914 0
171 383 562 646 1017 0
34 393 604 813 1018 0
172 308 481 744 1019 0
159 363 605 714 930 0
170 282 491 814 884 0
173 394 539 757 983 0
174 332 544 815 942 0
81 395 606 705 976 0
175 324 510 690 974 0
36 211 590 802 889 0
151 396 538 800 878 0
134 397 473 753 940 0
169 234 425 677 904 0
110 321 568 816 936 0
61 375 607 624 876 0
176 390 608 650 1020 0
139 293 605 817 1021 0
118 393 421 818 958 0
13 323 609 697 884 0
74 345 609 771 973 0
162 307 477 724 904 0
177 378 465 696 1022 0
178 296 553 789 962 0
179 224 555 782 938 0
22 393 522 719 1023 0
180 325 476 792 1024 0
86 267 470 704 981 0
181 398 610 734 910 0
182 379 560 790 924 0
183 399 450 691 0 0
165 217 611 648 1015 0
184 400 604 819 885 0
127 395 497 660 854 0
181 351 537 788 999 0
117 304 457 813 1008 0
185 312 431 684 967 0
155 401 530 742 952 0
64 231 589 819 970 0
178 402 612 820 954 0
78 273 613 769 910 0
126 399 614 731 989 0
186 364 479 821 986 0
187 229 580 668 961 0
13 391 615 760 0 0
63 272 604 817 852 0
172 317 616 822 865 0
188 214 617 749 900 0
15 246 552 761 993 0
37 403 505 615 0 0
189 373 595 764 914 0
190 338 494 823 934 0
73 398 558 608 894 0
72 358 598 824 0 0
132 290 590 640 0 0
191 382 591 644 0 0
137 401 599 633 0 0
41 256 514 756 897 0
45 342 546 825 0 0
1 404 618 768 0 0
125 319 451 821 935 0
165 390 460 799 974 0
192 317 513 808 979 0
89 245 584 642 0 0
54 258 619 826 875 0
47 336 594 643 0 0
142 279 478 718 911 0
45 405 620 687 812 0
116 253 586 713 1006 0
193 406 577 774 951 0
108 295 506 827 948 0
65 231 545 753 1002 0
174 407 569 828 975 0
87 371 546 755 859 0
142 406 556 829 0 0
194 408 560 735 0 0
195 345 484 768 1005 0
128 392 500 726 998 0
98 409 554 729 962 0
191 320 513 794 987 0
196 300 603 806 1020 0
160 370 515 716 0 0
161 339 575 823 930 0
197 347 453 732 953 0
70 241 524 830 1019 0
140 405 582 657 1022 0
167 246 586 664 874 0
93 372 621 708 1012 0
151 302 622 660 1007 0
28 395 615 792 851 0
94 237 623 712 0 0
163 298 624 693 978 0
196 219 550 783 929 0
198 409 625 649 1012 0
83 381 506 691 960 0
140 313 441 671 0 0
185 365 626 827 885 0
199 410 440 689 893 0
145 315 576 740 947 0
135 277 588 831 0 0
55 260 624 828 0 0
200 377 575 710 832 0
201 222 419 832 1018 0
197 214 588 740 992 0
131 230 551 644 0 0
152 336 488 725 858 0
61 330 611 706 1004 0
155 333 540 791 968 0
35 343 598 709 856 0
111 268 479 695 1006 0
202 359 562 833 967 0
47 410 548 772 934 0
4 411 516 798 1017 0
110 335 501 698 943 0
107 277 592 661 0 0
203 250 495 626 0 0
156 349 504 779 1024 0
204 343 616 679 913 0
192 388 627 834 972 0
12 273 628 727 1019 0
182 227 576 835 0 0
177 274 492 829 0 0
203 412 629 772 996 0
131 384 512 810 0 0
141 269 445 815 1001 0
175 411 600 692 856 0
19 413 543 687 0 0
168 414 525 751 0 0
3 402 496 695 887 0
23 378 523 832 891 0
173 316 466 826 925 0
42 415 594 750 961 0
111 376 630 736 922 0
158 414 631 741 834 0
130 309 611 826 1016 0
205 323 517 720 918 0
38 396 631 825 0 0
179 326 617 774 0 0
205 299 480 694 945 0
10 416 595 770 903 0
193 287 572 649 992 0
189 397 536 818 1014 0
190 261 602 656 1020 0
175 232 530 770 965 0
176 337 587 640 0 0
187 368 453 683 1011 0
167 400 416 702 946 0
109 237 599 739 1014 0
173 215 495 632 0 0
82 415 563 630 0 0
74 417 507 803 882 0
187 346 537 825 0 0
184 215 449 762 984 0
50 244 632 738 1001 0
180 310 445 701 896 0
149 340 456 801 1007 0
206 371 490 621 895 0
186 313 573 763 919 0
148 347 616 722 969 0
207 350 574 738 1009 0
84 418 600 814 979 0
207 242 621 776 0 0
201 373 483 653 920 0
68 286 428 836 0 0
24 417 579 822 0 0
124 316 565 837 1022 0
17 270 584 733 1016 0
114 419 518 769 982 0
192 314 574 780 990 0
180 387 601 657 0 0
200 408 541 712 1000 0
163 327 519 721 971 0
96 279 606 838 0 0
178 248 532 758 868 0
98 297 620 760 937 0
159 334 633 775 919 0
206 264 556 839 855 0
133 312 498 654 911 0
15 281 630 817 0 0
66 420 597 689 0 0
153 404 555 750 864 0
129 412 434 620 995 0
23 223 517 787 937 0
106 331 443 840 957 0
21 407 548 752 998 0
50 404 474 743 835 0
116 271 483 841 0 0
97 222 567 746 810 0
89 415 452 802 871 0
198 361 471 842 0 0
136 398 468 843 0 0
90 414 490 842 1013 0
41 370 634 824 972 0
59 363 579 629 963 0
164 309 501 844 888 0
2 379 545 824 0 0
29 335 529 797 863 0
204 344 466 716 818 0
32 405 475 845 976 0
194 340 603 643 958 0
190 399 554 663 798 0
169 352 478 700 0 0
166 421 540 720 0 0
144 258 635 754 0 0
150 219 470 846 985 0
43 394 493 823 864 0
130 406 418 767 980 0
179 403 613 784 1005 0
193 346 439 661 996 0
201 401 631 704 993 0
177 234 532 773 860 913
196 366 561 610 0 0
150 367 580 725 1023 0
76 280 607 669 854 0
189 221 455 711 0 0
30 259 585 723 0 0
29 413 597 847 1023 0
158 275 508 831 0 0
148 403 557 839 888 0
126 354 460 795 956 0
166 291 583 842 907 0
208 254 464 675 0 0
91 262 628 811 981 0
57 226 461 807 0 0
84 276 636 685 847 0
182 344 486 787 978 0
46 374 524 662 1004 0
157 354 473 759 1003 0
161 290 500 831 995 0
139 385 437 812 0 0
198 281 542 835 1015 0
109 402 422 809 942 0
33 417 427 805 968 0
209 416 591 848 0 0
202 278 467 742 853 0
183 328 527 659 1021 0
147 385 607 680 0 0
207 369 528 833 873 0
51 377 499 836 859 0
12 380 573 803 909 0
143 297 468 795 1010 0
172 386 583 658 991 0
39 294 613 816 947 0
160 303 602 758 1013 0
186 419 565 674 883 0
146 389 622 841 0 0
107 230 608 652 1002 0
64 275 618 666 949 0
90 319 632 718 1018 0
147 341 496 841 844 0
181 311 489 845 0 0
176 245 578 693 830 0
134 235 569 816 0 0
56 394 533 749 980 0
194 283 477 765 820 906
210 240 612 745 811 0
168 320 593 773 0 0
135 418 541 800 0 0
18 413 519 837 870 0
35 396 533 796 933 0
69 356 462 849 1024 0
206 380 605 726 0 0
184 368 614 794 0 0
170 361 424 680 0 0
104 305 452 813 0 0
171 255 464 743 975 0
146 324 578 793 0 0
164 359 520 731 908 0
40 236 629 850 866 0
171 269 636 784 0 0
75 400 547 699 0 0
205 408 618 722 0 0
95 238 442 764 0 0
208 263 609 819 982 0
87 422 559 846 0 0
188 332 514 655 0 0
174 288 482 736 0 0
199 372 521 737 879 0
202 249 436 635 1011 0
75 353 593 667 928 0
57 409 534 850 1009 0
121 286 636 639 801 0
105 266 430 645 783 0
209 375 504 821 944 0
138 388 582 639 950 0
114 274 626 791 971 0
204 218 625 820 1010 0
82 255 614 837 0 0
85 355 619 732 931 0
162 411 547 686 880 0
209 276 436 839 0 0
195 252 459 788 918 0
191 307 448 804 0 0
185 420 596 724 941 0
59 300 474 674 853 0
69 384 633 672 1017 0
115 304 635 669 0 0
154 407 448 840 895 0
188 369 606 648 906 0
210 362 528 656 1021 0
100 249 568 699 948 0
102 298 509 681 1003 0
210 410 566 754 869 0
31 257 444 844 929 0
143 339 433 677 912 0
136 301 526 664 922 0
25 381 634 650 892 0
203 322 581 843 0 0
28 252 589 670 956 0
118 358 559 828 883 0
200 251 451 851 0 0
78 389 566 697 886 0
56 272 429 755 920 0
92 376 637 786 890 0
92 292 484 804 916 0
183 257 617 781 0 0
58 391 538 666 850 0
132 421 438 662 957 0
122 308 439 833 851 0
11 357 634 836 969 0
145 392 596 701 931 0
149 314 485 782 984 0
2 342 493 807 848 0
25 232 612 838 849 0
103 289 454 830 852 0
99 423 623 652 994 0
144 422 515 694 896 0
138 224 446 759 955 0
5 299 610 834 960 0
39 329 570 703 917 0
129 306 587 637 0 0
43 366 637 676 991 0
197 412 553 670 997 0
199 265 475 771 964 0
85 294 507 845 0 0
195 397 627 827 0 0
208 362 564 678 0 0
