1024 180
4 23
4 4 4 4 4 4 4 4 4 4 4 4 4 4 4 4 4 4 4 4 4 4 4 4 4 4 4 4 4 4 4 4 4 4 4 4 4 4 4 4 4 4 4 4 4 4 4 4 4 4 4 4 4 4 4 4 4 4 4 4 4 4 4 4 4 4 4 4 4 4 4 4 4 4 4 4 4 4 4 4 4 4 4 4 4 4 4 4 4 4 4 4 4 4 4 4 4 4 4 4 4 4 4 4 4 4 4 4 4 4 4 4 4 4 4 4 4 4 4 4 4 4 4 4 4 4 4 4 4 4 4 4 4 4 4 4 4 4 4 4 4 4 4 4 4 4 4 4 4 4 4 4 4 4 4 4 4 4 4 4 4 4 4 4 4 4 4 4 4 4 4 4 4 4 4 4 4 4 4 4 4 4 4 4 4 4 4 4 4 4 4 4 4 4 4 4 4 4 4 4 4 4 4 4 4 4 4 4 4 4 4 4 4 4 4 4 4 4 4 4 4 4 4 4 4 4 4 4 4 4 4 4 4 4 4 4 4 4 4 4 4 4 4 4 4 4 4 4 4 4 4 4 4 4 4 4 4 4 4 4 4 4 4 4 4 4 4 4 4 4 4 4 4 4 4 4 4 4 4 4 4 4 4 4 4 4 4 4 4 4 4 4 4 4 4 4 4 4 4 4 4 4 4 4 4 4 4 4 4 4 4 4 4 4 4 4 4 4 4 4 4 4 4 4 4 4 4 4 4 4 4 4 4 4 4 4 4 4 4 4 4 4 4 4 4 4 4 4 4 4 4 4 4 4 4 4 4 4 4 4 4 4 4 4 4 4 4 4 4 4 4 4 4 4 4 4 4 4 4 4 4 4 4 4 4 4 4 4 4 4 4 4 4 4 4 4 4 4 4 4 4 4 4 4 4 4 4 4 4 4 4 4 4 4 4 4 4 4 4 4 4 4 4 4 4 4 4 4 4 4 4 4 4 4 4 4 4 4 4 4 4 4 4 4 4 4 4 4 4 4 4 4 4 4 4 4 4 4 4 4 4 4 4 4 4 4 4 4 4 4 4 4 4 4 4 4 4 4 4 4 4 4 4 4 4 4 4 4 4 4 4 4 4 4 4 4 4 4 4 4 4 4 4 4 4 4 4 4 4 4 4 4 4 4 4 4 4 4 4 4 4 4 4 4 4 4 4 4 4 4 4 4 4 4 4 4 4 4 4 4 4 4 4 4 4 4 4 4 4 4 4 4 4 4 4 4 4 4 4 4 4 4 4 4 4 4 4 4 4 4 4 4 4 4 4 4 4 4 4 4 4 4 4 4 4 4 4 4 4 4 4 4 4 4 4 4 4 4 4 4 4 4 4 4 4 4 4 4 4 4 4 4 4 4 4 4 4 4 4 4 4 4 4 4 4 4 4 4 4 4 4 4 4 4 4 4 4 4 4 4 4 4 4 4 4 4 4 4 4 4 4 4 4 4 4 4 4 4 4 4 4 4 4 4 4 4 4 4 4 4 4 4 4 4 4 4 4 4 4 4 4 4 4 4 4 4 4 4 4 4 4 4 4 4 4 4 4 4 4 4 4 4 4 4 4 4 4 4 4 4 4 4 4 4 4 4 4 4 4 4 4 4 4 4 4 4 4 4 4 4 4 4 4 4 4 4 4 4 4 4 4 4 4 4 4 4 4 4 4 4 4 4 4 4 4 4 4 4 4 4 4 4 4 4 4 4 4 4 4 4 4 4 4 4 4 4 4 4 4 4 4 4 4 4 4 4 4 4 4 4 4 4 4 4 4 4 4 4 4 4 4 4 4 4 4 4 4 4 4 4 4 4 4 4 4 4 4 4 4 4 4 4 4 4 4 4 4 4 4 4 4 4 4 4 4 4 4 4 4 4 4 4 4 4 4 4 4 4 4 4 4 4 4 4 4 4 4 4 4 4 4 4 4 4 4 4 4 4 4 4 4 4 4 4 4 4 4 4 4 4 4 4 4 4 4 4 4 4 4 4 4 4 4 4 4 4 4 4 4 4 4 4 4 4 4 4 4 4 4 4 4 4 4 4 4 4 4 4 4 4 4 4 4 4 4 4 4 4 4 4 4 4 4 4 4 4 4 4 4 4 4 4 4 4 4 4 4 4 4 4 4 4 4 4 4 4 4 4 4 4 4 4 4 4 4 4 4 4 4 4 4 4 4 4 4 4 4 4 4 4 4 4 4 4 4 4 4 4 4 4 4 4 4 4 4 4 4 4 4 4 4 4 4 4 4 4 4 4 4 4 4 4 4 4 4 4 4 4 4 4 4 4 4 4
23 23 23 23 23 23 23 23 23 23 23 23 23 23 23 23 23 23 23 23 23 23 23 23 23 23 23 23 23 23 23 23 23 23 23 23 23 23 23 23 23 23 23 23 23 23 23 23 23 23 22 23 23 22 23 23 23 23 23 23 23 22 23 23 22 23 22 23 23 22 23 23 23 22 23 23 23 23 23 23 23 23 23 22 22 23 23 23 23 23 23 23 23 23 23 22 22 22 23 23 22 22 23 23 23 23 23 23 23 22 22 23 22 22 22 23 23 22 23 23 23 23 23 23 22 23 23 23 23 22 23 23 22 22 22 23 23 23 22 22 23 23 23 22 22 22 23 23 23 23 23 22 23 22 23 23 22 23 23 23 23 23 22 22 22 23 23 22 22 22 22 22 22 23 23 23 23 22 22 23
1 69 102 176
2 61 121 140
3 17 48 116
4 22 49 178
5 32 34 46
6 9 14 43
7 47 128 175
8 83 122 154
10 30 94 101
11 82 104 138
12 18 66 80
13 88 136 160
15 25 56 126
16 54 77 143
19 63 100 129
20 44 137 144
21 89 172 177
23 26 70 76
24 117 151 171
27 39 147 150
28 84 93 169
29 59 146 156
31 58 98 162
33 64 103 123
35 67 110 132
36 86 158 179
37 99 145 164
38 73 112 130
40 45 148 180
41 91 114 115
42 81 125 155
50 55 87 118
51 52 62 141
53 85 152 161
57 68 72 90
60 65 107 127
71 111 135 173
74 159 166 167
75 109 168 174
78 97 105 149
79 95 120 134
92 106 124 133
96 139 142 165
108 119 131 163
113 153 157 170
1 124 152 167
2 26 47 95
3 13 58 86
4 50 88 120
5 78 160 163
6 17 25 141
7 29 89 173
8 22 41 44
9 24 38 75
10 66 123 166
11 105 113 145
12 72 168 180
14 19 93 150
15 16 65 110
18 59 81 96
20 28 82 176
21 35 37 171
23 56 85 97
27 32 54 142
30 98 130 140
31 53 83 148
33 55 67 129
34 91 117 159
36 92 153 155
39 68 134 157
40 84 127 135
42 61 100 119
43 103 133 178
45 62 118 128
46 57 101 175
48 60 115 156
49 76 94 143
51 69 109 165
52 99 106 131
63 90 114 136
64 71 73 149
70 151 158 169
74 79 111 154
77 104 121 161
80 116 144 164
87 107 112 138
102 132 162 170
108 122 147 177
125 126 137 174
87 139 172 179
75 88 146 161
1 22 57 112
2 60 133 171
3 33 76 131
4 31 145 166
5 80 89 92
6 113 119 175
7 16 123 151
8 36 65 149
9 94 154 176
10 127 157 165
11 111 114 142
12 26 82 147
13 96 117 122
14 115 118 155
15 28 90 106
17 21 40 167
18 71 121 132
19 23 107 164
20 64 148 156
24 27 56 162
25 30 120 158
29 43 68 86
32 99 140 180
34 51 73 93
35 101 146 150
37 134 143 174
38 108 110 144
39 52 53 81
41 84 95 163
42 72 74 97
44 77 129 141
45 70 160 170
46 55 85 135
47 137 159 179
48 62 85 130
49 63 78 153
50 102 116 125
54 66 83 133
51 58 79 105
59 100 145 169
61 89 109 138
67 124 168 173
69 98 103 136
91 152 164 172
45 104 126 178
18 63 128 177
9 31 131 139
1 30 100 160
2 55 165 167
3 90 150 173
4 121 127 147
5 87 141 154
6 13 71 144
7 36 99 132
8 26 46 109
10 44 136 171
11 33 72 88
12 25 69 91
14 16 179 180
15 19 96 175
17 38 39 103
20 67 140 153
21 54 115 149
22 47 81 162
23 29 139 155
24 59 62 95
27 104 119 135
28 74 172 174
32 84 125 138
34 35 107 178
37 43 108 114
40 57 80 120
41 82 92 101
35 42 86 148
48 49 68 123
50 70 106 159
52 61 64 116
53 111 151 163
56 60 128 143
58 94 142 152
65 76 98 177
66 78 93 156
73 83 129 158
75 118 122 166
77 113 117 168
79 110 161 169
97 124 134 146
102 105 130 179
21 112 126 157
48 120 137 170
19 32 108 176
1 75 86 111
2 29 38 45
3 16 73 95
4 20 46 114
5 115 121 174
6 76 124 125
7 100 127 144
8 63 152 180
9 67 116 160
10 14 132 163
11 15 40 49
12 79 153 171
13 74 128 140
17 72 94 118
18 33 126 154
22 55 99 146
23 28 61 157
24 78 137 165
25 107 123 142
26 87 113 136
27 41 64 168
30 43 117 135
31 70 80 150
34 98 155 161
36 77 84 103
37 66 162 173
39 102 166 175
42 106 122 143
44 89 96 105
47 54 90 145
50 68 71 82
51 65 101 170
52 91 97 110
13 53 92 112
56 109 148 169
57 59 133 172
58 147 151 156
60 90 119 158
62 83 138 167
45 69 131 134
81 104 149 164
9 85 159 177
88 93 139 143
24 74 129 178
122 130 173 178
11 66 141 155
7 88 133 176
1 16 18 23
2 53 93 168
3 10 97 138
4 21 51 163
5 56 68 167
6 41 161 165
8 116 134 151
12 62 139 149
14 26 52 126
15 130 146 163
17 46 100 179
19 71 109 171
20 118 158 162
17 22 28 117
25 105 133 150
27 48 110 136
29 33 54 102
30 47 131 156
31 82 110 128
32 44 70 75
34 59 111 157
35 78 135 176
36 72 108 165
15 37 64 87
38 76 96 115
39 60 89 180
40 61 154 162
42 73 80 142
43 73 153 166
49 69 83 144
50 103 119 152
55 86 91 170
57 132 141 159
58 67 84 175
63 95 102 104
29 65 114 174
77 106 120 177
46 79 98 164
81 112 123 140
85 107 125 145
92 94 137 169
73 99 147 160
24 101 121 124
18 113 127 148
37 48 129 172
1 31 115 142
2 138 141 164
3 50 121 176
4 6 42 107
5 57 81 171
7 35 87 169
8 25 93 159
9 51 123 155
10 104 112 174
11 30 56 172
12 61 137 146
13 40 54 168
14 22 79 175
16 108 125 127
19 21 45 92
20 95 154 157
23 58 132 177
26 71 129 130
27 83 153 178
28 52 80 151
32 36 88 113
33 99 105 117
34 63 67 94
12 38 106 135
39 64 78 173
41 126 149 166
43 62 150 170
44 91 119 180
47 75 124 139
49 59 122 167
53 65 116 120
55 84 89 128
60 100 111 161
66 76 152 179
68 74 96 156
5 69 140 145
70 72 101 103
77 97 118 136
82 85 86 143
90 134 144 148
68 98 114 160
41 99 109 158
124 131 147 171
1 21 52 153
2 37 79 94
3 132 155 167
4 38 53 70
6 35 89 162
7 92 98 126
8 23 43 121
9 103 104 127
10 33 106 125
11 57 74 137
13 46 111 170
14 18 69 157
15 17 138 147
16 109 118 178
19 86 110 146
20 101 131 161
22 42 62 180
24 87 122 144
25 28 108 152
26 116 123 145
27 51 91 179
29 55 72 119
30 49 61 149
31 40 77 96
32 47 172 173
34 48 105 166
36 112 156 177
39 130 142 169
44 56 76 81
45 60 66 117
50 59 65 168
54 79 100 163
58 63 88 174
64 85 140 165
67 82 115 159
22 71 93 128
75 83 151 164
78 150 154 158
80 84 129 136
51 90 95 133
97 120 141 175
102 107 114 148
38 113 134 160
135 139 141 168
57 143 173 176
1 84 172 178
2 134 161 177
3 24 113 139
4 56 136 159
5 16 93 131
6 47 63 151
7 12 65 150
8 11 35 165
9 36 54 80
10 21 128 158
13 37 146 157
14 105 114 119
15 34 95 153
17 18 62 144
19 126 130 162
20 129 142 167
23 77 98 102
25 29 39 74
26 42 164 179
27 28 94 127
30 110 148 170
31 69 132 137
32 49 87 160
33 53 115 169
26 40 72 106
41 46 59 67
43 81 122 156
44 73 107 154
45 55 58 123
48 88 109 112
50 78 83 155
52 88 96 138
60 86 132 149
61 70 136 174
64 82 152 166
66 101 110 145
68 84 91 100
71 94 104 180
25 75 92 116
76 111 118 171
85 99 108 133
89 97 103 121
90 120 135 140
117 147 163 175
48 124 143 154
60 125 150 176
1 51 96 119
2 89 98 163
3 11 39 101
4 17 77 160
5 6 53 64
7 131 152 162
8 37 130 168
9 15 70 118
10 29 35 100
12 28 115 124
13 24 30 126
14 55 138 148
16 46 62 129
18 67 120 156
19 20 56 103
21 58 78 140
22 59 102 135
23 65 80 109
27 57 106 134
31 95 107 173
32 144 147 155
33 52 68 93
34 44 54 127
36 123 161 176
38 99 165 172
40 66 125 175
41 72 122 170
42 69 113 141
43 61 97 169
6 45 108 139
47 85 87 103
49 81 128 133
50 142 157 177
38 63 91 171
71 79 117 146
73 86 90 92
74 76 149 153
75 104 105 143
82 116 167 178
83 111 145 179
112 150 151 159
24 114 164 180
121 137 158 166
62 122 123 174
1 77 148 164
2 41 151 179
3 37 67 178
4 52 149 172
5 9 98 109
7 61 80 107
8 32 55 137
10 18 88 115
11 12 90 159
13 76 79 139
14 56 117 152
15 111 134 169
16 31 68 116
17 86 95 119
19 30 91 177
20 48 65 126
21 59 110 176
22 35 108 166
23 60 73 163
25 102 155 157
26 51 75 78
27 29 66 171
28 54 64 128
33 46 104 173
34 53 72 121
36 125 142 170
39 44 47 100
40 63 130 133
42 96 136 154
43 70 146 168
45 50 129 145
49 89 158 165
57 82 87 156
58 118 141 161
69 93 127 162
71 85 138 175
74 81 92 114
83 112 120 160
84 99 144 153
94 113 140 167
97 106 147 174
101 132 135 143
105 124 132 180
14 23 59 131
1 80 93 98
2 17 20 108
3 55 70 100
4 24 72 76
5 30 48 133
6 130 138 172
7 28 148 160
8 34 42 45
9 47 74 125
10 81 134 139
11 53 73 156
12 101 136 164
13 99 162 177
15 21 27 109
16 37 163 167
18 107 150 179
19 25 31 169
22 63 118 173
26 56 102 115
29 88 142 159
32 111 119 127
33 36 82 135
35 113 143 180
38 49 66 71
39 141 152 165
40 44 60 145
41 69 77 78
43 112 131 144
46 120 166 176
50 62 84 97
51 61 83 114
52 147 154 168
54 94 110 171
57 91 95 140
58 96 121 155
64 65 117 124
67 68 85 104
75 79 129 157
86 116 122 161
87 105 158 178
89 90 137 153
92 103 174 175
106 126 151 170
123 128 146 149
1 8 10 145
2 59 143 170
3 14 75 140
4 35 39 131
5 61 125 177
6 30 52 121
7 56 82 155
9 42 83 130
11 25 62 136
12 50 51 178
13 70 127 141
15 149 152 160
16 34 84 168
17 44 142 151
18 21 49 100
19 104 106 158
20 76 85 92
22 27 40 107
23 146 154 171
24 57 110 138
26 28 31 99
29 111 153 172
32 53 60 126
33 112 113 164
36 69 101 105
37 91 128 176
38 54 72 129
41 58 74 133
43 46 115 157
45 109 124 137
47 78 102 134
48 64 67 108
55 96 132 169
63 86 97 167
65 122 135 175
66 120 147 159
68 80 165 166
71 88 98 148
73 118 123 180
77 87 93 174
79 103 114 150
81 89 119 161
90 139 156 162
94 116 117 173
95 144 171 179
12 27 93 163
1 9 59 101
2 22 68 87
3 57 85 89
4 5 7 19
6 37 73 136
8 124 158 160
10 70 95 126
11 47 112 132
13 20 159 165
14 98 113 149
15 24 66 107
16 63 139 161
17 106 145 146
18 64 122 134
21 142 144 150
23 84 118 130
25 36 45 76
26 34 128 152
28 100 167 168
29 109 143 166
30 111 162 174
31 67 88 141
32 82 90 91
33 39 153 156
35 138 151 155
38 61 105 173
40 53 79 172
41 42 60 116
43 56 127 176
44 114 120 178
46 83 169 180
48 71 125 163
49 55 97 140
50 54 108 175
51 86 102 121
52 69 94 123
58 65 119 129
62 78 96 103
72 80 99 104
74 115 135 147
75 117 131 133
77 110 137 157
81 170 177 179
68 92 154 164
47 82 126 148
1 2 4 123
3 31 38 64
5 29 37 137
6 72 116 131
7 34 60 154
8 104 144 172
9 138 152 163
10 16 39 146
11 36 85 106
12 81 127 129
13 28 91 175
14 44 95 158
15 50 75 77
17 54 71 89
18 74 119 143
19 46 94 124
20 51 125 130
21 107 134 141
22 30 97 153
23 45 103 140
24 49 102 168
25 63 73 179
26 33 58 80
27 59 139 180
32 40 65 93
35 55 117 156
41 148 159 176
42 78 109 170
43 88 101 162
48 135 150 177
52 98 120 169
53 66 164 178
56 114 118 133
57 83 92 161
61 112 128 147
62 90 155 165
67 76 157 174
69 87 115 151
70 110 166 173
79 86 99 113
84 105 111 160
96 108 167 171
100 132 136 142
121 122 145 149
1 41 113 154
2 28 50 144
3 47 166 169
4 55 174 180
5 31 94 165
6 60 84 177
7 139 147 167
8 21 72 85
9 39 107 119
10 78 80 121
11 24 99 179
12 45 68 110
13 101 129 173
14 70 87 89
15 26 135 158
16 126 128 155
17 59 123 124
18 43 92 171
19 29 133 161
20 79 127 160
22 25 122 168
23 63 145 176
27 77 130 156
30 36 64 178
32 37 38 57
33 83 86 141
34 65 96 118
35 105 115 120
40 82 100 103
42 49 75 112
44 88 125 140
46 48 131 149
51 74 134 150
52 66 142 146
53 143 153 159
54 62 117 162
56 108 132 157
58 90 102 138
61 67 91 106
69 71 95 97
73 114 116 170
76 136 148 175
81 93 109 111
98 104 151 152
107 137 163 172
90 93 121 164
1 87 94 109
2 18 34 125
3 44 156 163
4 71 100 162
5 23 42 108
6 39 77 95
7 76 138 178
8 38 52 133
9 12 73 148
10 122 141 160
11 14 91 173
13 50 72 105
15 142 172 176
16 89 130 144
17 104 115 129
19 36 49 62
20 88 155 168
21 25 32 41
22 53 101 140
24 60 63 112
26 96 127 180
27 47 92 113
28 81 85 150
29 58 136 145
30 65 66 99
31 57 61 118
33 35 43 137
37 68 106 179
40 123 157 169
45 83 132 166
46 64 74 126
48 75 84 152
51 82 111 175
54 56 151 174
55 69 147 164
59 120 154 161
67 103 146 167
70 98 143 171
78 110 119 159
79 116 124 128
80 97 102 177
86 114 117 139
92 131 158 170
134 135 153 165
6 87 120 149
1 35 106 127
2 32 62 124
3 19 26 151
4 59 75 138
5 44 118 179
7 33 49 172
8 57 78 84
9 10 23 110
11 55 81 107
12 89 108 126
13 41 97 100
14 38 125 161
15 104 128 137
16 72 162 176
17 29 96 140
18 86 129 174
20 24 43 52
21 53 105 175
22 61 132 144
25 54 99 135
27 71 157 158
28 83 123 163
30 74 88 165
31 63 101 168
34 102 145 156
36 50 143 169
37 58 139 150
39 48 155 159
40 94 153 177
42 47 98 146
45 46 133 167
51 60 80 160
56 90 166 171
64 111 113 147
65 70 73 91
66 112 149 170
67 79 122 148
68 77 131 173
69 82 114 154
76 119 121 141
85 115 134 180
93 136 152 178
95 103 116 130
109 117 142 164
1 140 161 162
2 16 90 111
3 23 96 143
4 13 84 106
5 41 128 129
6 157 159 164
7 66 74 105
8 58 97 178
9 33 56 175
10 48 117 118
11 17 60 67
12 95 114 167
14 61 151 153
15 22 100 171
18 25 57 65
19 43 148 174
20 93 141 145
21 29 76 77
24 28 103 166
26 30 108 138
27 82 121 170
31 62 120 127
32 59 80 152
34 110 135 149
35 38 142 168
36 119 137 154
37 49 50 52
39 45 54 73
40 83 98 134
42 124 126 156
44 113 122 132
46 87 102 123
47 133 147 158
51 63 92 146
53 68 99 136
55 88 104 179
64 70 109 172
69 72 81 130
71 115 160 176
75 85 94 144
78 91 112 116
79 89 107 155
86 125 131 180
101 163 169 177
83 136 139 173
82 150 165 169
1 54 70 116
2 19 76 156
3 5 20 62
4 73 117 157
6 12 67 155
7 42 145 171
8 100 143 150
9 26 79 144
10 41 43 50
11 128 166 178
13 15 38 48
14 86 107 177
16 64 154 170
17 51 135 174
18 31 47 163
21 99 122 137
22 32 58 85
23 87 124 127
24 84 158 176
25 61 115 172
27 44 53 90
28 104 153 162
29 30 93 179
33 140 142 147
34 66 75 89
35 40 59 114
36 133 138 159
37 80 161 180
39 113 121 151
45 130 149 165
46 103 118 139
49 74 98 110
52 77 92 119
55 71 102 112
56 94 129 134
57 60 96 109
63 131 132 148
65 69 88 173
68 81 97 126
72 120 146 152
78 95 108 168
91 105 125 141
101 111 123 167
106 160 164 175
1 50 60 92
2 51 84 148
3 91 126 153
4 78 94 164
5 12 15 85
6 88 150 166
7 64 79 81
8 17 80 173
9 128 136 151
10 73 113 131
11 45 143 175
13 49 77 152
14 20 58 122
16 120 171 174
18 44 109 130
19 38 59 68
21 57 66 86
22 46 75 121
23 33 101 134
24 31 89 160
25 40 118 165
26 62 156 172
27 72 117 154
28 95 96 178
29 112 124 169
30 119 125 132
32 52 103 115
34 55 56 158
35 70 147 179
36 110 139 163
37 47 71 123
39 129 149 177
41 61 63 87
42 65 133 162
43 53 74 82
48 83 127 168
54 97 107 176
67 142 145 180
69 90 99 170
76 93 114 140
98 106 108 116
100 135 146 155
102 111 141 144
2 42 104 159
105 157 161 167
64 137 138 150
1 25 128 156
3 66 115 144
4 34 108 170
5 17 33 161
6 23 38 169
7 18 58 91
8 15 59 86
9 11 46 174
10 137 151 168
12 21 71 133
13 16 81 172
14 74 94 102
19 80 83 119
20 36 53 180
22 56 69 110
24 48 82 97
26 121 146 177
27 35 68 152
28 113 116 126
29 67 70 78
30 76 89 164
31 41 79 130
32 63 117 158
37 101 120 148
39 72 139 145
40 85 163 176
43 90 132 179
44 45 84 112
47 51 55 127
49 73 88 175
50 96 99 124
52 109 159 173
54 104 114 141
57 93 153 167
60 123 135 136
61 75 98 178
62 65 125 143
77 100 138 140
87 106 142 166
92 129 147 165
95 111 122 155
103 107 131 157
105 118 134 154
77 149 162 171
81 142 143 160
1 47 48 104
2 80 82 132
3 35 109 128
4 44 83 177
5 63 79 138
6 40 50 56
7 41 121 156
8 76 126 161
9 25 88 149
10 28 53 147
11 37 100 117
12 36 59 116
13 73 103 108
14 57 129 166
15 71 141 151
16 43 99 107
17 58 64 112
18 90 160 167
19 75 123 153
20 22 119 124
21 68 159 174
23 52 72 158
24 34 131 150
26 155 162 175
27 95 137 176
29 87 92 148
30 78 122 180
31 49 86 105
32 94 106 136
33 45 89 127
38 55 60 120
39 42 91 93
46 61 66 69
1 46 92 139 183 230 275 318 363 409 453 497 541 587 632 676 722 767 811 857 901 947 992
2 47 93 140 184 231 276 319 364 410 454 498 542 588 632 677 723 768 812 858 902 944 993
3 48 94 141 185 232 277 320 365 411 455 499 543 589 633 678 724 769 813 859 903 948 994
4 49 95 142 186 233 278 321 366 412 456 500 544 590 632 679 725 770 814 860 904 949 995
5 50 96 143 187 234 279 310 367 413 457 501 545 590 634 680 726 771 815 859 905 950 996
6 51 97 144 188 235 278 322 368 413 438 502 546 591 635 681 727 766 816 861 906 951 997
7 52 98 145 189 229 280 323 369 414 458 503 547 590 636 682 728 772 817 862 907 952 998
8 53 99 146 190 236 281 324 370 415 459 504 541 592 637 683 729 773 818 863 908 953 999
6 54 100 138 191 224 282 325 371 416 457 505 548 587 638 684 730 774 819 864 909 954 1000
9 55 101 147 192 232 283 326 372 417 460 506 541 593 639 685 731 774 820 865 910 955 1001
10 56 102 148 193 228 284 327 370 411 461 507 549 594 640 686 732 775 821 866 911 954 1002
11 57 103 149 194 237 285 298 369 418 461 508 550 586 641 687 730 776 822 861 905 956 1003
12 48 104 144 195 216 286 328 373 419 462 509 551 595 642 688 733 777 814 867 912 957 1004
6 58 105 150 192 238 287 329 374 420 463 496 543 596 643 689 732 778 823 868 913 958 1005
13 59 106 151 193 239 253 330 375 416 464 510 552 597 644 690 734 779 824 867 905 953 1006
14 59 98 150 185 230 288 331 367 421 465 511 553 598 639 691 735 780 812 869 914 957 1007
3 51 107 152 196 240 243 330 376 412 466 498 554 599 645 692 736 781 821 870 908 950 1008
11 60 108 137 197 230 273 329 376 422 460 512 555 600 646 693 723 782 825 871 915 952 1009
15 58 109 151 182 241 289 332 377 423 467 513 556 590 647 694 737 769 826 858 916 959 1010
16 61 110 153 186 242 290 333 378 423 468 498 557 595 648 695 738 783 827 859 913 960 1011
17 62 107 154 180 233 289 318 372 424 469 510 555 601 649 683 739 784 828 872 917 956 1012
4 53 92 155 198 243 287 334 353 425 470 514 558 588 650 696 740 785 824 873 918 961 1011
18 63 109 156 199 230 291 324 379 426 471 496 559 602 651 697 726 774 813 874 919 951 1013
19 54 111 157 200 226 272 335 365 419 450 500 560 597 652 686 741 783 829 875 920 962 1014
13 51 112 149 201 244 281 336 380 401 472 513 549 603 653 696 739 786 825 876 921 947 1000
18 47 103 146 202 238 292 337 381 387 473 515 561 604 654 690 742 769 830 864 922 963 1015
20 64 111 158 203 245 293 338 382 427 474 510 558 586 655 698 743 787 831 877 923 964 1016
21 61 106 159 199 243 294 336 382 418 475 503 561 605 642 677 744 788 829 878 924 965 1001
22 52 113 156 184 246 265 339 380 417 474 516 562 606 634 694 745 781 828 879 925 966 1017
9 65 112 139 204 247 284 340 383 419 467 501 546 607 650 699 746 789 830 879 926 967 1018
23 66 95 138 205 248 275 341 384 428 465 513 561 608 633 680 747 790 832 871 920 968 1019
5 64 114 160 182 249 295 342 385 429 459 517 563 609 656 700 739 768 833 873 927 969 1020
24 67 94 148 197 246 296 326 386 430 476 518 564 610 654 701 748 772 819 880 919 950 1021
5 68 115 161 206 250 297 343 375 431 477 504 553 604 636 702 723 791 834 881 928 949 1014
25 62 116 161 165 251 280 322 370 417 470 519 544 611 657 703 748 767 835 882 929 964 994
26 69 99 145 207 252 295 344 371 432 478 518 565 603 640 699 737 792 836 883 930 960 1003
27 62 117 162 208 253 274 319 373 415 455 511 566 591 634 700 749 793 837 884 931 970 1002
28 54 118 152 184 254 298 321 360 433 442 520 567 612 633 700 729 778 835 867 916 951 1022
20 70 119 152 209 255 299 345 380 411 479 521 544 610 639 684 727 794 838 885 932 971 1023
29 71 107 163 193 256 286 341 387 434 480 522 558 613 656 704 750 795 839 882 921 972 997
30 53 120 164 203 235 300 316 388 435 454 523 568 614 658 676 739 777 815 865 933 968 998
31 72 121 165 210 257 278 334 381 436 481 504 548 614 659 705 726 796 840 862 934 944 1023
6 73 113 162 204 258 301 324 389 437 482 524 569 615 660 693 748 783 826 865 935 973 1007
16 53 122 147 211 249 302 346 390 431 479 522 554 616 643 706 724 771 841 877 915 974 995
29 74 123 136 184 222 289 347 391 438 483 504 570 603 651 687 751 797 838 886 911 974 1021
5 75 124 146 186 240 267 328 388 421 476 525 569 617 647 707 752 797 842 887 918 954 1024
7 47 125 155 212 247 303 342 368 439 479 505 571 594 631 678 743 796 843 871 931 975 992
3 76 126 166 181 245 274 343 392 407 468 501 572 618 661 707 753 794 820 867 936 962 992
4 77 127 166 193 259 304 340 385 440 484 520 555 619 652 705 737 772 837 888 912 976 1019
32 49 128 167 213 260 277 348 393 441 483 526 550 620 644 677 733 792 837 865 901 977 997
33 78 115 130 214 233 282 338 357 409 473 527 550 621 648 708 754 798 844 870 902 975 0
33 79 119 168 215 238 294 318 394 430 456 528 546 622 662 709 729 783 837 889 927 978 1013
34 66 119 169 216 231 305 321 386 413 477 507 563 613 663 710 740 784 845 877 935 960 1001
14 64 129 154 212 246 286 349 371 431 475 529 567 620 645 711 755 786 838 857 937 979 0
32 67 124 140 198 261 306 339 391 420 459 499 573 619 657 679 756 775 846 890 928 975 1022
13 63 111 170 217 234 284 346 366 423 463 515 547 615 664 712 755 799 819 891 928 961 997
35 75 92 163 218 262 279 327 362 427 485 530 560 589 665 700 747 773 825 892 917 980 1005
23 48 130 171 219 263 291 350 391 424 486 531 568 623 654 713 745 793 818 873 913 952 1008
22 60 131 157 218 250 304 348 388 425 469 496 542 587 655 692 757 770 833 882 916 953 1003
36 76 93 170 220 255 307 347 395 408 471 522 563 614 636 681 741 798 821 892 901 981 1022
2 72 132 168 199 256 285 340 396 437 458 527 545 612 666 714 747 785 823 876 933 982 1024
33 74 126 157 221 237 301 334 376 421 452 526 549 624 667 711 737 768 832 859 922 983 0
15 80 127 137 190 264 297 350 368 442 480 514 574 598 653 697 741 790 844 893 933 969 996
24 81 110 168 203 253 299 351 397 413 475 532 572 600 633 699 752 800 847 869 907 946 1008
36 59 99 172 214 265 305 348 369 426 468 532 575 623 656 702 746 801 825 894 934 983 0
11 55 129 173 208 228 308 347 398 434 474 520 576 597 663 709 746 802 817 881 917 948 1024
25 67 133 153 191 263 297 352 388 422 455 533 572 608 668 714 758 803 821 861 938 966 0
35 70 113 166 213 234 309 315 399 430 465 533 577 588 630 687 749 804 845 895 916 964 1012
1 78 134 149 222 259 310 329 384 436 487 523 565 622 669 715 756 805 848 894 939 961 1024
18 82 123 167 205 249 311 321 396 416 482 499 551 593 670 689 759 801 847 857 929 966 0
37 81 108 144 213 241 292 353 400 443 488 520 578 618 645 715 725 787 849 890 931 956 1006
35 57 121 148 196 252 311 339 387 435 477 500 567 625 635 683 733 780 848 896 923 971 1013
28 81 115 174 185 257 258 271 390 444 471 507 579 591 653 716 730 801 838 860 910 976 1004
38 83 121 159 195 226 309 327 380 445 489 505 568 626 646 708 752 789 817 888 935 958 0
39 54 91 175 183 249 303 354 401 446 473 534 543 627 644 705 753 770 850 881 918 982 1010
18 77 94 172 188 254 308 346 402 445 462 500 557 603 668 717 728 806 828 858 940 967 999
14 84 122 176 207 266 312 341 379 412 453 523 580 628 644 698 727 804 828 889 912 984 990
40 50 127 173 200 251 299 355 393 424 473 523 571 624 659 685 760 773 851 897 904 966 1018
41 83 130 177 194 267 287 319 349 443 462 534 581 613 671 695 761 803 852 864 907 968 996
11 85 96 163 205 257 294 356 371 426 458 497 577 625 654 685 762 798 833 884 908 959 993
31 60 119 155 223 268 279 346 389 440 489 506 582 629 641 718 744 775 848 895 907 957 991
10 61 103 164 213 248 313 352 397 447 485 518 547 609 631 704 754 805 831 856 935 962 993
8 66 129 174 221 259 293 354 393 448 490 527 548 617 665 701 751 788 839 855 936 959 995
21 71 120 160 207 263 306 356 363 399 491 526 553 602 672 681 753 773 814 875 902 974 0
34 63 124 126 224 269 313 351 403 439 488 533 557 589 640 683 744 807 850 873 905 972 0
26 48 113 165 183 261 313 332 395 444 466 535 574 621 671 701 763 782 853 868 917 953 1019
32 86 90 143 202 253 280 335 385 439 485 536 580 588 669 689 722 766 842 874 933 985 1017
12 49 91 148 225 229 295 350 392 394 460 516 578 608 660 706 738 789 846 894 906 976 1000
17 52 96 132 211 255 306 322 404 410 484 537 582 589 645 689 735 776 852 881 920 967 1021
35 80 106 141 212 220 314 357 405 444 461 537 583 609 667 713 721 799 812 877 939 973 1009
30 68 135 149 215 261 302 338 399 442 467 530 566 609 642 714 732 801 851 898 903 952 1023
42 69 96 164 216 270 289 323 401 444 489 538 557 630 665 693 743 764 844 889 901 986 1017
21 58 115 173 225 231 281 353 367 430 487 497 580 586 656 718 721 808 827 879 940 980 1023
9 77 100 171 196 270 297 319 382 400 492 529 584 622 647 680 722 795 850 891 904 958 1020
41 47 120 157 185 264 290 357 375 428 466 530 585 593 643 715 727 809 822 897 924 987 1016
43 60 104 151 211 254 309 341 394 409 481 531 573 624 673 702 742 781 813 892 924 977 0
40 63 121 178 215 232 312 358 404 437 493 526 574 619 650 715 762 777 818 895 937 962 0
23 65 134 172 206 267 315 323 379 410 457 497 578 596 662 719 759 796 839 888 941 982 0
27 79 114 145 198 271 296 316 403 433 491 509 561 625 671 686 746 786 845 872 939 977 1007
15 72 131 139 189 240 307 349 399 417 479 499 555 605 674 704 725 777 824 863 942 984 1002
9 75 116 164 214 272 311 333 398 411 494 508 565 587 660 688 740 790 854 899 919 970 0
1 87 128 179 209 246 264 359 379 425 472 515 571 621 652 713 762 791 842 890 943 958 0
24 73 134 152 207 260 311 325 404 423 439 538 581 624 651 704 758 809 829 887 927 988 1004
10 84 136 158 223 264 283 325 400 446 476 533 556 625 637 719 736 779 846 878 944 979 992
40 56 130 179 211 244 296 343 374 446 495 536 565 612 672 703 733 784 817 898 945 989 1019
42 79 106 167 210 266 298 326 387 427 493 539 556 599 640 714 749 767 814 900 941 985 1020
36 86 109 161 201 269 278 359 390 428 458 512 558 597 649 684 720 775 852 868 937 988 1007
44 88 118 162 182 252 288 336 403 438 470 498 572 620 673 712 726 776 830 897 941 949 1004
39 78 132 146 217 241 316 331 392 426 457 510 570 606 659 718 722 810 847 892 915 978 994
25 59 118 177 215 245 248 332 383 398 469 529 560 628 670 687 760 774 834 888 930 961 0
37 83 102 169 183 250 307 328 402 448 464 517 562 607 672 718 754 800 812 899 943 987 0
28 86 92 180 216 268 283 344 392 449 490 524 564 594 666 705 741 802 851 890 925 974 1008
45 56 97 176 202 273 295 360 365 436 492 519 564 596 671 676 743 800 841 885 910 965 0
30 80 102 162 186 265 315 359 374 450 489 527 581 616 664 716 763 805 822 882 940 979 0
30 76 105 154 187 254 275 352 386 418 460 515 569 626 669 703 736 807 849 876 927 948 0
3 85 128 168 191 236 305 337 401 447 465 535 584 614 635 716 761 809 851 857 941 965 1003
19 68 104 176 204 243 296 347 406 443 463 532 584 627 657 711 763 810 820 860 923 969 1002
32 74 105 175 196 242 312 331 402 416 486 514 579 602 664 702 747 771 820 887 921 989 0
44 72 97 158 220 260 302 339 374 409 466 517 582 623 646 684 760 806 836 889 926 959 1011
41 49 112 163 181 266 305 358 405 422 490 525 576 616 662 703 757 766 832 896 914 970 1022
2 84 108 142 187 272 277 324 404 451 477 531 546 621 675 685 721 806 831 885 918 963 998
8 88 104 175 210 227 304 335 389 435 452 535 575 600 675 696 731 803 841 872 913 987 1018
24 55 98 166 201 268 282 337 391 432 452 540 579 622 632 692 750 788 842 899 931 981 1010
42 46 133 178 188 272 303 317 407 418 495 532 570 592 647 692 761 768 840 874 925 977 1011
31 89 128 160 188 269 288 326 408 434 478 505 545 618 648 706 723 778 853 898 926 983 0
13 89 136 180 197 238 300 323 377 419 468 539 563 593 631 691 752 776 840 895 903 965 999
36 71 101 142 189 273 288 325 382 431 487 517 551 615 641 695 742 767 832 874 936 975 1021
7 74 137 170 195 248 306 353 372 440 475 540 566 604 666 691 761 779 815 866 909 947 994
15 67 122 174 226 274 292 356 378 421 483 534 567 623 641 688 736 782 815 891 932 986 1005
28 65 126 179 227 239 292 345 377 415 480 502 548 602 648 698 735 809 848 886 915 968 0
44 79 94 138 222 247 317 333 367 414 496 524 544 627 635 707 764 804 853 893 910 988 1014
25 87 108 145 192 262 291 320 384 395 494 495 573 594 674 712 751 785 841 893 926 973 993
42 73 93 129 218 229 244 357 403 440 480 501 568 627 664 694 729 797 843 883 934 956 0
41 70 117 178 222 236 314 360 364 427 464 506 571 600 649 708 765 807 839 891 919 989 0
37 71 124 158 204 251 298 361 405 425 494 518 575 626 661 690 765 786 834 870 942 981 0
12 80 134 147 202 245 312 356 366 396 481 508 549 591 674 717 745 808 845 855 909 981 1020
16 89 125 181 200 270 285 327 384 451 459 537 570 628 634 720 748 779 836 872 946 955 1016
10 86 132 160 221 232 276 330 394 420 488 502 560 611 638 713 728 770 830 883 946 984 996
43 90 138 156 225 237 303 361 365 438 462 506 583 598 655 682 763 793 855 887 930 971 0
2 65 114 153 195 268 310 351 405 424 492 530 543 619 651 706 740 781 811 880 940 984 0
33 51 122 143 228 262 276 358 361 436 486 521 551 608 649 701 731 806 827 898 943 979 1006
43 64 102 171 201 257 275 345 378 441 478 516 554 601 674 709 734 810 835 880 938 985 991
14 77 117 170 210 225 313 362 407 446 494 519 542 606 646 710 759 792 813 863 911 983 991
16 85 118 144 189 259 314 335 376 429 491 524 585 601 637 677 735 785 850 864 943 948 0
27 56 95 131 212 269 310 337 398 448 483 522 541 599 675 697 745 791 827 862 938 971 0
22 91 116 178 198 239 285 332 373 443 482 540 559 599 639 709 758 796 844 896 942 963 0
20 88 103 142 219 271 317 330 406 429 493 528 576 626 666 682 756 800 843 880 929 986 1001
29 66 110 165 217 273 314 359 383 420 453 503 578 631 658 717 730 803 826 893 902 970 1017
40 81 99 154 223 237 300 340 395 445 456 540 552 596 675 707 766 802 834 886 932 990 1000
20 58 116 141 205 244 301 355 369 408 449 512 581 601 661 708 744 793 856 863 906 946 1014
19 82 98 169 219 236 294 354 368 449 454 539 554 611 669 719 755 769 823 885 909 955 1006
34 46 135 171 190 260 308 336 397 414 463 521 552 604 638 719 753 808 833 896 912 964 0
45 69 127 153 194 258 293 318 375 445 491 537 562 610 650 710 765 795 823 878 903 980 1010
8 83 100 143 197 256 290 355 390 407 481 528 559 630 636 676 757 805 836 869 923 989 0
31 69 105 156 206 228 282 320 393 429 472 531 547 611 667 691 738 794 852 861 942 987 1015
22 76 110 173 219 247 309 344 389 422 485 507 583 610 657 698 724 791 840 858 922 947 998
45 70 101 180 199 250 290 329 373 441 472 534 569 628 668 712 750 787 816 860 945 988 0
26 82 112 174 220 242 316 355 372 451 484 536 556 592 643 690 764 787 843 875 928 969 1013
38 68 125 167 224 262 281 352 366 449 461 516 576 595 658 710 760 794 816 883 944 978 1012
12 50 123 139 191 271 315 360 385 412 490 503 552 592 672 695 731 798 849 900 920 991 1009
34 84 91 177 206 235 307 333 364 432 486 535 582 598 665 694 757 778 811 884 945 950 999
23 87 111 155 208 242 256 322 377 414 487 509 583 607 660 711 725 780 811 878 934 990 1015
44 50 120 169 192 233 239 349 406 410 471 511 586 618 638 720 724 788 854 871 930 972 0
27 85 109 135 223 267 276 354 381 450 453 508 564 630 663 721 756 810 816 900 904 967 0
43 78 101 140 200 235 252 351 370 433 484 521 577 595 667 680 765 789 856 886 921 986 0
38 55 95 175 209 258 300 343 397 451 470 525 577 606 670 678 751 799 829 866 906 985 1005
38 46 107 140 221 234 304 320 378 447 492 511 574 605 673 682 758 797 822 899 945 980 1009
39 57 133 176 203 231 286 348 361 415 482 528 553 605 652 696 738 790 835 897 936 955 0
21 82 131 177 217 270 280 345 386 437 464 513 573 617 662 678 750 792 854 856 925 951 0
45 87 123 181 214 261 301 328 383 435 478 539 542 629 659 716 764 802 831 869 939 949 0
19 62 93 147 194 241 279 317 402 442 474 529 559 585 673 693 759 799 824 862 914 990 0
17 90 135 159 218 274 284 342 363 433 456 502 562 613 637 720 734 772 847 876 922 957 0
37 52 133 141 208 227 299 342 362 428 476 514 584 612 670 688 732 804 855 894 908 978 0
39 89 117 159 187 265 283 350 396 452 493 538 580 607 668 679 755 782 826 870 914 954 1012
7 75 97 151 209 263 287 358 406 434 488 538 575 620 642 717 754 784 819 900 911 976 1015
1 61 100 182 229 251 277 362 408 432 469 525 566 615 658 697 734 780 849 875 937 972 1016
17 88 137 172 224 266 291 344 364 441 467 509 545 629 661 681 762 795 854 868 932 963 995
4 73 136 161 226 227 293 331 363 447 455 536 550 616 663 699 728 808 818 866 924 982 0
26 90 125 150 179 240 308 338 381 448 454 512 585 629 653 686 749 771 846 879 929 973 0
29 57 114 150 190 255 302 334 400 450 495 519 579 617 655 679 742 807 853 884 938 960 1018
