1024 220
3 16
3 3 3 3 3 3 3 3 3 3 3 3 3 3 3 3 3 3 3 3 3 3 3 3 3 3 3 3 3 3 3 3 3 3 3 3 3 3 3 3 3 3 3 3 3 3 3 3 3 3 3 3 3 3 3 3 3 3 3 3 3 3 3 3 3 3 3 3 3 3 3 3 3 3 3 3 3 3 3 3 3 3 3 3 3 3 3 3 3 3 3 3 3 3 3 3 3 3 3 3 3 3 3 3 3 3 3 3 3 3 3 3 3 3 3 3 3 3 3 3 3 3 3 3 3 3 3 3 3 3 3 3 3 3 3 3 3 3 3 3 3 3 3 3 3 3 3 3 3 3 3 3 3 3 3 3 3 3 3 3 3 3 3 3 3 3 3 3 3 3 3 3 3 3 3 3 3 3 3 3 3 3 3 3 3 3 3 3 3 3 3 3 3 3 3 3 3 3 3 3 3 3 3 3 3 3 3 3 3 3 3 3 3 3 3 3 3 3 3 3 3 3 3 3 3 3 3 3 3 3 3 3 3 3 3 3 3 3 3 3 3 3 3 3 3 3 3 3 3 3 3 3 3 3 3 3 3 3 3 3 3 3 3 3 3 3 3 3 3 3 3 3 3 3 3 3 3 3 3 3 3 3 3 3 3 3 3 3 3 3 3 3 3 3 3 3 3 3 3 3 3 3 3 3 3 3 3 3 3 3 3 3 3 3 3 3 3 3 3 3 3 3 3 3 3 3 3 3 3 3 3 3 3 3 3 3 3 3 3 3 3 3 3 3 3 3 3 3 3 3 3 3 3 3 3 3 3 3 3 3 3 3 3 3 3 3 3 3 3 3 3 3 3 3 3 3 3 3 3 3 3 3 3 3 3 3 3 3 3 3 3 3 3 3 3 3 3 3 3 3 3 3 3 3 3 3 3 3 3 3 3 3 3 3 3 3 3 3 3 3 3 3 3 3 3 3 3 3 3 3 3 3 3 3 3 3 3 3 3 3 3 3 3 3 3 3 3 3 3 3 3 3 3 3 3 3 3 3 3 3 3 3 3 3 3 3 3 3 3 3 3 3 3 3 3 3 3 3 3 3 3 3 3 3 3 3 3 3 3 3 3 3 3 3 3 3 3 3 3 3 3 3 3 3 3 3 3 3 3 3 3 3 3 3 3 3 3 3 3 3 3 3 3 3 3 3 3 3 3 3 3 3 3 3 3 3 3 3 3 3 3 3 3 3 3 3 3 3 3 3 3 3 3 3 3 3 3 3 3 3 3 3 3 3 3 3 3 3 3 3 3 3 3 3 3 3 3 3 3 3 3 3 3 3 3 3 3 3 3 3 3 3 3 3 3 3 3 3 3 3 3 3 3 3 3 3 3 3 3 3 3 3 3 3 3 3 3 3 3 3 3 3 3 3 3 3 3 3 3 3 3 3 3 3 3 3 3 3 3 3 3 3 3 3 3 3 3 3 3 3 3 3 3 3 3 3 3 3 3 3 3 3 3 3 3 3 3 3 3 3 3 3 3 3 3 3 3 3 3 3 3 3 3 3 3 3 3 3 3 3 3 3 3 3 3 3 3 3 3 3 3 3 3 3 3 3 3 3 3 3 3 3 3 3 3 3 3 3 3 3 3 3 3 3 3 3 3 3 3 3 3 3 3 3 3 3 3 3 3 3 3 3 3 3 3 3 3 3 3 3 3 3 3 3 3 3 3 3 3 3 3 3 3 3 3 3 3 3 3 3 3 3 3 3 3 3 3 3 3 3 3 3 3 3 3 3 3 3 3 3 3 3 3 3 3 3 3 3 3 3 3 3 3 3 3 3 3 3 3 3 3 3 3 3 3 3 3 3 3 3 3 3 3 3 3 3 3 3 3 3 3 3 3 3 3 3 3 3 3 3 3 3 3 3 3 3 3 3 3 3 3 3 3 3 3 3 3 3 3 3 3 3 3 3 3 3 3 3 3 3 3 3 3 3 3 3 3 3 3 3 3 3 3 3 3 3 3 3 3 3 3 3 3 3 3 3 3 3 3 3 3 3 3 3 3 3 3 3 3 3 3 3 3 3 3 3 3 3 3 3 3 3 3 3 3 3 3 3 3 3 3 3 3 3 3 3 3 3 3 3 3 3 3 3 3 3 3 3 3 3 3 3 3 3 3 3 3 3 3 3 3 3 3 3 3 3 3 3 3 3 3 3 3 3 3 3 3 3 3 3 3 3 3 3 3 3 3 3 3 3 3 3 3 3 3 3 3 3 3 3 3 3 3 3 3 3 3 3 3 3 3 3 3 3 3 3 3 3 3 3 3 3 3 3
14 14 14 14 14 14 14 14 14 14 14 14 14 14 14 14 14 15 14 14 14 14 14 14 14 14 15 14 14 15 14 14 14 14 14 14 14 14 14 16 14 14 14 14 14 14 14 14 14 14 14 14 14 14 14 14 15 14 14 14 14 14 14 14 14 15 14 14 14 14 14 14 14 14 14 14 14 14 14 14 14 14 14 14 14 14 14 14 14 14 14 14 14 15 14 14 14 14 14 14 14 14 14 14 14 14 14 14 14 14 14 14 14 15 14 14 14 14 14 14 14 14 14 14 14 14 14 14 14 14 14 14 14 14 14 14 14 14 14 14 14 13 14 14 14 13 14 14 14 13 13 14 15 14 14 13 14 14 14 14 14 13 13 14 14 14 16 13 14 13 14 13 15 14 14 14 13 14 13 14 14 13 14 13 14 14 14 14 14 15 13 14 14 14 14 14 13 14 15 13 14 14 14 13 14 14 13 14 14 14 13 14 13 13 14 14 14 13 14 14
1 85 124
2 171 216
3 75 148
4 21 142
5 60 218
6 28 61
7 42 56
8 17 40
9 13 53
10 57 156
11 102 214
12 149 188
14 115 123
15 39 100
16 127 169
18 24 98
19 82 166
20 109 196
22 33 154
23 67 70
25 95 175
26 79 122
27 158 176
29 58 168
30 210 215
31 87 111
32 35 96
34 144 209
36 179 185
37 52 184
38 116 208
41 105 180
43 77 191
44 73 121
45 152 198
46 83 128
47 86 137
48 108 162
49 193 219
50 126 201
51 139 178
54 94 161
55 183 220
59 64 114
62 141 145
63 104 190
65 146 159
66 76 112
68 69 81
71 173 186
72 107 197
74 89 91
78 110 131
80 88 157
84 138 167
90 202 212
92 194 205
93 135 213
97 182 206
99 125 129
101 150 170
103 118 119
106 153 163
113 164 203
117 151 172
120 147 195
130 136 140
132 133 199
134 204 211
143 174 187
155 160 165
177 189 200
181 192 207
88 143 217
1 193 197
2 24 168
3 12 29
4 99 211
5 22 47
6 25 53
7 41 89
8 146 202
9 79 125
10 153 175
11 201 219
13 19 97
14 113 194
15 31 69
16 110 161
17 163 185
18 48 176
20 212 214
21 83 127
23 35 124
26 58 198
27 56 165
28 44 173
30 118 155
32 43 218
33 64 208
34 60 68
36 80 207
37 63 215
38 66 199
39 93 200
40 101 167
42 141 183
45 92 136
46 151 178
49 120 190
50 117 213
51 91 133
52 59 71
54 77 187
55 150 164
57 87 180
61 70 220
62 78 189
65 86 149
67 128 192
72 112 216
73 81 196
74 159 206
75 131 195
76 119 217
82 123 174
84 184 204
85 130 158
90 94 162
95 139 147
96 106 210
98 121 172
100 114 166
102 116 129
103 135 188
104 115 137
105 134 148
107 111 170
108 144 203
109 145 157
122 181 209
126 179 205
132 140 177
138 152 191
115 142 171
154 160 169
98 156 182
130 149 186
1 19 36
2 68 183
3 38 106
4 32 200
5 13 90
6 41 119
7 191 219
8 93 120
9 37 145
10 54 55
11 30 144
12 77 128
14 20 91
15 27 66
16 73 193
17 59 83
18 174 184
21 25 158
22 170 178
23 84 160
24 147 205
26 111 159
28 104 116
29 157 169
31 126 187
33 156 189
34 133 204
35 172 212
39 61 206
40 194 217
42 82 136
43 112 203
44 122 165
45 103 153
46 108 141
47 110 163
48 107 135
49 87 99
50 71 76
51 94 173
52 74 175
53 151 152
56 80 202
57 207 218
58 114 164
60 92 197
62 126 134
63 69 192
64 188 196
65 155 179
67 123 146
70 132 201
72 89 210
75 97 113
78 167 181
79 96 139
81 162 195
85 131 215
86 211 220
88 95 177
100 129 161
101 102 182
105 121 140
39 109 209
117 171 207
2 118 125
124 143 198
127 150 199
137 176 180
138 142 162
148 214 216
82 154 213
133 166 190
78 91 168
28 185 203
97 186 208
1 55 151
3 8 60
4 58 186
5 100 201
6 154 197
7 64 95
9 140 146
10 83 109
11 21 184
12 49 74
13 76 192
14 153 165
15 96 152
16 67 175
17 85 129
18 106 159
19 29 139
20 31 47
22 105 183
23 87 145
24 46 215
25 50 167
26 158 194
27 120 214
30 57 199
32 101 176
33 36 125
34 123 172
35 81 116
37 43 86
38 122 141
40 73 220
41 117 161
42 65 200
44 131 150
45 102 157
48 70 80
51 99 143
52 115 178
53 56 110
54 66 92
59 138 205
61 62 218
63 107 179
68 88 149
69 84 103
71 144 202
72 187 195
75 191 213
77 118 121
79 137 219
89 90 104
93 168 180
94 134 188
98 112 169
108 119 182
111 171 189
113 181 211
114 148 160
124 156 190
127 147 198
128 166 212
130 170 209
132 142 163
35 135 164
136 204 210
155 174 208
67 173 216
14 177 193
185 196 198
125 206 212
142 215 217
1 43 122
2 113 201
3 53 156
4 69 98
5 83 135
6 149 214
7 60 173
8 112 178
9 101 188
10 28 204
11 107 110
12 117 194
13 187 200
15 33 40
16 104 130
17 172 219
18 50 196
19 30 167
20 38 138
21 36 89
22 45 49
23 54 144
24 193 202
25 43 133
26 80 105
27 59 143
29 31 140
32 46 148
34 97 180
37 155 161
39 163 169
41 106 109
42 127 192
44 48 166
47 118 124
51 160 207
52 100 121
55 63 182
56 116 126
57 81 146
58 119 123
61 64 215
62 137 164
65 75 217
66 168 195
68 114 151
70 120 153
71 96 183
72 100 141
73 93 139
74 82 203
76 111 204
77 90 170
78 128 136
79 84 131
85 108 216
86 92 129
87 95 174
88 94 206
91 145 220
99 150 210
102 213 218
103 189 211
115 157 199
132 151 158
134 152 176
147 154 209
5 159 186
162 175 185
165 182 205
166 171 179
63 177 191
174 181 197
29 184 190
16 120 208
1 111 188
2 109 176
3 137 165
4 196 197
6 17 45
7 124 195
8 95 118
9 49 158
10 12 112
11 51 55
13 24 153
14 125 218
15 123 205
18 78 129
19 27 209
20 207 217
21 62 159
22 67 155
23 149 178
25 48 206
26 30 53
28 107 168
31 92 203
32 34 110
33 102 173
35 191 216
36 152 200
37 80 93
38 154 201
39 50 91
40 177 186
41 150 162
42 134 157
44 126 180
46 65 79
47 141 175
52 75 163
54 192 208
56 106 181
57 130 142
58 61 87
59 98 116
60 198 220
64 187 190
66 135 210
68 193 211
69 108 136
70 167 212
71 104 189
72 128 199
73 119 133
74 101 143
76 85 89
77 82 156
81 170 213
83 97 183
84 113 202
86 94 147
88 121 144
90 103 145
96 117 184
99 138 169
105 139 164
114 127 194
115 148 185
122 132 214
131 140 179
146 171 219
159 160 172
36 71 161
1 91 147
2 15 204
3 55 84
4 124 139
5 42 184
6 63 78
7 24 31
8 79 130
9 16 106
10 114 122
11 123 176
12 154 185
13 133 149
14 80 141
17 66 140
18 97 132
19 47 205
20 28 103
21 108 193
22 35 61
23 25 100
26 175 212
27 177 196
29 57 197
30 75 90
32 72 155
33 70 131
34 50 153
37 169 171
38 40 49
39 183 194
41 68 82
43 88 163
44 96 192
45 142 160
46 54 89
48 92 189
51 77 113
52 136 187
53 109 143
56 86 87
58 167 179
59 65 168
60 164 208
62 178 191
64 112 129
67 137 200
69 83 102
73 174 216
74 165 199
76 146 209
81 125 215
85 107 152
93 138 203
94 119 210
95 134 150
98 145 166
99 121 188
101 161 190
104 135 181
105 127 201
110 198 207
111 195 220
115 173 211
116 128 144
117 156 157
118 126 151
120 172 217
148 170 206
158 182 202
162 186 219
180 193 214
10 186 213
128 196 218
1 116 119
2 62 217
3 101 132
4 66 88
5 28 169
6 146 184
7 100 207
8 63 188
9 77 214
11 46 211
12 48 208
13 20 179
14 126 135
15 99 148
16 58 75
17 67 182
18 120 144
19 35 201
21 22 122
23 102 140
24 157 170
25 81 155
26 149 161
27 91 215
29 103 158
30 134 153
31 114 218
32 41 113
33 72 93
34 152 195
36 69 143
37 150 205
38 65 85
39 90 198
40 171 180
42 61 139
43 84 104
44 45 89
47 54 216
49 78 123
50 80 136
51 108 213
52 60 109
53 162 183
55 64 212
56 76 138
57 71 166
59 117 130
68 175 191
70 94 194
73 151 206
74 86 142
79 98 187
82 168 219
83 110 177
87 173 209
92 141 172
95 156 192
96 118 203
97 185 189
105 107 125
106 133 164
111 163 167
112 176 181
115 131 197
121 199 200
124 165 210
127 174 178
129 145 154
137 194 204
77 147 159
160 190 220
115 143 202
1 18 138
2 17 104
3 59 80
4 28 117
5 101 195
6 46 71
7 144 148
8 204 206
9 44 213
10 56 73
11 41 98
12 47 146
13 154 210
14 96 169
15 30 60
16 103 187
19 88 160
20 178 190
21 31 120
22 29 217
23 75 205
24 119 185
25 33 198
26 63 211
27 72 163
32 95 220
34 42 125
35 94 189
36 150 214
37 167 173
38 83 134
39 49 179
40 135 175
43 67 107
45 97 161
48 209 218
50 79 216
51 65 153
52 66 87
53 130 164
54 180 184
55 157 174
57 91 172
58 85 109
61 69 133
62 192 202
64 170 201
68 137 140
70 112 193
74 105 116
76 132 197
78 139 155
81 86 182
82 99 110
84 92 186
89 156 176
90 99 126
93 101 114
100 111 215
102 106 171
108 147 212
113 196 210
118 131 149
121 162 181
122 129 200
123 124 183
127 145 203
103 128 219
136 151 208
141 142 188
152 159 166
158 191 220
90 165 168
148 177 181
31 35 199
27 164 207
1 83 146
2 12 177
3 73 209
4 48 191
5 144 151
6 187 194
7 96 179
8 91 162
9 172 198
10 32 140
11 74 192
13 78 203
14 54 111
15 116 132
16 46 124
17 26 218
18 149 207
19 65 112
20 43 136
21 34 63
22 59 204
23 42 196
24 40 155
25 168 211
28 79 123
29 129 175
30 190 206
33 108 134
36 75 128
37 76 82
38 61 161
39 174 188
41 147 158
44 47 130
3 45 125
49 60 98
50 55 142
51 72 137
52 107 120
53 103 216
56 101 185
57 143 201
58 125 178
59 62 197
64 110 119
42 66 171
67 126 215
68 87 128
69 105 163
70 81 89
71 77 93
80 186 190
84 166 217
85 95 97
86 152 201
88 164 184
92 106 170
94 122 169
100 139 176
39 102 118
87 104 153
109 160 189
21 113 157
13 114 173
41 115 208
117 133 202
85 121 205
127 176 213
131 141 206
135 178 182
105 138 156
15 145 193
104 150 159
43 154 180
151 165 167
183 199 214
10 37 195
130 200 212
101 215 219
1 148 187
2 167 187
4 9 201
5 189 214
6 90 112
7 22 50
8 110 157
11 81 200
12 34 100
14 86 121
16 91 134
17 20 94
18 58 72
19 195 202
23 28 40
24 137 188
25 96 217
26 91 184
27 119 159
29 70 83
30 93 140
31 65 210
32 45 168
33 165 191
35 52 193
36 66 73
38 118 166
44 111 143
46 133 138
47 113 116
48 140 161
49 84 127
51 83 92
53 92 169
54 78 152
55 120 185
56 69 77
57 194 216
60 117 122
61 177 205
62 81 173
63 66 114
64 146 211
38 67 198
68 107 142
70 71 174
74 79 189
75 139 204
76 160 175
80 99 147
82 115 220
88 212 219
89 183 218
28 95 106
97 145 199
98 134 209
102 139 172
108 132 155
109 116 149
123 170 207
124 159 180
126 163 186
129 156 179
131 135 153
90 95 136
141 158 197
29 144 150
111 154 182
15 43 162
158 171 203
23 119 181
1 40 192
123 161 196
121 168 208
88 179 213
2 144 198
3 4 111
5 79 142
6 51 215
7 84 151
8 13 105
9 55 168
10 18 115
11 136 188
12 102 138
14 19 198
16 132 218
17 166 170
20 68 159
21 118 148
22 188 203
24 122 190
25 186 196
26 82 120
27 48 211
30 171 183
31 117 182
32 76 98
33 35 86
34 156 206
36 153 173
37 113 212
39 128 164
41 66 167
42 104 178
44 112 147
45 77 209
46 57 129
47 75 133
49 71 97
50 199 202
52 53 154
54 58 74
56 172 220
39 59 108
60 77 217
61 162 192
62 131 210
63 174 176
64 180 213
65 110 194
67 157 195
69 94 109
72 145 146
73 107 143
78 141 169
80 103 204
85 127 211
87 96 124
89 100 177
93 106 193
99 165 184
114 163 202
125 135 205
126 152 160
130 150 185
137 144 216
55 149 191
155 214 219
175 176 197
31 181 208
87 200 207
1 34 90
2 44 175
3 170 203
4 91 166
5 10 41
6 100 135
7 130 145
8 128 160
9 69 204
11 147 217
12 30 122
13 21 40
14 22 94
15 51 95
16 38 88
17 50 139
18 208 212
19 104 108
20 72 167
23 63 96
24 56 152
25 103 105
26 81 216
27 101 157
28 30 86
29 172 173
32 80 165
33 76 186
35 92 99
36 67 194
37 57 148
42 163 191
43 174 213
45 164 192
46 97 150
47 71 134
22 48 187
49 72 129
52 119 126
53 65 102
54 62 68
58 136 158
59 123 199
60 171 177
61 113 219
64 153 179
70 121 171
73 189 207
74 195 209
75 151 201
78 143 186
79 196 220
46 82 180
83 115 155
84 137 161
85 93 112
89 149 169
98 109 210
106 142 155
94 107 133
66 110 218
114 117 131
116 120 184
118 196 205
114 124 197
125 185 199
127 146 206
87 132 182
138 153 214
140 154 183
77 141 178
156 181 193
114 162 190
26 131 200
117 181 215
1 24 199
2 141 161
3 88 126
4 52 153
5 73 85
6 80 95
7 78 149
8 35 159
9 119 208
10 92 198
11 104 169
12 176 220
13 57 113
14 130 144
15 102 212
16 86 107
17 115 174
18 167 194
19 54 106
20 48 210
21 56 195
23 125 219
25 28 137
27 124 178
29 41 43
31 37 143
32 40 120
33 101 166
34 38 202
36 39 145
42 96 193
44 58 148
45 62 167
47 63 160
49 81 175
50 108 180
51 70 158
18 53 215
55 100 190
59 89 157
60 71 138
61 152 165
64 74 134
65 105 205
67 164 190
68 98 139
69 122 154
75 91 129
30 76 187
66 79 185
82 94 201
83 133 216
27 84 121
90 132 192
93 123 206
97 173 188
99 103 183
40 109 118
110 173 217
111 127 128
112 140 189
116 147 167
57 135 209
40 136 203
1 75 149 225 297 372 442 516 589 665 744 815 886 961 0 0
2 76 150 214 298 373 443 517 590 666 745 819 887 962 0 0
3 77 151 226 299 374 444 518 591 667 699 820 888 963 0 0
4 78 152 227 300 375 445 519 592 668 746 820 889 964 0 0
5 79 153 228 301 364 446 520 593 669 747 821 890 965 0 0
6 80 154 229 302 376 447 521 594 670 748 822 891 966 0 0
7 81 155 230 303 377 448 522 595 671 749 823 892 967 0 0
8 82 156 226 304 378 449 523 596 672 750 824 893 968 0 0
9 83 157 231 305 379 450 524 597 673 746 825 894 969 0 0
10 84 158 232 306 380 451 514 598 674 741 826 890 970 0 0
11 85 159 233 307 381 452 525 599 675 751 827 895 971 0 0
12 77 160 234 308 380 453 526 600 666 752 828 896 972 0 0
9 86 153 235 309 382 454 527 601 676 728 824 897 973 0 0
13 87 161 236 293 383 455 528 602 677 753 829 898 974 0 0
14 88 162 237 310 384 443 529 603 678 736 812 899 975 0 0
15 89 163 238 311 371 450 530 604 679 754 830 900 976 0 0
8 90 164 239 312 376 456 531 590 680 755 831 901 977 0 0
16 91 165 240 313 385 457 532 589 681 756 826 902 978 998 0
17 86 149 241 314 386 458 533 605 682 757 829 903 979 0 0
18 92 161 242 315 387 459 527 606 683 755 832 904 980 0 0
4 93 166 233 316 388 460 534 607 684 727 833 897 981 0 0
19 79 167 243 317 389 461 534 608 685 749 834 898 922 0 0
20 94 168 244 318 390 462 535 609 686 758 814 905 982 0 0
16 76 169 245 319 382 448 536 610 687 759 835 906 961 0 0
21 80 166 246 320 391 462 537 611 688 760 836 907 983 0 0
22 95 170 247 321 392 463 538 612 680 761 837 908 959 0 0
23 96 162 248 322 386 464 539 613 664 762 838 909 984 1013 0
6 97 171 223 306 393 459 520 592 689 758 797 910 983 0 0
24 77 172 241 323 370 465 540 608 690 763 810 911 985 0 0
25 98 159 249 314 392 466 541 603 691 764 839 896 910 1009 0
26 88 173 242 323 394 448 542 607 663 765 840 884 986 0 0
27 99 152 250 324 395 467 543 614 674 766 841 912 987 0 0
19 100 174 251 310 396 468 544 611 692 767 842 913 988 0 0
28 101 175 252 325 395 469 545 615 684 752 843 886 989 0 0
27 94 176 253 289 397 461 533 616 663 768 842 914 968 0 0
29 102 149 251 316 398 441 546 617 693 769 844 915 990 0 0
30 103 157 254 326 399 470 547 618 694 741 845 916 986 0 0
31 104 151 255 315 400 471 548 619 695 770 787 900 989 0 0
14 105 177 212 327 401 472 549 620 696 724 846 858 990 0 0
8 106 178 256 310 402 471 550 621 687 758 815 897 987 1018 1024
32 81 154 257 328 403 473 543 599 697 729 847 890 985 0 0
7 107 179 258 329 404 446 551 615 686 710 848 917 991 0 0
33 99 180 254 297 320 474 552 622 683 738 812 918 985 0 0
34 97 181 259 330 405 475 553 597 698 771 849 887 992 0 0
35 108 182 260 317 376 476 553 623 699 766 850 919 993 0 0
36 109 183 245 324 406 477 525 594 679 772 851 920 938 0 0
37 79 184 242 331 407 458 554 600 698 773 852 921 994 0 0
38 91 185 261 330 391 478 526 624 668 774 838 922 980 0 0
39 110 186 234 317 379 471 555 620 700 775 853 923 995 0 0
40 111 187 246 313 401 469 556 625 701 749 854 901 996 0 0
41 112 188 262 332 381 479 557 626 702 776 822 899 997 0 0
30 113 189 263 333 408 480 558 627 703 768 855 924 964 0 0
9 80 190 264 299 392 481 559 628 704 777 855 925 998 0 0
42 114 158 265 318 409 477 554 629 677 778 856 926 979 0 0
43 115 158 225 334 381 444 560 630 701 779 825 881 999 0 0
7 96 191 264 335 410 482 561 598 705 780 857 906 981 0 0
10 116 192 249 336 411 465 562 631 706 781 851 916 973 1023 0
24 95 193 227 337 412 483 530 632 707 756 856 927 992 0 0
44 113 164 266 322 413 484 563 591 685 708 858 928 1000 0 0
5 101 194 226 303 414 485 558 603 700 782 859 929 1001 0 0
6 117 177 267 338 412 461 551 633 695 783 860 930 1002 0 0
45 118 195 267 339 388 486 517 634 708 784 861 926 993 0 0
46 103 196 268 334 368 447 523 612 684 785 862 905 994 0 0
44 100 197 230 338 415 487 560 635 709 786 863 931 1003 0 0
47 119 198 258 340 406 484 548 626 682 765 864 925 1004 0 0
48 104 162 265 341 416 456 519 627 710 769 785 847 946 1010 0
20 120 199 238 292 389 488 531 622 711 787 865 915 1005 0 0
49 101 150 269 342 417 473 564 636 712 788 832 926 1006 0 0
49 88 196 270 300 418 489 546 633 713 780 866 894 1007 0 0
20 117 200 261 343 419 468 565 637 714 763 789 932 997 0 0
50 113 187 271 344 420 441 562 594 715 789 853 921 1001 0 0
51 121 201 272 345 421 467 544 613 702 756 867 904 923 0 0
34 122 163 256 346 422 490 566 598 667 769 868 933 965 0 0
52 123 189 234 347 423 491 567 638 675 790 856 934 1003 0 0
3 124 202 273 340 408 466 530 609 693 791 852 935 1008 0 0
48 125 187 235 348 424 492 561 639 694 792 841 913 1009 0 0
33 114 160 274 349 425 479 524 586 715 780 850 859 956 0 0
53 118 203 222 350 385 447 555 640 676 778 869 936 967 0 0
22 83 204 275 351 406 449 568 625 689 790 821 937 1010 0 0
54 102 191 261 321 399 455 556 591 716 793 870 912 966 0 0
49 122 205 253 336 426 493 537 641 714 751 784 908 995 0 0
17 126 179 220 347 425 473 569 642 694 794 837 938 1011 0 0
36 93 164 232 301 427 489 570 619 665 763 776 939 1012 0 0
55 127 168 270 351 428 444 552 643 717 775 823 940 1013 0 0
1 128 206 239 352 424 494 548 632 718 731 871 941 965 0 0
37 119 207 254 353 429 482 567 641 719 753 842 910 976 0 0
26 116 186 244 354 412 482 571 627 712 725 872 885 953 0 0
54 74 208 269 355 430 474 519 605 720 795 818 900 963 0 0
52 81 201 276 316 424 477 553 644 714 796 873 942 1000 0 0
56 129 153 276 349 431 466 549 645 661 748 808 886 1014 0 0
52 112 161 222 356 401 442 539 631 672 754 761 889 1008 0 0
57 108 194 265 353 394 478 572 643 721 776 777 914 970 0 0
58 105 156 277 346 399 495 544 646 715 764 874 941 1015 0 0
42 129 188 278 355 429 496 565 616 722 755 866 898 945 1011 0
21 130 208 230 354 378 497 573 614 718 797 808 899 966 0 0
27 131 204 237 344 432 475 574 602 671 760 872 905 991 0 0
59 86 202 224 325 427 457 575 623 718 798 853 920 1016 0 0
16 132 147 279 300 413 498 568 599 700 799 841 943 1006 0 0
60 78 186 262 357 433 499 529 642 645 793 875 914 1017 0 0
14 133 209 228 333 345 462 522 647 723 752 873 891 999 0 0
61 106 210 250 305 423 500 518 593 646 705 743 909 988 0 0
11 134 210 260 358 396 489 535 648 724 800 828 925 975 0 0
62 135 182 270 359 431 459 540 604 656 704 870 907 1017 0 0
46 136 171 276 311 420 501 552 590 725 737 848 903 971 0 0
32 137 211 243 321 434 502 576 638 713 735 824 907 1004 0 0
63 131 151 240 328 410 450 577 648 721 797 874 944 979 0 0
51 138 185 268 307 393 494 576 622 703 788 868 945 976 0 0
38 139 183 280 352 418 460 557 649 692 801 858 903 996 0 0
18 140 212 232 328 373 481 558 632 726 802 866 943 1018 0 0
53 89 184 264 307 395 503 570 642 709 750 864 946 1019 0 0
26 138 170 281 348 372 504 578 647 677 771 811 820 1020 0 0
48 121 180 279 304 380 487 579 637 682 748 849 941 1021 0 0
64 87 202 282 298 428 479 543 650 727 773 845 930 973 0 0
44 133 193 283 342 435 451 542 646 728 785 876 947 950 958 0
13 136 145 263 360 436 505 580 588 729 794 826 939 977 0 0
31 134 171 253 335 413 506 516 638 678 773 802 948 1022 0 0
65 111 213 257 308 432 507 563 592 730 782 840 947 960 0 0
62 98 214 274 331 378 508 574 651 724 770 833 949 1018 0 0
62 125 154 280 337 422 496 516 610 709 762 814 924 969 0 0
66 110 156 248 343 371 509 532 607 703 779 837 948 987 0 0
34 132 211 274 333 430 499 581 652 731 753 817 932 1013 0 0
22 141 181 255 297 437 451 534 653 722 782 835 896 1007 0 0
13 126 199 252 337 384 452 555 654 689 803 816 928 1015 0 0
1 94 215 284 331 377 445 582 654 679 804 872 950 984 0 0
60 83 214 251 295 383 493 576 615 699 707 877 951 982 0 0
40 142 173 195 335 405 508 528 645 711 805 878 924 963 0 0
15 93 216 285 329 435 502 583 655 732 775 871 952 1020 0 0
36 120 160 286 350 421 506 515 656 693 712 846 893 1020 0 0
60 134 209 239 353 385 487 584 653 690 806 851 923 1008 0 0
67 128 148 287 311 411 449 563 628 698 742 879 892 974 0 0
53 124 206 259 351 438 468 580 651 733 807 861 947 959 0 0
68 143 200 288 361 437 457 518 639 678 801 830 953 1014 0 0
68 112 175 221 320 422 454 577 633 730 772 852 945 1012 0 0
69 137 195 278 362 404 497 541 619 692 754 799 921 1003 0 0
58 135 185 289 301 416 501 528 621 734 807 877 891 1023 0 0
67 108 179 290 350 418 480 556 657 683 808 827 927 1024 0 0
37 136 217 275 339 374 488 585 636 702 759 880 940 983 0 0
55 144 218 266 315 433 495 561 589 735 772 828 954 1001 0 0
41 130 204 241 346 434 445 551 640 723 791 800 901 1006 0 0
67 143 211 231 323 438 456 535 636 674 764 774 955 1021 0 0
45 107 183 255 345 407 455 572 658 733 809 869 956 962 0 0
4 145 218 288 296 411 476 567 658 701 788 821 944 0 0 0
70 74 215 262 322 423 481 546 588 706 771 868 936 986 0 0
28 139 159 271 318 430 506 532 595 669 810 819 880 974 0 0
45 140 157 244 356 431 498 584 655 736 798 867 892 990 0 0
47 82 199 231 336 439 492 521 600 665 786 867 952 0 0 0
66 130 169 285 363 429 442 586 649 697 793 849 895 1022 0 0
3 137 219 283 324 436 510 529 595 662 744 833 916 992 0 0
12 119 148 269 302 390 454 538 651 681 802 881 942 967 0 0
61 115 216 259 357 403 497 547 617 737 810 879 920 0 0 0
65 109 190 225 342 361 508 566 657 669 739 823 935 0 0 0
35 144 190 237 362 398 494 545 659 719 778 878 906 1002 0 0
63 84 182 236 343 382 469 541 626 725 807 844 931 954 964 0
19 146 220 229 363 400 453 584 601 738 811 855 955 1007 0 0
71 98 198 291 326 389 467 537 640 687 801 882 939 944 0 0
10 147 174 284 299 425 507 573 644 735 806 843 957 0 0 0
54 140 172 260 360 404 507 536 630 727 750 865 909 1000 0 0
23 128 166 247 361 379 511 540 660 697 809 813 927 997 0 0
47 123 170 240 364 388 440 586 659 737 762 804 832 968 0 0
71 146 168 283 332 440 476 587 605 726 792 878 893 994 0 0
42 89 209 257 326 441 500 538 623 695 774 816 940 962 0 0
38 129 205 218 365 403 512 559 652 672 812 860 958 0 0 0
63 90 184 288 327 408 474 578 613 713 805 876 917 0 0 0
64 115 193 289 339 434 485 577 628 664 720 846 919 1005 0 0
71 96 181 236 366 374 491 582 661 739 767 875 912 1002 0 0
17 133 221 286 330 367 498 562 659 717 770 831 889 988 0 0
55 106 203 246 314 419 483 578 618 739 745 847 904 978 993 1022
24 76 222 277 341 393 484 569 661 688 766 817 825 0 0 0
15 146 172 279 327 433 470 520 602 722 777 869 942 971 0 0
61 138 167 287 349 426 510 536 635 721 803 831 888 0 0 0
2 145 213 281 367 439 470 550 648 710 813 839 929 932 0 0
65 132 176 252 312 440 509 572 631 673 800 857 911 0 0 0
50 97 188 292 303 396 505 571 618 728 784 844 911 1016 1019 0
70 126 165 291 354 369 490 583 630 696 789 862 918 977 0 0
21 84 189 238 365 407 463 564 621 690 792 883 887 995 0 0
23 91 217 250 362 373 452 579 644 723 732 862 883 972 0 0
72 143 208 293 368 402 464 570 662 666 783 873 929 0 0 0
41 109 167 263 304 390 486 583 606 707 734 848 956 984 0 0
29 142 198 268 367 438 483 527 620 671 806 818 931 0 0 0
32 116 217 277 325 405 513 550 629 738 804 863 938 996 0 0
73 141 203 282 369 410 501 579 652 662 814 884 957 960 0 0
59 147 210 280 334 366 511 531 641 734 811 840 953 0 0 0
43 107 150 243 344 427 472 559 654 740 796 839 955 1017 0 0
30 127 165 233 370 432 446 521 629 720 761 875 948 0 0 0
29 90 223 294 365 436 453 575 610 705 779 879 951 1010 0 0
50 148 224 227 364 402 512 514 643 716 805 836 913 936 0 0
70 114 173 272 309 415 480 568 604 670 744 745 922 1009 0 0
12 135 197 278 305 372 499 523 658 696 759 827 834 1016 0 0
72 118 174 281 359 420 478 575 616 726 747 790 933 1021 0 0
46 110 221 284 370 415 500 587 606 691 716 835 958 999 1005 0
33 144 155 273 368 397 486 564 660 668 767 881 917 0 0 0
73 120 196 235 329 409 475 573 634 675 815 860 919 1014 0 0
39 75 163 293 319 417 460 513 637 736 768 874 957 991 0 0
57 87 178 247 308 435 472 565 585 670 781 864 915 978 0 0
66 124 205 272 341 377 504 545 593 741 757 865 934 981 0 0
18 122 197 294 313 375 464 515 650 686 816 836 937 949 0 0
51 75 194 229 369 375 465 580 639 708 809 883 950 0 0 0
35 95 215 285 294 414 503 549 611 673 787 819 829 970 0 0
68 104 216 249 360 421 491 581 663 740 798 854 928 951 961 0
72 105 152 258 309 398 488 581 653 742 751 885 959 0 0 0
40 85 200 228 298 400 502 533 635 706 719 746 935 1011 0 0
56 82 191 271 319 428 511 588 634 730 757 854 876 989 0 0
64 139 180 223 347 394 495 574 655 676 813 834 888 1024 0 0
69 127 175 290 306 348 443 585 596 685 791 870 894 0 0 0
57 142 169 266 366 384 458 547 609 731 783 877 949 1004 0 0
59 123 177 295 355 391 510 566 596 691 733 843 952 1015 0 0
73 102 192 213 332 387 503 522 664 681 803 885 933 0 0 0
31 100 224 291 371 409 485 526 657 729 817 884 902 969 0 0
28 141 212 287 363 386 492 571 624 667 799 850 934 1023 0 0
25 131 201 290 357 416 496 582 601 650 765 861 943 980 0 0
69 78 207 282 359 417 505 525 612 688 786 838 871 0 0 0
56 92 176 286 295 419 463 560 649 742 795 845 902 975 0 0
58 111 220 273 358 426 514 557 597 732 818 863 918 0 0 0
11 92 219 248 302 437 513 524 617 740 747 882 954 0 0 0
25 103 206 245 296 338 493 539 647 711 743 822 960 998 0 0
2 121 219 292 352 397 490 554 625 704 781 880 908 1012 0 0
74 125 178 296 340 387 509 517 608 717 760 859 895 1019 0 0
5 99 192 267 358 383 515 542 624 680 796 830 946 0 0 0
39 85 155 275 312 439 512 569 656 743 795 882 930 982 0 0
43 117 207 256 356 414 504 587 614 660 794 857 937 972 0 0
