1024 135
3 23
3 3 3 3 3 3 3 3 3 3 3 3 3 3 3 3 3 3 3 3 3 3 3 3 3 3 3 3 3 3 3 3 3 3 3 3 3 3 3 3 3 3 3 3 3 3 3 3 3 3 3 3 3 3 3 3 3 3 3 3 3 3 3 3 3 3 3 3 3 3 3 3 3 3 3 3 3 3 3 3 3 3 3 3 3 3 3 3 3 3 3 3 3 3 3 3 3 3 3 3 3 3 3 3 3 3 3 3 3 3 3 3 3 3 3 3 3 3 3 3 3 3 3 3 3 3 3 3 3 3 3 3 3 3 3 3 3 3 3 3 3 3 3 3 3 3 3 3 3 3 3 3 3 3 3 3 3 3 3 3 3 3 3 3 3 3 3 3 3 3 3 3 3 3 3 3 3 3 3 3 3 3 3 3 3 3 3 3 3 3 3 3 3 3 3 3 3 3 3 3 3 3 3 3 3 3 3 3 3 3 3 3 3 3 3 3 3 3 3 3 3 3 3 3 3 3 3 3 3 3 3 3 3 3 3 3 3 3 3 3 3 3 3 3 3 3 3 3 3 3 3 3 3 3 3 3 3 3 3 3 3 3 3 3 3 3 3 3 3 3 3 3 3 3 3 3 3 3 3 3 3 3 3 3 3 3 3 3 3 3 3 3 3 3 3 3 3 3 3 3 3 3 3 3 3 3 3 3 3 3 3 3 3 3 3 3 3 3 3 3 3 3 3 3 3 3 3 3 3 3 3 3 3 3 3 3 3 3 3 3 3 3 3 3 3 3 3 3 3 3 3 3 3 3 3 3 3 3 3 3 3 3 3 3 3 3 3 3 3 3 3 3 3 3 3 3 3 3 3 3 3 3 3 3 3 3 3 3 3 3 3 3 3 3 3 3 3 3 3 3 3 3 3 3 3 3 3 3 3 3 3 3 3 3 3 3 3 3 3 3 3 3 3 3 3 3 3 3 3 3 3 3 3 3 3 3 3 3 3 3 3 3 3 3 3 3 3 3 3 3 3 3 3 3 3 3 3 3 3 3 3 3 3 3 3 3 3 3 3 3 3 3 3 3 3 3 3 3 3 3 3 3 3 3 3 3 3 3 3 3 3 3 3 3 3 3 3 3 3 3 3 3 3 3 3 3 3 3 3 3 3 3 3 3 3 3 3 3 3 3 3 3 3 3 3 3 3 3 3 3 3 3 3 3 3 3 3 3 3 3 3 3 3 3 3 3 3 3 3 3 3 3 3 3 3 3 3 3 3 3 3 3 3 3 3 3 3 3 3 3 3 3 3 3 3 3 3 3 3 3 3 3 3 3 3 3 3 3 3 3 3 3 3 3 3 3 3 3 3 3 3 3 3 3 3 3 3 3 3 3 3 3 3 3 3 3 3 3 3 3 3 3 3 3 3 3 3 3 3 3 3 3 3 3 3 3 3 3 3 3 3 3 3 3 3 3 3 3 3 3 3 3 3 3 3 3 3 3 3 3 3 3 3 3 3 3 3 3 3 3 3 3 3 3 3 3 3 3 3 3 3 3 3 3 3 3 3 3 3 3 3 3 3 3 3 3 3 3 3 3 3 3 3 3 3 3 3 3 3 3 3 3 3 3 3 3 3 3 3 3 3 3 3 3 3 3 3 3 3 3 3 3 3 3 3 3 3 3 3 3 3 3 3 3 3 3 3 3 3 3 3 3 3 3 3 3 3 3 3 3 3 3 3 3 3 3 3 3 3 3 3 3 3 3 3 3 3 3 3 3 3 3 3 3 3 3 3 3 3 3 3 3 3 3 3 3 3 3 3 3 3 3 3 3 3 3 3 3 3 3 3 3 3 3 3 3 3 3 3 3 3 3 3 3 3 3 3 3 3 3 3 3 3 3 3 3 3 3 3 3 3 3 3 3 3 3 3 3 3 3 3 3 3 3 3 3 3 3 3 3 3 3 3 3 3 3 3 3 3 3 3 3 3 3 3 3 3 3 3 3 3 3 3 3 3 3 3 3 3 3 3 3 3 3 3 3 3 3 3 3 3 3 3 3 3 3 3 3 3 3 3 3 3 3 3 3 3 3 3 3 3 3 3 3 3 3 3 3 3 3 3 3 3 3 3 3 3 3 3 3 3 3 3 3 3 3 3 3 3 3 3 3 3 3 3 3 3 3 3 3 3 3 3 3 3 3 3 3 3 3 3 3 3 3 3 3 3 3 3 3 3 3 3 3 3 3 3 3 3 3 3 3 3 3 3 3 3 3 3 3 3 3 3 3 3 3 3 3 3 3 3 3 3 3 3 3 3 3 3 3 3 3 3 3
23 23 23 23 23 23 23 23 23 23 23 23 23 23 23 23 23 23 23 23 23 23 23 23 23 23 23 23 23 23 23 23 23 23 23 23 23 23 23 23 23 23 23 23 23 23 23 23 23 22 22 23 23 23 22 23 23 23 23 22 23 23 23 23 23 22 23 23 23 23 22 23 23 23 22 23 23 23 22 23 23 23 22 23 23 22 23 22 23 22 22 23 22 22 22 22 22 23 22 22 23 23 23 22 22 23 22 22 22 22 23 22 22 23 23 23 22 23 23 22 23 23 23 23 23 23 23 23 22 22 23 22 23 23 23
1 52 76
2 105 132
3 46 91
4 14 88
5 38 134
6 19 39
7 28 37
8 13 27
9 12 36
10 42 98
11 67 131
15 94 117
16 74 80
17 31 66
18 82 107
20 23 65
21 58 106
22 73 122
24 32 100
25 51 53
26 69 112
29 59 85
30 103 113
33 49 110
34 129 133
35 64 78
40 41 72
43 97 128
44 115 118
45 54 119
47 84 127
48 81 114
50 68 121
55 63 90
56 102 124
57 75 92
60 79 99
61 89 111
62 123 135
70 96 126
71 101 116
77 87 109
83 120 130
86 93 104
95 108 125
1 37 111
2 70 83
3 13 42
4 5 17
6 96 99
7 36 115
8 19 22
9 34 54
10 12 75
11 60 87
14 113 130
15 110 124
16 56 132
18 104 127
20 43 46
21 64 88
23 32 40
24 68 81
25 78 116
26 63 84
27 69 123
28 59 95
29 86 101
30 48 133
31 33 55
35 67 128
38 41 89
39 50 108
44 94 131
45 53 80
47 52 109
49 57 121
51 62 100
58 73 76
61 97 126
65 102 107
66 85 91
71 92 134
72 93 129
74 103 122
77 119 120
66 79 114
19 82 118
90 98 106
105 112 125
113 117 135
1 56 81
2 92 131
3 24 120
4 107 126
5 27 45
6 90 101
7 63 130
8 59 110
9 76 99
10 61 117
11 93 108
12 23 69
13 52 116
14 40 49
15 79 84
16 36 86
17 67 122
18 28 62
20 58 95
21 77 124
22 51 129
25 33 70
26 35 133
29 119 128
30 82 87
31 109 135
32 47 74
34 71 102
37 60 64
38 46 127
39 80 91
41 106 114
42 105 121
43 48 55
44 53 106
50 73 123
54 88 125
57 97 104
65 78 115
68 94 96
72 96 112
75 85 118
73 83 89
18 35 98
99 100 134
3 103 111
46 132 135
1 19 119
2 23 30
4 42 84
5 117 129
6 49 67
7 32 66
8 43 60
9 33 127
10 102 122
11 12 116
13 21 104
14 71 91
15 39 78
16 61 95
17 20 68
22 109 125
24 34 97
25 56 85
26 86 100
27 70 114
28 72 77
29 65 89
31 64 92
4 36 48
37 53 105
38 87 121
40 45 63
41 52 103
44 69 120
47 50 128
20 51 130
54 62 131
55 93 111
57 76 80
58 79 133
59 94 134
74 110 112
75 108 130
81 101 125
63 82 88
83 98 124
90 107 123
99 113 118
49 115 132
11 106 126
1 23 88
2 39 81
3 26 115
5 56 108
6 38 66
7 41 43
8 68 92
9 14 35
10 79 119
12 21 91
13 37 131
15 40 105
16 83 87
17 78 104
18 53 81
19 25 93
22 36 57
24 75 123
27 76 132
28 70 122
29 74 135
30 47 59
31 107 133
32 48 98
33 45 58
34 60 90
42 55 113
44 64 89
46 102 118
50 86 126
51 61 124
52 65 94
54 69 103
62 84 96
67 77 117
71 110 111
72 82 100
73 114 127
80 101 129
85 120 121
95 116 128
97 112 134
18 109 110
1 90 122
2 74 99
3 33 125
4 51 59
5 86 131
6 69 95
7 15 126
8 107 120
9 63 121
10 64 96
11 48 105
12 53 97
13 50 82
14 56 112
16 37 68
17 87 101
19 84 103
20 49 119
21 40 62
22 79 132
23 34 77
24 25 89
26 52 66
27 39 109
28 38 88
29 114 130
30 46 93
31 115 128
32 61 92
35 72 135
36 45 113
41 71 104
42 67 76
43 73 100
44 57 70
47 58 75
54 106 134
15 55 85
60 124 127
65 91 98
78 83 129
80 111 118
94 108 133
33 72 102
2 116 117
38 80 123
1 11 135
3 16 134
4 41 99
5 23 35
6 13 130
7 27 102
8 88 115
9 61 123
10 40 59
12 83 125
14 24 109
17 75 105
18 89 113
19 32 94
20 86 103
21 111 132
22 26 71
25 50 60
28 49 133
29 57 82
30 78 112
31 53 73
34 42 95
36 62 108
37 39 107
43 121 129
44 55 74
45 52 92
46 110 131
47 90 117
48 76 120
51 69 104
54 116 118
56 84 106
58 81 93
63 70 128
64 85 100
65 79 97
66 93 124
67 82 91
40 68 127
77 114 118
58 87 96
22 37 98
32 101 113
91 119 126
45 85 122
1 33 97
2 104 119
3 62 114
4 77 92
5 19 21
6 18 43
7 67 112
8 89 108
9 28 65
10 101 115
11 57 103
12 29 133
13 61 81
14 95 131
15 34 73
16 75 88
17 44 72
20 71 123
23 106 110
24 63 132
25 48 134
26 39 59
27 64 93
30 53 71
31 86 98
35 101 120
36 46 90
38 51 55
41 50 132
42 70 100
47 54 89
49 84 116
52 60 62
56 99 128
66 117 125
68 69 79
21 74 121
76 125 126
78 111 127
80 96 124
4 83 135
87 94 102
61 105 129
103 107 130
48 109 122
1 59 87
2 63 102
3 23 133
5 49 73
6 24 30
7 58 135
8 9 66
10 25 131
11 24 28
12 50 55
13 31 112
14 79 105
15 20 82
16 65 126
17 19 34
18 80 116
22 27 128
21 26 113
29 37 84
32 56 104
33 52 69
35 51 118
24 36 124
38 60 119
39 97 123
40 47 107
41 53 120
42 110 114
43 45 108
44 109 117
46 70 75
39 54 72
57 95 122
64 97 130
67 79 83
68 90 111
27 74 134
76 78 85
77 86 105
67 81 96
88 94 114
91 99 115
18 92 100
38 98 129
82 106 127
52 121 122
1 50 129
2 36 80
3 15 119
4 34 93
5 65 96
6 62 102
7 25 101
8 72 84
9 42 44
10 32 43
11 73 78
12 100 107
13 83 85
14 37 90
16 19 66
17 63 110
20 99 109
22 23 55
26 75 103
28 33 71
29 30 124
31 59 74
35 68 117
40 97 118
41 51 131
45 98 112
46 69 134
47 53 91
48 56 64
49 61 94
54 87 130
57 81 127
8 58 128
60 115 125
70 88 111
72 76 123
77 89 104
86 102 135
92 120 125
64 95 132
106 113 133
71 108 126
28 116 121
1 44 61
2 43 56
3 17 93
4 33 39
5 24 88
6 73 105
7 79 127
9 30 67
10 82 83
11 21 47
12 22 56
13 36 70
14 50 89
15 27 92
16 57 72
18 32 34
19 65 112
20 59 111
23 25 109
26 83 131
29 33 46
31 52 84
35 48 126
37 80 113
38 63 107
40 95 117
41 66 123
42 75 129
45 100 120
49 98 122
51 76 103
53 58 88
54 124 132
55 96 114
60 75 128
62 78 133
68 86 91
69 126 135
74 104 108
43 77 99
81 119 130
85 106 115
87 90 118
94 101 128
64 110 121
10 116 134
1 38 100
2 95 121
3 21 112
4 12 113
5 40 48
6 37 81
7 97 109
8 105 119
9 46 130
11 22 59
13 35 71
14 19 106
15 115 127
16 73 124
17 51 54
18 39 132
20 60 77
23 82 114
25 27 107
26 42 61
28 56 103
29 36 94
30 69 111
31 50 80
32 33 134
34 96 116
41 49 129
44 52 123
45 68 125
47 86 110
53 84 117
55 57 120
58 63 108
62 79 122
65 66 87
67 85 104
70 76 118
74 91 101
78 89 135
90 104 131
92 98 133
93 99 102
1 26 57
2 10 38
3 37 97
4 44 134
5 98 100
6 54 110
7 108 121
8 55 80
9 112 128
11 23 111
12 15 35
13 75 120
14 73 77
16 52 70
17 62 85
18 21 30
19 109 129
20 92 107
22 50 105
24 27 82
25 29 126
28 79 123
31 43 106
32 45 127
34 81 84
36 61 87
39 89 131
40 74 114
41 58 101
42 48 65
46 53 99
47 49 118
51 93 115
59 103 116
60 91 102
63 66 77
64 67 90
68 113 132
69 83 88
71 94 135
72 119 133
76 117 130
78 122 124
86 96 125
22 49 95
1 21 96
2 62 129
3 20 80
4 52 130
5 42 43
6 15 63
7 86 94
8 69 75
9 40 108
10 46 87
11 89 125
12 17 127
13 28 76
14 25 84
16 53 92
18 36 66
19 72 79
23 38 59
24 26 29
27 60 111
30 50 102
31 120 122
32 81 112
33 90 113
34 56 100
35 123 124
37 47 121
39 85 101
41 70 95
44 45 114
48 78 128
51 110 117
54 91 104
55 88 118
57 126 131
58 82 115
61 107 116
64 65 71
67 97 119
68 73 106
74 105 133
83 132 134
93 103 109
98 99 135
1 41 83
2 55 101
3 64 68
4 9 72
5 113 119
6 114 121
7 33 123
8 74 118
10 50 127
11 29 35
12 14 82
13 39 98
15 128 134
16 69 78
17 71 133
18 115 126
19 46 100
20 25 61
21 97 129
22 30 86
23 48 89
24 58 67
26 36 85
27 32 91
28 75 93
31 44 60
34 57 66
37 43 96
38 81 95
40 80 87
42 62 73
45 90 130
47 104 116
49 92 112
51 84 135
52 77 102
53 54 111
56 59 117
63 79 106
65 88 99
70 105 120
76 108 122
94 107 124
103 110 132
109 128 131
85 98 125
1 109 121
2 7 19
3 28 110
4 62 68
5 47 97
6 106 129
8 21 57
9 78 114
10 23 53
11 34 55
12 44 66
13 58 91
14 46 107
15 32 87
16 76 96
17 39 94
18 99 108
20 75 100
22 31 113
24 43 103
25 77 79
26 49 127
27 56 135
29 61 63
30 35 41
33 40 133
36 81 111
37 42 69
38 54 102
45 117 132
48 95 115
50 92 130
51 71 72
52 89 119
59 112 131
60 104 126
64 73 101
65 74 124
67 105 134
70 93 116
80 83 122
82 86 123
84 90 120
88 105 109
110 118 125
1 9 134
2 35 66
3 89 130
4 75 119
5 20 52
6 42 72
7 38 96
8 45 135
10 94 120
11 62 124
12 104 132
13 32 125
14 85 117
15 29 111
16 33 41
17 121 123
18 48 131
19 122 126
21 34 68
22 80 133
23 61 102
24 114 128
25 55 67
26 37 88
27 49 79
28 73 97
30 39 76
31 81 129
36 56 91
40 64 116
43 78 93
44 71 86
46 47 82
50 100 112
51 99 107
53 95 101
54 65 92
57 63 118
58 59 77
60 106 108
69 87 127
70 98 113
74 83 115
44 84 111
90 103 125
1 46 92
2 32 135
3 7 8
4 15 25
5 61 66
6 88 91
9 22 62
10 89 97
11 71 85
12 52 68
13 23 86
14 53 94
16 40 103
17 18 118
19 74 90
20 47 108
21 98 109
24 38 113
26 117 124
27 35 127
28 100 102
29 87 120
30 58 119
31 36 93
33 60 95
34 59 64
37 45 123
39 75 77
41 76 134
42 99 112
43 49 54
48 104 129
50 72 116
51 73 82
55 107 115
56 101 105
57 96 110
63 69 122
65 70 132
67 80 130
78 106 131
79 81 121
83 84 126
54 114 133
61 77 128
1 106 132
2 26 97
3 9 38
4 58 111
5 93 112
6 124 131
7 10 62
8 37 79
11 75 99
12 128 130
13 103 114
14 66 81
15 71 90
16 23 49
17 40 73
18 119 121
19 24 35
20 28 101
21 43 76
22 48 91
25 64 104
27 65 133
29 44 83
30 96 120
31 68 70
32 52 108
33 84 107
34 47 51
36 63 92
39 56 95
41 42 46
45 86 134
50 69 118
53 100 122
55 89 126
57 67 109
59 72 115
60 80 105
74 85 94
78 87 125
82 98 117
88 129 135
102 110 123
113 116 127
1 39 115
2 86 106
3 108 127
4 37 74
5 28 111
6 27 40
7 9 47
8 12 129
10 35 84
11 61 69
13 87 122
14 36 120
15 95 114
16 18 79
17 38 91
19 45 102
20 54 93
21 32 117
22 34 72
23 62 113
24 96 135
25 43 57
26 58 132
29 56 73
30 83 94
31 41 65
33 66 88
42 103 104
44 78 82
46 59 81
48 52 97
49 100 126
50 107 109
51 92 123
53 75 134
55 64 105
60 110 116
63 89 133
67 68 98
70 80 85
71 121 131
76 101 124
77 125 130
90 99 119
112 118 123
28 83 128
1 53 112
2 52 115
3 47 48
4 79 128
5 44 99
6 22 108
7 98 134
8 96 106
9 27 116
10 19 110
11 49 102
12 67 135
13 15 100
14 93 132
16 17 25
18 45 105
20 39 120
21 63 125
23 95 129
24 41 64
26 33 119
29 75 121
30 43 74
31 38 104
32 71 84
34 65 122
35 58 85
36 78 109
37 86 133
40 61 131
42 82 111
46 50 94
51 80 89
54 101 127
55 92 117
56 107 118
57 60 88
59 69 114
62 81 87
66 70 90
68 72 124
73 126 130
76 97 113
77 91 103
1 89 127
2 44 65
3 50 131
4 18 31
5 105 107
6 7 48
8 35 77
9 87 124
10 47 123
11 15 122
12 76 115
13 16 55
14 51 133
17 32 114
19 92 111
20 22 116
21 59 66
23 26 81
24 86 121
25 37 102
27 71 120
28 52 98
29 90 97
30 63 109
33 42 83
34 103 117
36 125 134
38 39 128
40 99 110
41 60 68
43 61 67
45 46 57
49 78 91
53 64 108
54 95 100
56 93 96
58 104 112
62 75 101
69 106 119
70 73 129
72 113 126
74 79 88
80 82 132
84 85 130
5 94 118
3 52 135
1 17 65
2 57 98
4 26 121
6 28 85
7 44 76
8 15 64
9 68 103
10 22 124
11 45 128
12 48 106
13 89 102
14 72 80
16 77 131
18 54 74
19 59 127
20 34 53
21 23 31
24 69 101
25 62 125
27 33 118
29 67 115
30 56 134
32 82 119
35 81 122
36 40 126
37 58 61
38 73 135
39 92 116
41 47 78
42 63 87
43 111 133
46 84 114
49 70 123
1 46 92 139 184 227 273 320 365 411 454 500 542 587 631 677 722 767 812 856 902 946 992
2 47 93 140 185 228 271 321 366 412 455 501 543 588 632 678 723 768 813 857 903 947 993
3 48 94 137 186 229 274 322 367 413 456 502 544 589 633 679 724 769 814 858 904 948 991
4 49 95 141 162 230 275 323 360 414 457 503 545 590 634 680 725 770 815 859 905 949 994
5 49 96 142 187 231 276 324 368 415 458 504 546 591 635 681 726 771 816 860 906 950 990
6 50 97 143 188 232 277 325 369 416 459 505 547 592 636 682 727 772 817 861 907 951 995
7 51 98 144 189 233 278 326 370 417 460 506 548 593 637 678 728 769 818 862 908 951 996
8 52 99 145 190 234 279 327 371 418 443 507 549 594 638 683 729 769 819 863 909 952 997
9 53 100 146 191 235 280 328 371 419 461 508 550 595 634 684 722 773 814 862 910 953 998
10 54 101 147 192 236 281 329 372 420 462 499 543 596 639 685 730 774 818 864 911 954 999
11 55 102 148 183 237 273 330 373 421 463 509 551 597 640 686 731 775 820 865 912 955 1000
9 54 103 148 193 238 282 331 374 422 464 503 552 598 641 687 732 776 821 863 913 956 1001
8 48 104 149 194 239 277 332 375 423 465 510 553 599 642 688 733 777 822 866 914 957 1002
4 56 105 150 191 240 283 333 376 424 466 511 554 600 641 689 734 778 823 867 915 958 1003
12 57 106 151 195 233 264 334 377 413 467 512 552 592 643 690 735 770 824 868 914 955 997
13 58 107 152 196 241 274 335 378 425 468 513 555 601 644 691 736 779 825 869 916 957 1004
14 49 108 153 197 242 284 336 379 426 456 514 556 598 645 692 737 780 826 870 916 959 992
15 59 109 135 198 226 285 325 380 407 469 515 557 602 646 693 738 780 827 869 917 949 1005
6 52 88 139 199 243 286 324 379 425 470 511 558 603 647 678 739 781 828 871 911 960 1006
16 60 110 153 169 244 287 337 377 427 471 516 559 589 648 694 726 782 829 872 918 961 1007
17 61 111 149 193 245 288 324 356 382 463 502 557 587 649 683 740 783 830 873 919 962 1008
18 52 112 154 200 246 289 316 381 428 464 509 560 586 650 695 741 773 831 874 907 961 999
16 62 103 140 184 247 276 338 367 428 472 517 551 604 651 685 742 777 825 875 920 963 1008
19 63 94 155 201 248 283 339 369 373 387 458 561 605 652 696 743 784 828 876 921 964 1009
20 64 113 156 199 248 290 340 372 417 472 518 562 600 648 697 744 770 832 877 916 965 1010
21 65 114 157 186 249 289 341 382 429 473 519 542 605 653 698 745 785 813 878 922 963 994
8 66 96 158 202 250 278 342 381 401 467 518 561 606 654 699 746 786 833 861 910 966 1011
7 67 109 159 203 251 291 328 373 430 453 520 563 599 655 679 747 787 829 860 901 967 995
22 68 115 160 204 252 292 331 383 431 474 521 562 605 640 700 735 788 834 879 923 968 1012
23 69 116 140 205 253 293 343 369 431 461 522 557 607 650 701 748 789 835 880 924 969 1013
14 70 117 161 206 254 294 344 375 432 475 523 564 608 656 695 749 790 836 881 925 949 1008
19 62 118 144 207 255 286 317 384 420 469 524 565 609 654 690 733 768 837 873 926 959 1014
24 70 113 146 208 229 270 320 385 430 457 474 524 610 637 702 736 791 838 882 922 970 1011
25 53 119 155 209 247 295 334 379 414 469 525 566 611 657 686 740 792 839 874 927 971 1007
26 71 114 135 191 256 276 345 386 433 476 510 552 612 640 701 723 786 828 864 928 952 1015
9 51 107 162 200 257 296 346 387 412 465 521 567 602 653 703 750 790 840 867 929 972 1016
7 46 120 163 194 241 297 316 383 424 477 505 544 613 658 704 745 793 819 859 930 965 1017
5 72 121 164 188 251 272 347 388 408 478 500 543 604 659 705 728 784 814 870 925 973 1018
6 73 122 151 185 250 297 341 389 396 457 515 568 614 642 692 748 794 841 856 918 973 1019
27 62 105 165 195 245 281 313 390 434 479 504 569 595 660 702 751 779 826 861 931 974 1016
27 72 123 166 189 258 275 348 391 435 480 526 570 615 631 701 736 795 842 881 921 975 1020
10 48 124 141 210 259 295 349 392 419 481 519 571 591 661 704 727 796 842 883 932 970 1021
28 60 125 145 189 260 298 325 393 420 455 493 564 591 658 696 752 797 830 877 924 976 1022
29 74 126 167 211 261 299 336 394 419 454 527 545 616 656 687 753 765 834 884 906 947 996
30 75 96 165 208 257 300 319 393 436 482 528 565 616 662 706 729 793 843 871 917 977 1000
3 60 121 138 212 253 301 346 395 437 474 508 572 596 647 689 754 767 842 885 933 977 1023
31 76 118 168 205 262 302 350 390 438 463 529 573 613 663 681 754 782 839 862 904 954 1020
32 69 125 162 207 237 303 340 364 439 476 504 571 617 651 707 738 798 831 886 904 951 1001
24 77 105 143 182 244 291 351 368 440 483 526 573 586 664 698 746 797 825 887 912 978 1024
33 73 127 168 213 239 290 348 374 411 466 523 560 607 639 708 755 799 844 888 933 948 0
20 78 112 169 214 230 304 347 386 435 484 514 574 618 665 709 756 800 839 889 934 958 0
1 76 104 166 215 249 300 352 385 410 475 527 555 590 666 710 726 776 837 886 903 967 991
20 75 126 163 198 238 294 343 391 438 485 530 572 601 667 685 757 778 845 890 902 979 1007
30 53 128 170 216 263 305 350 396 441 486 514 547 619 667 705 758 797 810 872 935 980 1005
34 70 125 171 210 264 299 347 374 428 487 531 549 620 632 686 744 801 846 891 936 957 0
35 58 92 156 187 240 306 353 384 439 455 464 520 611 668 699 750 802 841 879 937 981 1013
36 77 129 172 200 261 292 330 397 442 468 531 542 621 657 683 759 803 847 877 938 977 993
17 79 110 173 208 262 307 315 370 443 485 532 570 622 652 688 760 789 815 878 928 982 1017
22 67 99 174 205 230 281 341 365 432 471 509 575 604 668 711 760 792 848 885 939 962 1006
37 55 120 145 209 265 290 352 388 444 488 516 576 606 656 712 761 791 849 892 938 975 0
38 80 101 152 214 255 280 332 362 440 454 519 567 623 648 700 742 771 811 865 931 976 1017
39 78 109 170 217 245 296 322 352 416 489 533 556 588 661 680 731 773 818 875 940 983 1010
34 65 98 165 178 235 308 339 366 426 478 532 577 592 669 700 759 804 840 893 919 969 1021
26 61 120 161 211 236 309 342 398 439 450 498 578 624 633 713 751 792 832 891 921 979 997
16 81 130 160 215 266 310 328 378 415 470 534 571 624 670 714 758 805 833 881 927 947 992
14 82 87 144 188 249 311 354 371 425 480 534 577 602 657 687 723 771 823 882 941 962 0
11 71 108 143 218 259 312 326 399 404 461 535 578 625 652 715 744 806 847 894 913 976 1012
33 63 131 153 190 241 313 355 400 433 490 528 579 626 633 680 740 776 836 894 942 975 998
21 66 103 167 216 232 304 355 385 437 491 522 580 594 644 704 762 804 844 865 939 984 1009
40 47 113 158 203 261 308 349 395 445 465 536 555 615 671 716 763 805 836 895 941 985 1024
41 83 119 150 219 258 289 337 343 430 452 510 581 624 645 709 753 775 824 896 926 966 0
27 84 132 159 220 256 270 336 396 418 446 468 582 603 634 709 727 799 848 874 942 986 1003
18 79 127 134 221 260 294 334 368 421 459 513 554 626 661 713 747 800 826 879 943 985 1018
13 85 118 175 204 228 299 356 401 432 492 537 569 627 638 714 764 781 850 859 924 987 1005
36 54 133 176 201 262 284 335 395 429 481 488 553 594 655 694 725 794 820 890 923 983 0
1 79 100 172 202 259 303 357 402 446 484 536 583 599 672 691 748 795 830 897 944 956 996
42 86 111 159 218 247 314 323 403 447 493 516 554 577 666 697 760 794 811 898 945 952 1004
26 64 130 151 197 267 293 358 402 421 489 538 584 617 644 684 752 807 851 884 929 978 1020
37 87 106 173 192 246 310 355 376 399 460 533 563 603 669 697 746 808 819 869 905 987 0
13 75 122 172 222 268 272 359 380 412 477 523 549 589 660 717 741 806 849 895 934 988 1003
32 63 92 177 185 198 307 332 404 442 494 505 566 609 659 703 749 808 823 885 940 963 1015
15 88 116 178 220 239 292 312 377 409 462 517 561 622 641 718 754 800 852 884 932 988 1014
43 47 134 179 196 267 282 360 399 423 462 473 580 628 631 717 764 809 834 880 901 970 0
31 65 106 141 217 243 306 351 383 418 475 530 566 600 665 719 765 809 838 864 926 989 1023
22 82 133 156 223 264 309 319 402 423 495 535 556 614 653 676 734 775 850 895 928 989 995
44 68 107 157 213 231 287 344 403 448 490 529 585 593 650 718 753 777 843 857 930 964 0
42 55 116 164 196 242 315 361 365 441 496 534 567 596 660 690 762 788 851 866 940 953 1021
4 61 128 178 184 251 279 335 405 445 458 485 580 620 670 720 745 772 853 882 938 987 0
38 72 134 160 211 248 285 327 350 447 466 538 568 597 651 710 724 774 846 893 934 946 1002
34 89 97 180 209 227 302 346 400 424 496 539 578 610 662 719 766 781 824 899 941 968 0
3 82 122 150 193 266 312 318 406 438 490 537 576 619 654 688 750 772 831 870 945 978 0
36 83 93 161 190 255 300 323 407 449 467 540 559 601 664 708 758 767 840 889 936 960 1019
44 84 102 171 199 253 307 311 342 414 456 541 574 629 655 716 752 790 816 872 915 981 0
12 74 131 174 215 269 286 361 405 440 497 521 581 593 673 692 730 778 850 880 933 990 0
45 67 110 152 224 232 295 333 397 450 479 501 586 615 659 707 757 791 841 868 920 980 0
40 50 131 132 217 236 315 359 404 415 487 525 585 587 658 691 728 803 835 876 909 981 0
28 80 129 155 225 238 310 320 389 398 434 506 544 625 649 681 747 774 813 886 944 968 0
10 89 135 179 207 266 316 344 408 436 483 540 546 630 642 676 763 783 852 894 908 967 993
37 50 100 136 181 228 275 353 406 427 493 541 572 630 670 693 756 796 820 899 906 974 0
19 78 136 157 220 260 309 349 407 422 482 500 546 611 647 694 755 787 845 887 914 980 0
41 68 97 177 222 242 317 329 345 417 497 537 570 614 632 713 757 802 829 897 935 983 1009
35 81 119 147 212 270 278 361 366 416 448 541 576 607 666 705 742 787 854 871 912 965 1002
23 85 137 166 216 243 287 330 363 429 484 520 575 629 674 696 766 779 822 883 945 971 998
44 59 129 149 197 258 304 321 384 447 492 535 539 619 663 712 732 798 832 883 925 982 0
2 90 124 163 195 237 284 362 376 403 459 507 560 627 671 715 720 802 849 891 917 950 0
17 89 123 126 183 263 306 338 409 451 495 511 564 626 669 682 761 807 812 857 909 984 1001
15 81 95 180 206 234 297 363 390 422 478 518 559 623 673 689 756 801 838 888 937 950 0
45 73 102 176 187 269 296 327 393 452 492 532 548 595 672 693 761 782 837 858 907 979 0
42 76 117 154 226 250 283 364 394 427 472 506 558 629 675 677 720 783 847 888 929 969 0
24 57 99 175 219 226 301 338 392 426 498 529 547 618 674 679 721 803 854 892 911 974 0
38 46 137 171 219 268 288 358 400 445 471 522 551 606 667 703 735 765 815 860 932 960 1022
21 90 132 175 225 240 293 326 375 436 470 502 550 609 664 711 755 796 816 900 902 982 0
23 56 91 181 210 257 285 317 382 451 477 503 579 610 635 695 763 784 855 875 944 986 0
32 87 123 158 221 252 314 322 392 405 487 517 569 616 636 684 743 810 822 868 939 959 1023
29 51 130 182 186 254 279 329 406 444 495 512 574 622 646 707 764 801 848 856 903 956 1012
41 64 104 148 224 271 305 351 380 453 499 525 575 623 663 716 751 799 855 892 910 961 1019
12 91 101 142 218 271 302 354 394 433 479 530 583 618 668 706 734 785 852 873 936 971 0
29 88 133 181 212 268 305 314 386 434 496 536 573 620 638 721 759 780 844 900 937 990 1011
30 86 115 139 192 244 318 321 388 413 494 507 582 625 635 710 725 789 827 899 922 984 1014
43 86 94 167 223 234 303 345 391 449 482 531 553 608 671 719 730 788 835 867 918 966 0
33 77 124 164 223 235 298 356 410 453 498 501 548 613 636 677 737 808 827 896 923 964 994
18 85 108 147 203 227 319 364 397 410 483 533 584 608 672 717 739 804 845 866 927 955 1015
39 66 127 180 201 272 280 337 389 446 480 527 563 612 637 718 737 793 854 889 900 954 1024
35 57 111 179 214 265 311 359 387 431 486 513 584 612 673 714 731 785 817 897 942 953 999
45 90 128 154 177 229 282 354 357 444 449 528 585 597 676 721 733 766 851 898 919 972 1010
40 80 95 183 213 233 318 357 378 452 476 491 562 621 646 712 739 809 846 887 943 986 1016
31 59 121 146 221 265 313 358 409 442 460 512 565 598 639 698 762 786 855 858 935 946 1006
28 71 115 168 224 254 308 353 381 443 488 497 550 617 643 675 743 811 821 901 905 973 1000
25 84 112 142 222 267 298 362 408 411 481 526 558 588 649 682 749 798 853 863 920 985 0
43 56 98 169 176 252 277 363 398 441 494 508 583 590 662 708 724 806 821 898 943 989 0
11 74 93 170 194 231 301 333 372 435 473 539 568 621 675 711 738 807 817 896 931 948 1004
2 58 138 182 202 246 288 339 348 450 486 515 579 628 674 706 732 805 812 878 915 988 0
25 69 114 173 206 269 291 331 367 451 489 540 582 627 645 702 741 810 833 893 930 958 1022
5 83 136 174 225 263 274 340 401 437 499 524 545 628 643 715 722 795 843 890 908 972 1013
39 91 117 138 204 256 273 360 370 448 491 538 581 630 665 699 729 768 853 876 913 991 1018
