1024 220
6 30
6 6 6 6 6 6 6 6 6 6 6 6 6 6 6 6 6 6 6 6 6 6 6 6 6 6 6 6 6 6 6 6 6 6 6 6 6 6 6 6 6 6 6 6 6 6 6 6 6 6 6 6 6 6 6 6 6 6 6 6 6 6 6 6 6 6 6 6 6 6 6 6 6 6 6 6 6 6 6 6 6 6 6 6 6 6 6 6 6 6 6 6 6 6 6 6 6 6 6 6 6 6 6 6 6 6 6 6 6 6 6 6 6 6 6 6 6 6 6 6 6 6 6 6 6 6 6 6 6 6 6 6 6 6 6 6 6 6 6 6 6 6 6 6 6 6 6 6 6 6 6 6 6 6 6 6 6 6 6 6 6 6 6 6 6 6 6 6 6 6 6 6 6 6 6 6 6 6 6 6 6 6 6 6 6 6 6 6 6 6 6 6 6 6 6 6 6 6 6 6 6 6 6 6 6 6 6 6 6 6 6 6 6 6 6 6 6 6 6 6 6 6 6 6 6 6 6 6 6 6 6 6 6 6 6 6 6 6 6 6 6 6 6 6 6 6 6 6 6 6 6 6 6 6 6 6 6 6 6 6 6 6 6 6 6 6 6 6 6 6 6 6 6 6 6 6 6 6 6 6 6 6 6 6 6 6 6 6 6 6 6 6 6 6 6 6 6 6 6 6 6 6 6 6 6 6 6 6 6 6 6 6 6 6 6 6 6 6 6 6 6 6 6 6 6 6 6 6 6 6 6 6 6 6 6 6 6 6 6 6 6 6 6 6 6 6 6 6 6 6 6 6 6 6 6 6 6 6 6 6 6 6 6 6 6 6 6 6 6 6 6 6 6 6 6 6 6 6 6 6 6 6 6 6 6 6 6 6 6 6 6 6 6 6 6 6 6 6 6 6 6 6 6 6 6 6 6 6 6 6 6 6 6 6 6 6 6 6 6 6 6 6 6 6 6 6 6 6 6 6 6 6 6 6 6 6 6 6 6 6 6 6 6 6 6 6 6 6 6 6 6 6 6 6 6 6 6 6 6 6 6 6 6 6 6 6 6 6 6 6 6 6 6 6 6 6 6 6 6 6 6 6 6 6 6 6 6 6 6 6 6 6 6 6 6 6 6 6 6 6 6 6 6 6 6 6 6 6 6 6 6 6 6 6 6 6 6 6 6 6 6 6 6 6 6 6 6 6 6 6 6 6 6 6 6 6 6 6 6 6 6 6 6 6 6 6 6 6 6 6 6 6 6 6 6 6 6 6 6 6 6 6 6 6 6 6 6 6 6 6 6 6 6 6 6 6 6 6 6 6 6 6 6 6 6 6 6 6 6 6 6 6 6 6 6 6 6 6 6 6 6 6 6 6 6 6 6 6 6 6 6 6 6 6 6 6 6 6 6 6 6 6 6 6 6 6 6 6 6 6 6 6 6 6 6 6 6 6 6 6 6 6 6 6 6 6 6 6 6 6 6 6 6 6 6 6 6 6 6 6 6 6 6 6 6 6 6 6 6 6 6 6 6 6 6 6 6 6 6 6 6 6 6 6 6 6 6 6 6 6 6 6 6 6 6 6 6 6 6 6 6 6 6 6 6 6 6 6 6 6 6 6 6 6 6 6 6 6 6 6 6 6 6 6 6 6 6 6 6 6 6 6 6 6 6 6 6 6 6 6 6 6 6 6 6 6 6 6 6 6 6 6 6 6 6 6 6 6 6 6 6 6 6 6 6 6 6 6 6 6 6 6 6 6 6 6 6 6 6 6 6 6 6 6 6 6 6 6 6 6 6 6 6 6 6 6 6 6 6 6 6 6 6 6 6 6 6 6 6 6 6 6 6 6 6 6 6 6 6 6 6 6 6 6 6 6 6 6 6 6 6 6 6 6 6 6 6 6 6 6 6 6 6 6 6 6 6 6 6 6 6 6 6 6 6 6 6 6 6 6 6 6 6 6 6 6 6 6 6 6 6 6 6 6 6 6 6 6 6 6 6 6 6 6 6 6 6 6 6 6 6 6 6 6 6 6 6 6 6 6 6 6 6 6 6 6 6 6 6 6 6 6 6 6 6 6 6 6 6 6 6 6 6 6 6 6 6 6 6 6 6 6 6 6 6 6 6 6 6 6 6 6 6 6 6 6 6 6 6 6 6 6 6 6 6 6 6 6 6 6 6 6 6 6 6 6 6 6 6 6 6 6 6 6 6 6 6 6 6 6 6 6 6 6 6 6 6 6 6 6 6 6 6 6 6 6 6 6 6 6 6 6 6 6 6 6 6 6 6 6 6 6 6 6 6 6 6 6 6 6 6 6 6 6
28 28 28 28 28 29 28 29 28 28 28 28 28 28 28 28 28 29 28 28 28 29 28 28 29 28 29 28 29 28 28 28 28 28 28 28 28 29 28 28 29 28 28 28 28 28 28 28 28 28 28 29 28 28 28 28 28 28 28 28 28 28 29 28 28 28 28 28 28 27 28 28 27 27 28 28 28 27 28 29 28 28 28 29 28 28 28 27 28 28 28 29 27 27 28 28 28 28 27 28 28 28 28 29 27 28 27 27 29 28 28 28 29 28 28 28 28 28 27 28 28 28 29 28 27 28 27 29 29 27 28 28 28 28 27 28 27 27 28 27 27 28 28 28 28 28 28 28 28 28 28 27 28 27 27 27 27 28 28 29 28 28 27 27 27 28 27 28 30 28 28 28 29 28 27 27 28 27 28 28 27 27 27 28 28 28 28 28 27 28 27 27 27 28 27 28 28 28 27 28 28 29 28 28 27 27 29 29 27 28 28 27 29 27 28 28 28 28 30 28
1 85 124 147 171 215
2 19 58 74 142 218
3 25 36 39 53 57
4 8 13 49 51 154
5 98 120 146 187 213
6 32 95 112 122 167
7 14 75 93 163 194
9 22 56 61 103 150
10 68 87 116 152 172
11 43 164 170 209 216
12 16 73 83 101 208
15 33 137 175 180 181
17 55 89 105 174 207
18 52 109 141 186 195
20 63 64 111 126 153
21 90 107 190 198 219
23 71 128 149 169 217
24 29 91 127 131 177
26 79 82 130 143 184
27 28 40 44 160 168
30 42 47 69 76 191
31 35 99 110 134 145
34 183 196 202 211 212
37 77 80 104 173 204
38 59 60 118 129 144
41 108 115 132 136 192
45 50 78 84 100 176
46 96 148 166 199 206
48 65 81 114 139 140
54 102 133 165 201 203
62 67 72 92 188 214
66 88 94 113 119 151
70 117 138 156 179 205
86 162 182 193 210 220
97 106 125 155 158 197
121 123 161 185 189 200
65 135 157 159 178 212
1 12 26 110 114 192
2 20 30 105 152 159
3 21 37 154 206 215
4 32 33 44 54 209
5 29 56 189 195 216
6 62 113 128 156 176
7 19 23 60 197 210
8 146 153 208 211 217
9 89 155 168 179 198
10 131 133 136 148 214
11 35 36 76 84 144
13 14 45 87 130 200
15 25 66 81 150 182
16 28 50 104 127 162
17 85 129 137 186 188
18 34 143 158 165 173
22 59 63 95 108 204
24 99 107 111 163 181
27 118 119 161 166 202
31 55 96 120 167 220
38 70 88 177 178 184
39 117 126 185 203 207
40 42 48 109 169 196
41 51 52 138 193 201
43 90 92 101 123 157
46 72 75 83 141 172
47 73 97 100 151 180
49 61 67 112 145 218
53 58 98 116 125 191
57 115 121 135 149 213
64 106 139 147 170 190
68 132 134 171 183 205
69 80 86 102 179 194
71 74 82 103 175 199
62 77 91 93 140 187
78 79 142 164 202 219
94 107 124 160 203 218
5 122 163 174 212 214
1 9 78 123 172 220
2 15 37 168 189 192
3 73 122 134 143 210
4 7 166 177 191 204
6 38 86 106 183 206
8 65 76 155 188 199
10 60 117 120 151 209
11 34 71 75 154 185
12 118 133 169 187 205
13 31 66 69 136 170
14 41 85 167 178 198
16 58 99 109 148 207
17 88 95 149 164 193
18 36 87 90 112 127
19 44 92 126 150 171
20 49 53 101 131 176
21 33 42 72 108 200
22 96 124 152 194 196
23 46 105 114 180 216
24 54 81 125 186 208
25 43 52 77 174 217
26 28 55 56 128 144
27 80 97 132 146 184
29 35 119 138 157 215
30 45 61 115 158 181
32 39 47 74 129 140
40 113 116 121 145 219
48 83 84 102 111 197
50 51 64 89 161 175
57 67 79 153 194 195
59 91 100 110 141 211
63 68 82 93 160 182
70 98 103 162 165 190
94 104 130 137 159 197
135 142 147 156 173 208
37 101 139 144 201 213
1 39 51 80 113 212
2 8 18 163 205 220
3 55 70 92 181 202
4 82 100 139 179 214
5 66 74 84 198 204
6 25 27 99 165 172
7 89 112 136 211 215
9 62 109 132 159 209
10 17 42 110 150 173
11 40 122 137 153 177
12 29 32 158 182 219
13 48 59 142 162 174
14 15 16 76 149 183
19 45 65 95 133 195
20 54 77 121 199 210
21 68 102 129 135 216
22 125 134 156 161 178
23 26 38 87 147 168
24 72 103 118 130 167
28 34 47 111 138 169
30 81 88 123 141 206
31 50 83 140 203 217
33 52 58 106 152 154
35 93 115 184 186 190
36 41 56 114 166 208
43 108 128 155 189 218
44 69 71 78 178 201
46 79 116 127 171 213
49 75 104 117 180 196
53 86 94 110 175 185
2 57 85 131 151 191
25 60 63 124 188 200
61 64 107 120 157 176
67 90 97 164 187 207
73 98 119 126 128 193
91 96 105 143 149 192
105 145 146 148 160 170
1 54 67 84 96 151
3 69 169 186 218 219
4 104 115 152 161 207
5 32 41 75 130 156
6 13 77 81 85 213
7 21 145 165 189 209
8 11 29 79 98 132
9 26 35 133 141 180
10 153 155 160 162 176
12 20 51 88 139 194
14 40 58 59 135 214
15 102 106 120 210 212
16 60 172 174 191 206
17 31 68 117 127 154
18 24 46 48 124 175
19 51 91 147 163 184
22 47 113 122 197 213
23 44 66 101 167 200
27 45 55 117 150 216
28 99 159 164 185 199
30 38 50 116 134 190
33 36 49 119 146 183
34 53 144 148 181 198
37 61 89 121 177 195
39 76 78 92 108 205
42 64 136 171 179 217
43 56 71 87 143 182
52 74 157 168 196 203
57 97 118 140 142 170
62 80 90 111 193 215
63 70 112 114 123 173
65 72 73 93 107 131
82 109 119 187 188 192
83 85 103 138 202 204
86 92 125 137 166 211
56 94 95 100 129 205
126 131 158 170 201 220
1 3 22 58 146 195
2 7 35 107 118 147
4 59 101 128 134 160
5 12 49 124 184 193
6 47 53 63 137 192
8 41 88 102 168 214
9 82 94 154 181 211
10 67 140 178 179 220
11 19 28 149 189 208
13 57 72 126 157 177
14 46 64 144 204 210
15 23 34 90 125 194
16 17 84 87 113 216
18 20 66 93 120 161
21 81 100 105 153 201
24 43 65 112 183 203
25 26 50 76 156 219
27 73 110 139 162 207
29 37 62 103 152 180
30 54 71 129 136 167
31 40 138 155 163 164
32 60 98 148 171 185
33 79 104 135 186 206
36 42 122 158 159 187
38 75 108 145 151 212
39 141 142 176 191 198
35 44 83 166 174 218
45 52 132 190 199 215
48 77 106 115 123 202
55 80 91 99 116 200
61 68 74 86 133 209
69 89 95 150 196 197
70 109 121 127 182 217
78 97 111 114 122 165
96 130 142 169 172 188
7 117 143 175 176 195
58 76 119 141 173 203
1 10 36 45 93 109
2 12 148 154 173 190
3 8 40 75 179 193
4 25 68 94 114 144
5 14 30 44 57 77
6 39 70 120 155 211
9 149 204 206 212 218
11 37 124 145 161 199
13 33 50 165 182 198
15 64 74 116 167 184
16 61 91 188 196 219
17 34 102 146 157 166
18 27 89 128 181 201
19 115 125 138 139 151
20 47 56 81 147 177
21 158 163 169 171 191
22 32 67 110 118 131
23 92 132 153 185 220
24 113 123 180 209 210
26 73 112 174 194 213
28 95 103 106 135 200
29 42 53 59 65 104
31 54 159 192 202 205
38 51 111 136 143 208
41 49 78 99 126 175
43 80 84 85 110 152
46 60 69 121 168 187
48 63 97 172 178 189
52 79 88 100 118 156
55 72 87 133 160 215
62 83 96 98 129 170
66 86 90 108 130 140
71 107 137 150 164 183
82 101 162 186 197 216
86 105 107 134 214 217
12 111 127 180 207 212
1 4 18 63 74 88
2 42 155 161 201 206
3 43 79 81 138 162
5 26 37 117 136 149
6 16 21 151 168 185
7 48 49 55 148 179
8 14 47 139 142 150
9 39 52 85 101 170
10 50 53 72 122 202
11 25 112 128 166 197
13 65 78 152 167 169
15 32 51 94 145 216
17 98 130 134 177 203
19 36 68 157 204 213
20 67 71 109 125 163
22 60 91 115 153 165
23 54 61 80 82 137
24 120 132 135 164 194
27 59 76 123 171 208
28 57 70 84 175 193
29 38 41 58 83 133
30 66 172 176 196 209
31 102 144 158 200 218
33 62 100 114 131 160
34 108 184 188 195 217
35 87 92 104 199 219
40 46 95 191 207 220
44 105 121 140 147 154
45 77 96 113 141 183
56 69 75 127 159 210
64 103 146 173 192 198
73 99 186 187 189 215
89 106 116 119 156 214
90 93 126 143 174 205
97 124 129 182 190 211
50 74 178 181 186 192
1 34 49 64 134 187
2 3 52 56 119 213
4 35 40 102 117 211
5 33 60 128 161 215
6 19 20 24 104 160
7 84 108 158 167 180
8 25 44 113 159 198
9 37 54 70 183 191
10 135 143 171 177 207
11 39 65 151 175 220
12 21 48 92 121 152
13 43 73 103 148 176
14 61 122 141 147 193
15 79 86 93 114 136
16 38 42 80 126 164
17 28 30 107 125 145
18 51 78 101 129 133
22 75 82 99 169 170
23 62 178 195 204 208
26 58 63 66 105 179
27 71 106 157 173 174
29 87 100 146 190 206
31 32 123 124 197 214
36 55 77 155 205 212
41 45 47 185 209 218
46 76 90 132 150 217
53 118 139 154 188 210
57 69 110 166 172 182
59 68 88 130 189 219
67 85 115 168 199 201
72 91 97 98 109 181
81 142 144 165 184 194
83 112 120 137 149 200
89 94 131 138 140 153
95 127 156 163 203 216
66 96 111 116 162 202
2 6 36 88 108 196
1 21 103 136 174 177
3 45 99 106 161 208
4 24 26 171 193 212
5 71 102 162 170 191
7 15 17 83 169 178
8 22 81 92 176 210
9 43 44 96 144 163
10 30 55 156 195 211
11 53 69 85 105 135
12 27 61 70 153 215
13 76 101 151 164 179
14 39 100 182 202 213
16 20 32 62 173 175
18 79 119 121 122 196
19 34 46 94 117 128
23 141 154 160 184 201
25 28 31 74 115 194
29 50 54 124 149 187
33 86 113 118 120 199
35 77 129 146 158 209
37 48 58 60 75 155
38 47 125 152 188 198
40 67 111 134 147 167
41 57 123 127 165 204
42 98 112 139 216 220
49 140 168 172 197 205
51 68 72 110 180 190
52 82 97 131 183 218
56 84 89 91 104 126
59 116 133 150 185 186
63 80 107 130 138 148
64 73 78 87 137 214
65 90 109 142 166 189
93 132 145 157 181 200
95 114 143 159 217 219
75 101 140 192 206 207
49 132 152 202 203 206
1 19 105 122 131 185
2 4 67 70 158 186
3 116 130 164 168 173
5 88 90 167 171 172
6 23 41 72 145 162
7 27 94 127 155 193
8 106 165 178 196 207
9 68 81 136 156 200
10 13 95 97 99 141
11 58 182 183 188 194
12 46 77 120 195 198
14 17 52 62 121 153
15 109 111 205 214 218
16 53 102 160 190 209
18 29 86 144 154 208
20 31 48 79 89 129
21 30 39 110 137 143
22 42 66 83 87 123
24 36 82 96 115 134
25 61 71 93 98 204
26 108 125 170 181 215
28 33 78 124 148 191
32 34 43 57 91 150
35 55 60 114 169 176
37 51 74 112 146 210
38 166 180 187 201 217
40 47 64 84 149 203
44 100 138 197 199 220
45 63 69 119 139 184
50 73 80 117 133 142
54 85 113 157 163 179
56 76 107 174 175 192
59 92 159 161 177 213
65 103 128 147 211 216
64 104 118 189 212 220
17 126 135 151 215 219
1 11 59 83 155 156
2 33 121 164 174 208
3 54 68 100 103 196
4 148 150 163 200 213
5 23 31 104 179 211
6 69 133 138 161 190
7 58 113 149 153 168
8 32 101 181 184 218
9 53 114 151 195 207
10 29 44 70 89 107
12 56 80 157 197 217
13 102 145 173 193 202
14 60 65 125 192 201
15 48 61 170 187 199
16 55 118 194 198 214
18 41 76 106 169 216
19 26 78 98 182 206
20 46 108 134 137 154
21 38 95 96 117 210
22 57 90 116 144 209
24 28 75 97 105 139
25 143 146 147 178 180
27 63 77 109 136 219
30 35 124 162 189 204
34 36 123 142 167 203
37 84 115 130 185 205
39 40 43 49 72 186
42 51 93 127 135 152
45 73 88 159 160 165
47 50 85 92 99 119
52 81 87 110 128 129
62 74 94 120 172 177
66 67 141 166 171 175
71 86 132 158 176 212
79 111 112 113 131 188
49 65 82 91 122 191
87 102 126 140 183 213
1 16 37 81 108 163
2 66 75 138 188 203
3 125 127 128 136 150
4 23 47 109 133 170
5 35 85 183 192 200
6 44 55 76 79 134
7 80 100 122 154 219
8 9 50 59 157 164
10 82 146 167 201 212
11 12 90 99 129 160
13 149 159 172 211 214
14 28 112 140 143 161
15 42 73 91 195 197
17 21 27 36 54 156
18 67 98 104 174 176
19 48 101 103 119 220
20 57 92 117 187 190
22 39 46 106 111 179
24 31 34 60 61 152
25 86 123 184 207 216
26 43 88 120 153 202
29 45 74 137 151 162
30 33 68 89 173 217
32 58 139 165 205 206
38 97 130 186 191 196
40 83 124 181 185 210
41 63 71 84 94 118
51 56 96 132 168 218
52 114 142 148 182 204
53 64 93 121 178 193
62 78 115 145 147 155
69 107 116 158 199 208
70 95 105 126 166 209
72 135 169 175 189 198
77 79 110 144 177 215
99 121 131 171 180 194
27 47 126 141 144 189
1 118 153 159 203 204
2 16 68 98 143 166
3 18 31 59 85 209
4 39 73 125 167 219
5 40 96 133 139 178
6 54 65 123 170 198
7 44 62 88 190 216
8 38 77 107 161 169
9 80 147 158 175 214
10 22 78 168 180 186
11 14 115 173 176 218
12 13 28 52 163 210
15 50 128 188 208 220
17 20 37 76 162 211
19 64 112 129 181 199
21 51 67 87 149 196
23 74 110 124 127 183
24 71 83 179 207 213
25 29 102 109 130 171
26 113 148 152 177 187
30 49 63 120 165 174
32 36 70 104 132 151
33 61 138 184 185 192
34 84 103 114 155 215
35 45 57 82 156 206
41 42 92 95 146 172
43 100 135 145 191 195
46 53 66 89 142 212
48 105 116 193 194 205
55 58 93 94 122 164
56 60 90 131 154 202
69 72 81 106 117 217
75 91 111 137 157 201
86 141 170 197 200 202
50 97 101 108 150 152
53 119 134 136 140 182
32 92 136 144 160 178
1 138 149 160 166 167
2 77 117 130 132 162
3 9 17 66 112 190
4 48 76 153 180 218
5 8 20 36 83 100
6 60 109 140 175 204
7 38 43 61 119 124
10 26 57 80 161 203
11 101 110 168 191 210
12 67 91 102 113 206
13 44 82 86 127 196
14 19 29 88 148 211
15 24 78 85 159 173
16 49 107 177 182 212
18 37 42 56 99 188
21 28 64 114 186 213
22 52 55 98 135 192
23 59 94 198 207 215
25 40 69 129 154 195
27 34 65 68 121 179
30 74 104 139 163 193
31 47 58 174 201 219
33 70 111 115 172 216
35 39 96 165 181 214
41 128 137 141 158 194
45 54 134 146 155 169
46 122 125 157 205 209
51 151 176 199 200 217
62 105 106 108 133 164
63 89 103 143 183 185
71 90 95 120 184 208
72 84 116 147 187 220
21 73 75 79 123 150
34 81 118 126 145 197
87 93 151 156 171 189
6 64 97 115 177 208
26 54 69 92 131 142
1 89 102 154 180 199
2 11 60 86 103 178
3 20 107 113 191 205
4 27 78 91 112 198
5 87 141 145 164 169
7 66 70 144 157 214
8 19 84 121 172 173
9 28 130 146 202 215
10 25 37 41 59 119
12 35 65 75 94 132
13 30 117 122 168 194
14 33 38 109 203 220
15 56 68 142 185 201
16 100 106 137 140 218
17 131 147 161 182 209
18 44 45 53 80 189
22 85 162 175 184 219
23 57 93 148 158 196
24 50 58 77 138 216
29 43 46 67 139 197
31 49 95 171 188 190
32 73 108 120 166 183
36 51 71 81 99 192
39 62 116 118 124 135
40 63 90 98 156 159
42 61 105 128 210 213
47 101 155 165 187 195
48 88 133 143 163 204
52 76 96 160 200 212
55 83 97 110 126 206
72 114 127 129 134 153
74 111 123 152 164 217
79 167 170 176 193 207
82 111 149 150 155 174
57 104 136 147 181 205
37 50 120 123 125 179
108 138 171 186 209 211
1 8 60 119 130 194
2 27 39 41 69 134
3 10 64 91 158 185
4 28 89 92 141 182
5 45 51 153 166 186
6 78 136 197 207 218
7 12 25 34 54 116
9 47 65 77 83 196
11 33 93 139 169 211
13 35 67 105 161 212
14 72 137 156 165 199
15 26 36 44 97 176
16 19 31 114 135 146
17 133 175 179 183 210
18 61 81 84 160 191
20 42 74 85 118 208
21 88 104 112 170 192
22 86 101 142 163 177
23 49 103 121 129 151
24 106 128 148 172 219
29 52 80 94 178 202
30 79 95 154 157 187
32 56 63 102 115 215
38 62 66 99 127 149
40 107 143 152 189 213
43 98 113 140 184 200
46 58 70 71 110 159
48 131 145 150 198 206
53 73 90 96 201 204
55 59 75 168 190 217
68 122 126 162 181 188
74 76 125 195 214 220
82 87 117 124 144 173
69 100 132 174 193 216
17 49 94 109 139 167
11 32 77 82 180 203
1 20 33 43 132 219
2 29 63 96 101 135
3 78 151 160 187 204
4 107 108 126 156 210
5 13 58 68 197 208
6 51 98 114 117 188
7 10 52 73 92 111
8 86 124 131 192 213
9 27 102 116 137 217
12 45 72 125 143 168
14 36 118 172 175 186
15 38 54 115 140 141
16 65 130 144 150 161
18 30 40 148 180 215
19 41 61 62 97 200
21 23 99 122 166 173
22 25 121 191 203 211
24 190 195 196 201 205
26 46 47 123 163 183
28 110 119 120 170 171
31 56 57 133 176 184
34 48 80 93 207 209
35 53 106 109 112 177
37 39 67 88 127 157
42 50 55 154 189 193
44 64 75 81 90 152
59 103 105 169 181 206
60 66 76 100 147 159
70 82 113 129 142 220
71 104 138 145 172 194
79 91 179 199 212 216
83 89 164 165 167 186
84 128 146 174 182 196
26 85 95 155 185 214
87 88 134 162 198 218
59 87 136 158 188 202
101 114 126 149 154 178
18 50 135 139 153 183
1 27 29 125 129 218
2 25 100 127 185 187
3 38 105 155 175 200
4 106 122 176 189 203
5 39 54 79 94 99
6 8 17 80 96 118
7 33 91 159 162 171
9 36 58 72 86 161
10 65 69 84 124 137
11 113 150 167 204 215
12 47 60 164 166 214
13 63 116 128 132 140
14 53 95 107 179 180
15 28 49 147 157 219
16 30 93 103 142 197
19 21 32 35 89 111
20 34 40 130 151 192
22 41 73 77 190 220
23 42 78 163 199 209
24 52 57 68 108 146
31 37 45 90 178 182
43 74 136 141 165 212
44 48 67 184 210 211
46 81 133 149 173 181
51 70 134 170 195 206
55 61 66 109 131 143
56 97 117 160 193 198
62 64 110 123 148 201
71 112 144 152 153 156
75 102 119 177 205 219
7 76 97 104 121 202
79 83 92 145 158 168
19 85 120 158 207 217
98 169 194 208 209 215
40 115 127 174 188 197
96 123 138 147 191 213
30 36 37 52 133 216
1 14 35 128 168 207
2 21 45 71 180 202
3 76 139 145 176 177
4 11 17 41 50 81
5 53 92 129 165 217
6 26 33 101 189 205
8 89 108 110 135 187
9 88 106 126 138 182
10 61 83 134 159 163
12 24 74 109 122 156
13 22 64 80 160 206
15 39 59 121 132 148
16 47 95 124 136 153
18 32 55 157 170 210
20 70 72 140 164 201
23 25 58 118 190 193
27 48 86 87 98 186
28 54 152 181 204 216
29 57 174 183 198 199
31 42 67 75 103 107
34 77 99 105 178 191
38 69 90 104 114 214
43 63 125 131 149 175
44 68 84 161 192 194
46 112 151 155 196 208
49 113 137 144 185 195
47 51 160 171 173 220
56 78 93 116 146 179
60 62 82 85 102 141
65 100 115 143 162 200
1 6 66 73 169 184
48 91 130 154 166 213
94 105 111 142 158 195
117 119 153 164 172 212
53 99 120 150 156 218
62 69 126 167 192 211
60 72 101 104 113 203
2 5 17 91 176 194
3 80 120 129 141 163
4 96 136 145 184 187
7 50 57 71 114 130
8 31 116 122 183 216
9 45 92 98 107 167
10 27 38 138 154 170
11 70 74 78 171 174
12 37 134 142 175 209
13 42 54 89 147 218
14 20 106 110 146 181
15 19 40 108 144 190
16 29 51 121 204 205
18 68 75 149 199 202
21 41 65 66 148 197
22 88 109 137 173 212
23 77 131 139 152 157
24 49 93 100 102 198
25 84 125 133 135 162
26 30 111 140 151 186
28 58 61 73 172 217
32 81 103 127 161 168
33 63 83 117 177 214
34 44 56 59 112 124
35 95 123 151 178 194
36 43 185 188 193 206
39 87 97 119 159 201
4 46 52 86 165 169
55 64 85 132 166 196
67 94 150 180 189 191
76 102 112 118 182 207
32 79 90 200 211 220
82 84 165 208 210 219
44 115 128 179 187 203
101 143 145 196 214 215
104 141 155 209 213 217
1 135 150 176 179 202
2 54 106 114 193 211
3 90 110 147 153 188
5 28 80 121 134 220
6 15 57 107 129 139
7 31 78 128 185 212
8 37 68 95 109 138
9 76 120 122 142 152
10 21 40 157 183 208
11 22 24 27 62 158
12 17 58 97 123 199
13 19 79 96 155 180
14 26 70 116 160 197
16 71 88 117 186 200
18 60 111 132 156 213
20 41 55 86 171 203
23 52 75 89 115 191
25 64 92 164 215 218
29 33 81 143 170 212
30 65 98 108 127 219
34 72 74 100 119 149
35 59 69 73 140 163
36 46 61 113 136 201
38 53 67 146 159 216
39 42 130 131 174 204
43 82 126 161 172 198
23 33 45 48 85 144
47 91 148 175 178 205
49 66 125 173 189 210
50 63 166 168 169 195
51 77 103 137 189 207
56 83 105 109 118 162
70 87 94 176 192 208
93 124 133 167 177 206
59 72 99 115 154 182
37 65 71 79 181 190
20 52 103 158 179 184
1 31 38 76 137 213
2 40 61 104 123 182
3 49 97 133 156 194
4 55 90 146 149 197
5 9 69 108 111 160
6 150 178 203 214 219
7 11 18 64 102 142
8 27 56 74 180 206
10 121 175 188 216 218
12 30 112 126 130 147
13 84 92 106 143 201
14 67 82 114 120 138
15 89 100 134 152 166
16 43 45 122 192 220
17 26 32 119 204 217
19 39 63 161 187 196
21 60 78 83 127 139
22 34 50 129 132 172
24 47 94 168 182 200
25 42 151 170 177 183
28 35 68 101 153 198
29 93 99 155 203 210
36 135 140 148 174 209
41 48 113 117 161 181
44 51 116 131 141 215
46 51 54 73 118 185
53 62 157 171 184 199
57 88 101 105 124 125
57 58 128 145 163 186
19 66 77 165 192 193
75 85 98 136 164 195
80 128 159 167 190 191
81 91 169 190 202 207
50 65 86 96 173 205
87 107 109 154 155 194
83 95 119 132 144 211
61 110 167 189 202 214
58 108 114 162 177 185
1 7 86 95 139 181
2 82 110 116 157 195
3 62 63 198 212 217
4 14 34 69 79 205
5 73 76 81 135 196
6 12 22 71 100 171
8 23 43 53 70 97
9 13 16 75 178 187
10 15 118 165 213 215
11 54 120 127 143 206
17 47 59 78 106 184
18 105 117 123 137 219
20 35 122 150 170 172
21 52 125 140 144 159
24 55 88 121 136 142
25 32 126 137 169 179
26 49 60 74 138 207
27 66 85 104 107 133
28 41 46 87 131 211
29 36 92 105 163 173
29 30 48 160 164 188
31 80 98 151 153 210
33 129 130 145 149 201
22 37 193 200 208 214
38 45 64 68 79 174
39 90 103 115 195 210
26 40 89 99 162 209
42 94 96 102 156 186
44 104 111 146 175 191
56 67 101 183 190 204
72 77 111 124 166 176
21 84 93 141 199 218
66 91 146 152 168 220
52 112 134 180 185 219
15 113 135 154 158 172
36 59 117 147 152 197
6 9 143 148 194 216
1 24 30 56 92 170
2 94 97 136 169 204
3 33 35 41 74 98
4 5 19 116 175 201
7 81 115 131 146 164
8 58 78 103 120 140
10 11 16 48 147 217
12 76 82 95 98 189
13 29 60 134 150 181
14 23 32 37 86 159
17 61 99 144 206 220
18 110 113 130 178 218
20 141 167 185 196 216
25 83 108 142 157 161
27 51 182 187 191 197
28 32 85 96 100 177
31 72 88 132 207 208
34 139 156 160 174 180
38 46 93 162 192 215
39 102 107 128 153 184
40 55 62 65 119 165
42 44 114 137 145 205
43 133 134 199 211 213
45 67 129 148 193 203
47 48 68 70 90 212
19 49 71 73 127 209
50 87 106 118 121 163
15 53 75 77 84 186
54 57 64 122 138 200
14 21 63 91 133 155
69 82 112 125 171 202
80 109 165 168 176 183
45 89 123 149 188 205
26 67 100 124 126 208
79 151 169 173 182 201
36 110 154 164 198 220
6 43 58 158 166 210
43 99 114 147 179 196
1 5 112 115 157 206
2 65 80 89 145 171
3 29 84 123 140 166
4 57 83 173 188 215
7 53 56 172 187 200
8 12 33 69 141 204
9 60 73 95 177 199
10 23 35 100 108 113
11 100 116 117 163 192
13 41 91 125 183 217
16 52 72 78 105 211
17 51 92 122 124 128
18 25 97 138 168 212
20 26 59 96 127 195
22 44 119 155 181 207
9 24 38 153 189 197
27 58 81 111 178 209
28 109 150 151 158 190
30 101 102 132 138 175
31 63 87 142 180 193
34 42 52 120 162 214
37 106 131 132 167 187
39 86 104 149 156 215
40 60 80 136 198 216
27 35 46 88 135 203
47 61 154 161 179 186
49 50 62 70 136 213
54 74 93 144 176 219
53 55 130 152 163 208
64 127 140 191 194 202
66 79 103 126 139 218
68 71 76 85 111 148
75 114 118 125 174 184
16 77 90 94 170 179
47 82 107 121 159 207
4 42 129 143 157 202
7 98 106 150 160 205
1 2 28 48 62 183
3 32 83 88 93 201
5 34 78 131 190 210
6 11 31 121 141 181
8 45 91 114 128 170
10 56 85 123 130 139
12 57 81 137 155 220
13 37 46 129 156 184
14 54 66 97 174 195
15 18 71 92 151 206
17 23 24 39 192 218
19 25 30 72 82 90
20 94 116 165 166 188
21 50 109 115 160 211
22 38 65 74 102 185
22 33 40 51 76 105
36 103 153 171 182 214
41 67 89 170 213 219
44 61 129 162 164 180
49 142 178 215 216 217
55 84 101 107 112 209
59 70 146 194 199 203
63 113 147 186 194 207
29 39 64 77 95 145
29 55 68 73 106 191
52 69 122 149 151 198
75 87 148 153 161 167
76 86 126 129 168 204
16 41 96 154 159 176
99 118 123 158 177 211
81 104 109 120 124 134
64 108 119 143 169 197
60 92 110 112 133 212
22 23 79 84 117 189
6 131 135 144 193 217
67 69 128 152 173 200
17 38 40 101 172 202
59 90 113 139 175 196
1 52 53 161 173 197
2 13 124 146 207 219
3 5 6 42 132 142
4 61 65 111 118 168
7 45 120 126 173 196
8 10 34 66 115 219
9 63 162 203 208 213
11 46 49 68 80 92
12 104 150 177 188 201
14 18 136 166 185 190
15 41 110 122 160 179
19 27 50 75 113 143
20 28 98 123 133 218
18 21 43 47 116 204
24 32 80 87 174 187
25 91 103 117 145 208
26 27 84 159 169 200
30 83 86 121 128 198
31 33 71 77 97 147
25 35 56 148 149 220
36 85 89 160 169 210
37 38 44 63 72 158
48 57 96 171 216 219
51 58 95 102 104 169
54 109 172 180 184 213
8 62 134 144 186 202
1 38 76 112 149 186 223 259 295 332 369 405 442 479 516 553 590 626 664 701 731 774 811 849 886 924 961 999 0 0
2 39 77 113 142 187 224 260 296 331 370 406 443 480 517 554 591 627 665 702 738 775 812 850 887 925 961 1000 0 0
3 40 78 114 150 186 225 261 296 333 371 407 444 481 518 555 592 628 666 703 739 776 813 851 888 926 962 1001 0 0
4 41 79 115 151 188 226 259 297 334 370 408 445 482 519 556 593 629 667 704 740 765 814 852 889 927 959 1002 0 0
5 42 75 116 152 189 227 262 298 335 372 409 446 483 520 557 594 630 668 705 738 777 815 853 889 924 963 1001 0 0
6 43 80 117 153 190 228 263 299 331 373 410 447 484 521 551 595 631 669 706 731 778 816 854 885 922 964 995 1001 0
7 44 79 118 154 187 221 264 300 336 374 411 448 485 522 558 596 632 670 694 741 779 817 849 890 928 960 1003 0 0
4 45 81 113 155 191 225 265 301 337 375 412 449 486 520 559 590 633 669 707 742 780 818 855 891 929 965 1004 1024 0
8 46 76 119 156 192 229 266 302 338 376 413 449 487 518 560 597 634 671 708 743 781 815 856 885 930 939 1005 0 0
9 47 82 120 157 193 223 267 303 339 377 414 450 488 523 561 592 632 672 709 744 782 819 857 892 931 966 1004 0 0
10 48 83 121 155 194 230 268 304 340 378 405 451 489 524 554 598 625 673 704 745 783 817 858 892 932 964 1006 0 0
11 38 84 122 158 189 224 258 305 341 379 415 451 490 525 562 596 635 674 710 746 784 820 854 893 929 967 1007 0 0
4 49 85 123 153 195 231 269 306 342 377 416 452 490 526 563 599 630 675 711 747 785 821 856 894 933 968 1000 0 0
7 49 86 124 159 196 227 265 307 343 380 417 453 489 527 564 600 636 676 701 748 786 822 852 895 915 969 1008 0 0
12 50 77 124 160 197 232 270 308 336 381 418 454 491 528 565 601 637 677 712 749 778 823 857 883 913 970 1009 0 0
11 51 87 124 161 198 233 263 309 344 382 419 442 480 529 566 602 638 678 713 750 787 824 856 892 934 957 989 0 0
13 52 88 120 162 198 234 271 310 336 380 404 455 492 518 567 603 624 669 704 738 784 825 859 896 935 971 997 0 0
14 53 89 113 163 199 235 259 311 345 383 420 456 481 530 568 604 639 663 714 751 788 817 860 897 936 970 1008 1012 0
2 44 90 125 164 194 236 272 299 346 369 421 457 493 527 559 602 640 679 696 749 785 826 840 889 911 972 1010 0 0
15 39 91 126 158 199 237 273 299 344 384 422 458 492 520 555 605 626 680 715 748 789 810 861 898 937 973 1011 0 0
16 40 92 127 154 200 238 263 305 332 385 423 455 494 531 548 606 641 679 702 752 782 827 862 880 915 974 1012 0 0
8 54 93 128 165 186 239 274 312 337 386 424 459 488 532 569 607 642 681 711 753 783 828 854 872 938 975 976 994 0
17 44 94 129 166 197 240 275 313 347 373 409 445 495 533 570 608 641 682 716 754 790 800 855 895 931 971 994 0 0
18 55 95 130 163 201 241 276 299 334 387 425 460 496 528 571 609 643 683 710 755 783 829 863 886 939 971 1013 0 0
3 50 96 117 143 202 226 268 301 348 388 426 461 497 534 561 596 642 665 716 756 791 830 864 899 936 972 1014 1018 0
19 38 97 129 156 202 242 262 314 334 389 421 462 498 523 552 601 644 659 706 757 786 825 865 875 919 937 1015 0 0
20 56 98 117 167 203 235 277 315 341 374 427 455 478 535 556 591 634 664 717 744 783 818 866 900 940 948 1010 1015 0
20 51 97 131 168 194 243 278 310 348 390 425 453 490 531 560 593 645 677 718 758 777 831 867 901 941 961 1011 0 0
18 42 99 122 155 204 244 279 316 349 383 414 463 497 527 572 610 627 664 719 750 792 832 868 869 894 926 984 985 0
21 39 100 132 169 205 227 280 310 339 385 428 464 499 536 563 611 639 678 700 757 793 820 869 886 942 972 1016 0 0
22 57 85 133 162 206 245 281 317 348 384 409 460 481 537 573 602 646 684 720 742 779 811 870 902 943 964 1017 0 0
6 41 101 122 152 207 239 270 317 344 391 412 465 500 515 574 612 625 679 714 759 769 825 864 895 901 962 1013 0 0
12 41 92 134 170 208 231 282 298 350 390 406 464 501 538 564 598 626 670 706 760 792 800 871 888 929 976 1017 0 0
23 53 83 131 171 197 234 283 295 346 391 429 460 502 535 549 596 647 680 721 761 794 828 852 903 944 963 1004 0 0
22 48 99 135 156 187 212 284 297 351 392 428 446 503 539 562 599 648 679 701 762 795 831 861 888 931 948 1018 0 0
3 48 89 136 170 209 223 272 318 331 387 429 455 500 520 575 601 636 671 700 763 796 833 868 884 921 977 1019 0 0
24 40 77 111 172 204 230 262 302 352 393 430 442 492 530 561 588 649 684 700 746 780 809 872 895 945 968 1020 0 0
25 58 80 129 169 210 246 279 309 353 394 423 466 486 522 564 613 637 666 722 744 797 811 873 904 939 975 997 1020 0
3 59 101 112 173 211 228 266 304 343 385 431 459 482 539 576 591 649 668 712 764 798 826 874 905 946 971 984 0 0
20 60 102 121 159 206 225 285 297 354 395 431 467 483 534 577 614 639 680 698 749 782 812 875 906 947 976 997 0 0
26 61 86 136 152 191 247 279 319 355 373 420 468 504 540 561 591 640 681 704 752 789 834 867 888 933 978 989 1009 0
21 60 92 120 174 209 244 260 309 356 386 432 454 504 530 578 605 650 682 720 747 798 830 876 907 944 959 1001 0 0
10 62 96 137 175 201 248 261 306 338 391 431 462 505 522 572 615 626 685 723 763 799 824 855 908 922 923 1012 0 0
20 41 90 138 166 212 227 286 301 338 396 414 447 485 526 568 601 651 686 724 761 771 835 877 907 938 979 1020 0 0
27 49 100 125 167 213 223 287 319 333 397 433 463 503 541 568 594 635 684 702 743 800 824 873 909 918 965 1003 0 0
28 63 94 139 163 196 249 285 320 346 379 422 459 506 542 572 616 644 687 725 765 796 836 867 904 948 968 1006 0 0
21 64 101 131 165 190 237 265 319 353 395 434 445 478 537 579 597 644 674 713 727 801 829 859 910 949 958 1012 0 0
29 60 103 123 163 214 250 264 305 352 384 418 457 507 519 580 617 647 686 717 732 800 834 869 892 910 961 1021 0 0
4 65 91 140 170 189 247 264 295 357 368 431 440 499 529 573 608 624 677 726 755 802 813 865 911 950 980 1006 0 0
27 51 104 133 169 202 231 267 294 349 398 434 449 491 513 571 588 650 663 704 741 803 828 844 912 950 974 1010 0 0
4 61 104 112 158 164 246 270 311 358 393 432 469 494 543 575 594 631 688 727 750 804 835 836 900 935 976 1022 0 0
14 61 96 134 176 213 251 266 296 359 380 435 470 490 532 581 610 632 683 700 765 790 810 862 882 934 944 986 999 0
3 66 91 141 171 190 244 267 321 340 382 413 471 506 514 568 618 648 676 705 735 797 837 855 913 928 952 999 0 0
30 41 95 126 149 205 245 275 302 349 399 407 455 484 541 552 596 637 668 718 747 775 836 858 914 951 969 1023 0 0
13 57 97 114 167 215 252 264 318 339 392 419 447 508 532 582 619 650 689 714 766 789 814 863 906 952 981 985 0 0
8 42 97 136 175 184 237 288 296 360 400 415 469 509 530 565 612 646 690 728 761 805 818 878 886 928 966 1018 0 0
3 67 105 142 177 195 227 278 322 355 391 424 458 503 523 570 587 646 683 719 741 778 838 839 914 927 967 1021 0 0
2 66 87 134 159 186 222 279 314 352 378 411 465 508 537 571 616 630 671 716 758 784 839 848 891 922 940 1022 0 0
25 54 106 123 159 188 244 277 323 361 401 405 449 481 533 561 619 652 661 712 761 795 808 859 884 937 982 998 0 0
25 44 82 143 161 207 249 274 298 352 392 417 460 509 521 554 590 653 674 729 737 788 827 865 894 930 947 993 0 0
8 65 100 144 172 216 233 275 307 341 388 418 460 501 522 578 604 640 689 709 758 796 812 847 896 949 979 1002 0 0
31 43 72 119 178 204 253 282 313 344 380 436 472 485 544 576 613 640 691 729 736 783 837 851 906 950 961 1024 0 0
15 54 107 143 179 190 250 259 314 362 397 427 468 499 545 577 612 627 675 723 760 803 826 851 915 943 983 1005 1020 0
15 68 104 144 174 196 232 289 295 363 395 403 471 493 531 551 592 651 691 711 766 791 817 873 914 953 984 992 0 0
29 37 81 125 180 201 244 269 304 364 402 417 440 484 535 562 597 638 672 730 752 793 809 844 906 925 975 1002 0 0
32 50 85 116 166 199 254 280 314 330 386 437 443 506 518 558 613 653 689 731 752 802 840 866 881 954 969 1004 0 0
31 65 105 145 149 193 239 273 324 354 370 437 456 494 525 572 599 649 686 720 767 797 822 878 909 919 978 996 0 0
9 69 107 127 162 216 226 272 323 358 376 407 464 480 535 565 620 630 683 724 751 780 831 873 910 955 985 1006 0 0
21 70 85 138 150 217 249 288 322 340 397 410 473 510 534 552 591 623 672 722 736 795 815 852 916 929 986 996 0 0
33 58 108 114 179 218 228 278 302 341 370 414 474 500 538 558 616 654 688 715 745 786 806 855 910 950 982 0 0 0
17 71 83 138 175 205 255 273 315 335 388 438 468 496 546 575 616 655 692 702 741 787 809 854 911 955 970 1017 0 0
31 63 92 130 180 195 252 267 325 358 373 431 475 510 547 583 600 635 671 715 737 794 808 879 902 934 972 1020 0 0
11 64 78 146 180 203 242 290 306 363 398 433 454 482 548 574 618 632 681 731 758 795 836 853 911 930 985 0 0 0
2 71 101 116 176 216 232 259 294 348 393 436 463 495 536 584 605 621 685 710 745 794 818 865 888 951 975 0 0 0
7 63 83 140 152 210 225 288 312 352 367 425 443 511 548 562 619 651 693 720 751 790 841 856 913 956 987 1010 0 0
21 48 81 124 173 202 222 277 320 342 400 420 447 492 519 581 621 653 694 703 768 781 811 853 893 955 976 988 0 0
24 72 96 126 153 214 227 287 318 351 379 427 476 486 517 571 597 625 681 721 754 804 840 879 913 957 984 1017 0 0
27 73 76 138 173 219 247 269 311 363 390 421 472 488 528 556 595 628 682 728 745 779 827 859 891 934 963 0 0 0
19 73 105 139 155 208 251 261 308 345 384 439 447 476 548 585 611 656 668 695 769 785 809 852 873 920 954 994 0 0
24 70 98 112 178 215 248 275 309 362 398 415 448 487 523 568 610 647 669 711 739 777 842 870 917 925 947 1006 1013 0
29 50 95 132 153 200 237 261 326 337 376 435 442 510 549 575 604 651 687 704 759 792 843 853 890 940 967 991 0 0
19 71 107 115 181 192 256 275 312 359 387 440 450 503 526 586 622 625 654 729 770 799 822 850 893 916 958 972 0 0
11 63 103 133 182 212 253 279 327 336 386 405 467 496 520 582 597 657 695 709 760 805 827 846 899 927 962 1016 0 0
27 48 103 116 149 198 248 278 300 360 395 430 468 502 547 559 604 658 672 724 756 770 821 880 913 926 981 994 1015 0
1 52 86 142 153 182 248 266 324 340 399 434 446 481 528 569 605 659 696 729 766 800 841 866 901 955 966 1019 0 0
34 70 80 141 183 216 254 257 308 350 383 438 461 512 526 554 607 633 671 717 765 789 844 849 895 946 988 1016 0 0
9 49 89 129 175 198 252 284 316 363 386 435 441 494 550 557 622 660 661 717 764 806 845 867 912 943 987 1013 0 0
32 58 88 132 158 191 251 259 323 331 372 433 462 485 527 580 606 649 660 708 753 787 838 863 902 948 962 0 0 0
13 46 104 118 172 217 235 291 328 360 384 414 464 506 545 553 593 657 679 707 747 790 823 875 918 925 978 1019 0 0
16 62 89 145 178 197 254 292 320 364 372 424 451 509 546 577 618 651 684 722 769 776 814 874 910 957 972 998 0 0
18 72 106 147 164 215 233 274 325 360 391 440 454 511 525 556 592 656 670 732 738 801 843 881 915 933 965 1014 0 0
31 62 90 114 173 183 240 284 305 337 401 434 458 504 515 552 593 632 695 705 743 791 821 868 886 935 970 993 1006 0
7 72 107 135 180 199 223 292 308 365 388 432 471 508 550 570 598 647 678 728 755 807 832 880 904 951 962 0 0 0
32 74 109 141 184 192 226 270 328 346 374 436 468 508 533 562 610 624 668 733 767 806 829 876 887 957 973 0 0 0
6 54 88 125 184 217 243 285 329 366 377 423 474 504 546 573 611 659 676 713 762 780 846 849 893 930 984 1022 0 0
28 57 93 147 149 220 253 287 330 338 387 423 469 483 539 581 618 627 669 699 740 785 844 876 901 937 989 1021 0 0
35 64 98 145 177 219 250 293 325 359 377 425 466 513 551 582 601 640 690 694 764 784 813 855 887 936 969 1017 0 0
5 66 108 146 155 207 253 271 325 356 388 421 456 480 532 577 615 631 697 717 743 793 841 870 888 893 960 1011 0 0
22 55 87 117 168 215 247 290 312 333 377 434 451 477 530 575 613 641 668 721 735 808 832 875 896 923 990 0 0 0
27 64 106 115 184 200 251 282 316 343 396 407 448 505 520 566 623 653 665 730 755 794 823 854 901 919 931 932 0 0
11 62 91 111 166 188 256 266 311 342 367 412 457 513 524 579 607 627 662 706 737 772 831 838 878 942 981 997 0 0
30 70 103 127 160 191 234 281 297 335 382 416 441 497 525 553 612 634 693 729 755 768 817 876 905 942 975 1022 0 0
8 71 108 130 182 204 243 289 306 332 402 407 457 502 545 554 608 652 678 720 759 804 810 874 891 954 977 1014 0 0
24 51 109 140 151 208 244 284 299 360 403 409 456 500 536 587 606 655 694 722 737 773 812 866 877 946 991 1007 1022 0
13 39 94 147 148 200 257 286 314 340 369 425 474 507 544 578 599 652 666 721 733 805 838 860 868 934 976 0 0 0
35 68 80 134 160 214 243 291 315 333 375 420 459 510 544 566 609 648 667 708 748 775 821 859 912 945 960 985 0 0
16 55 74 144 180 187 255 257 310 362 400 414 473 486 529 555 614 629 676 720 743 778 845 866 905 958 981 0 0 0
26 54 92 137 173 210 254 283 300 331 389 422 442 513 544 574 589 629 683 707 749 793 815 848 899 931 992 0 0 0
14 60 87 119 181 218 223 273 325 364 381 427 445 497 521 564 624 648 689 710 753 780 805 845 917 941 974 991 1023 0
22 38 106 120 141 203 239 248 322 358 385 435 476 495 524 582 616 645 691 707 748 776 847 850 897 921 993 1009 0 0
15 55 103 131 178 219 246 258 330 354 381 439 459 511 538 584 586 632 679 733 757 788 815 877 879 940 955 1002 0 0
6 65 89 118 179 201 242 268 327 356 393 439 453 493 518 556 606 648 692 725 761 768 820 882 916 924 981 993 0 0
32 43 102 112 165 198 241 287 301 350 399 411 439 498 525 555 615 654 673 726 737 796 834 883 897 931 983 998 1010 0
29 38 94 136 179 219 226 282 308 366 392 413 470 502 531 583 602 631 662 722 741 775 822 848 907 923 956 965 0 0
26 67 100 135 151 214 236 274 324 348 387 430 472 489 538 551 612 637 698 730 771 790 808 874 890 924 974 1004 0 0
9 66 102 139 169 215 232 291 330 361 371 424 473 507 547 576 596 634 675 728 742 786 835 850 889 932 973 1012 0 0
33 59 82 140 162 167 221 262 297 346 398 423 458 510 517 563 622 631 690 734 760 787 834 860 884 932 994 1014 0 0
25 56 84 130 177 187 239 251 321 350 403 419 468 479 549 576 605 636 669 716 768 805 836 857 912 956 990 1002 0 0
32 56 99 146 170 181 222 291 296 345 397 434 457 514 522 561 590 645 693 734 764 794 825 846 906 938 992 0 0 0
5 57 82 144 160 199 228 276 327 350 379 436 462 499 546 574 588 645 696 735 739 781 822 858 891 944 991 1003 0 0
36 67 102 126 172 218 249 286 305 345 380 406 471 477 535 559 608 642 694 712 750 777 819 863 912 958 964 1016 0 0
6 75 78 121 165 209 219 267 307 345 369 440 448 508 542 563 620 641 667 710 742 781 824 861 914 935 986 1009 0 0
36 62 76 132 179 214 241 277 317 355 386 429 461 484 548 584 588 644 691 699 762 784 812 860 918 926 966 990 1011 0
1 74 93 143 163 189 230 293 317 349 390 428 467 495 522 576 622 633 672 713 761 807 838 879 919 935 991 1000 0 0
35 66 95 128 183 197 236 273 310 353 389 417 444 482 542 588 621 635 664 723 756 802 838 862 916 933 956 0 0 0
15 59 90 146 185 195 247 292 309 360 404 441 474 478 549 582 620 629 662 708 736 799 820 864 919 954 988 1003 0 0
18 51 89 139 162 218 258 288 329 355 374 432 444 495 526 583 613 649 665 698 759 793 827 858 911 937 953 0 0 0
17 43 97 137 146 188 235 268 298 346 402 435 444 491 540 578 609 658 675 701 771 779 839 842 905 935 965 996 1016 0
25 52 101 127 184 205 253 293 311 351 384 435 451 493 534 583 608 654 664 705 739 778 828 871 909 959 968 979 988 0
19 49 109 130 152 220 254 271 323 362 371 430 466 497 517 560 590 638 680 732 741 798 820 871 897 952 966 0 0 0
18 47 91 142 180 185 239 282 328 359 369 439 477 509 552 567 617 633 689 723 754 798 835 867 890 945 963 995 0 0
26 69 98 119 155 213 240 276 320 365 368 438 469 500 517 562 623 626 675 712 766 788 828 846 902 942 945 1001 0 0
30 47 84 125 156 216 252 279 311 361 398 410 445 483 544 580 603 646 687 700 756 807 813 866 908 915 993 1011 0 0
22 69 78 128 169 188 257 271 295 354 387 422 447 514 541 583 591 660 688 709 746 777 823 882 894 908 991 1024 0 0
37 67 110 127 159 208 243 276 303 340 404 432 475 505 532 576 602 627 663 707 756 774 833 853 883 948 995 0 0 0
26 47 85 118 174 205 246 262 308 332 376 427 444 514 515 587 595 661 685 713 740 796 841 863 887 947 950 1008 0 0
12 52 109 121 183 190 255 275 327 363 385 422 463 511 540 566 600 634 672 726 753 804 811 860 864 907 967 0 0 0
33 61 99 131 182 206 236 261 328 362 396 410 443 501 516 571 589 655 699 708 744 780 822 865 914 936 942 0 0 0
29 68 111 115 158 203 236 265 321 356 397 425 465 483 536 572 598 624 663 703 754 778 827 849 903 954 966 998 0 0
29 72 101 133 177 193 254 286 328 357 367 441 453 514 521 566 615 637 675 715 757 795 833 862 891 926 953 0 0 0
14 63 106 132 156 211 222 287 307 347 377 437 478 512 540 557 593 637 685 729 739 773 835 880 898 929 964 0 0 0
2 73 110 123 177 211 220 265 326 364 398 429 470 506 552 565 607 654 678 733 746 781 817 863 899 943 980 1001 0 0
19 53 78 147 175 221 246 292 303 366 385 426 453 480 545 580 614 635 689 730 772 792 821 858 885 959 992 1010 0 0
25 48 97 111 171 196 226 281 326 338 383 424 476 478 515 558 622 638 692 726 749 800 846 862 896 951 995 1024 0 0
22 65 102 148 154 210 230 270 310 365 373 416 472 505 549 557 617 655 695 703 740 772 839 871 907 925 984 1014 0 0
5 45 98 148 170 186 234 289 316 351 393 426 450 504 541 560 602 658 683 728 748 797 814 877 881 890 982 1000 0 0
1 68 110 129 164 187 237 286 307 354 402 426 472 487 547 567 587 653 677 699 747 776 820 884 892 923 983 1017 0 0
28 47 87 148 171 207 224 264 306 362 390 408 470 498 527 570 609 639 691 712 752 801 833 885 909 955 987 1018 0 0
17 67 88 124 147 194 229 262 327 349 395 411 452 494 516 586 613 662 687 723 751 794 814 871 918 946 986 1018 0 0
8 50 90 120 167 217 255 265 320 361 391 408 444 513 548 586 617 638 673 735 767 774 816 861 894 941 960 1007 0 0
32 64 82 142 149 210 236 263 304 342 404 413 463 500 543 550 608 628 680 725 757 762 830 870 920 941 970 986 0 0
9 39 93 134 151 204 248 269 305 353 368 432 460 498 513 584 614 651 692 718 754 781 823 881 884 952 996 0 0 0
15 45 105 121 157 200 240 274 328 341 380 411 462 479 519 583 594 663 692 713 734 776 831 870 905 939 977 987 0 0
4 40 83 134 162 192 224 286 321 347 383 422 448 509 534 553 611 650 662 732 744 808 845 883 921 949 989 0 0 0
35 46 81 137 157 206 228 260 318 352 374 405 472 502 541 579 586 659 666 725 773 785 832 845 915 938 967 0 0 0
33 43 110 128 152 202 251 291 329 339 376 405 455 503 550 577 600 629 692 710 735 788 813 876 903 946 968 0 0 0
37 62 99 144 176 195 234 272 315 365 399 415 449 511 542 558 611 649 677 714 754 782 837 850 899 924 959 0 0 0
35 53 100 122 185 209 238 281 300 351 370 438 473 487 540 570 592 661 695 696 733 783 810 883 922 941 990 1020 0 0
37 39 109 119 168 209 245 288 301 366 401 433 452 479 528 577 616 653 670 709 764 797 842 862 895 958 989 1015 0 0
20 74 107 148 157 188 252 282 299 347 382 433 451 515 516 581 604 628 690 711 727 786 815 869 903 960 974 1009 1019 0
36 56 104 128 151 199 230 260 298 333 401 410 453 486 523 567 599 638 671 724 759 799 826 834 899 949 987 999 0 0
34 51 108 123 157 203 256 261 330 335 373 428 463 492 517 569 620 660 670 730 756 805 848 875 904 944 979 1005 0 0
7 55 75 113 164 206 238 273 329 338 399 408 442 490 536 580 607 644 682 709 739 795 839 868 912 932 952 0 0 0
10 73 88 145 168 206 255 276 309 342 371 406 449 508 544 557 584 657 674 715 734 791 841 869 890 921 979 0 0 0
30 53 108 117 154 219 231 274 326 355 375 433 465 499 539 579 600 657 685 705 765 770 840 857 906 917 973 0 0 0
28 56 79 136 183 212 234 268 322 364 394 437 474 480 516 574 594 641 674 732 766 803 823 879 922 926 973 1008 0 0
6 57 86 130 166 205 232 269 300 354 372 429 450 482 516 585 624 657 673 736 743 807 842 847 898 945 987 0 0 0
20 46 77 129 176 191 249 263 324 357 371 411 469 488 524 563 619 635 695 701 759 803 829 881 917 936 988 1002 0 0
17 60 84 131 150 220 238 269 312 336 392 420 475 486 541 557 598 652 697 731 765 803 843 864 887 920 992 1015 1019 1022
10 68 85 148 177 185 253 266 312 335 389 418 445 484 512 585 606 645 688 714 744 792 830 861 886 957 965 978 0 0
1 69 90 139 174 207 238 277 303 334 372 437 477 497 550 573 589 645 670 727 745 789 837 854 916 925 977 1021 0 0
9 63 76 117 161 220 250 280 322 357 372 436 452 504 538 559 609 636 655 734 758 799 828 861 883 928 997 1023 0 0
24 53 110 120 179 222 224 289 315 344 371 416 464 489 528 559 622 641 687 727 753 802 844 868 920 927 996 999 1003 0
13 75 96 123 161 212 242 292 315 332 400 406 456 499 537 586 623 658 698 719 745 798 833 873 903 956 969 1013 0 0
12 71 104 141 163 221 247 278 304 344 400 437 475 487 521 569 603 636 666 723 746 801 819 877 889 942 998 0 0 0
27 43 91 144 157 211 221 280 306 337 392 438 456 489 543 585 601 646 667 703 738 774 806 879 917 951 989 0 0 0
18 58 79 121 172 195 237 271 303 332 401 436 476 498 529 551 607 648 693 703 760 807 830 848 901 930 990 1007 0 0
37 58 86 128 138 193 250 294 313 336 375 426 471 483 515 554 610 662 684 721 762 801 816 856 897 940 980 0 0 0
33 46 70 115 174 193 225 264 314 342 399 409 459 496 535 588 603 656 676 728 771 774 810 864 923 949 957 1009 0 0
12 64 94 140 156 204 241 258 300 358 394 426 477 488 519 553 625 639 676 702 767 785 818 882 903 943 979 1023 0 0
12 55 100 114 171 192 235 294 325 365 389 412 467 493 539 587 620 652 687 718 748 809 834 849 894 938 964 0 0 0
34 50 107 122 175 218 231 293 322 343 378 421 470 514 529 567 593 658 684 708 768 808 812 829 900 920 977 0 0 0
23 69 80 124 170 201 255 287 302 359 378 441 446 495 545 574 603 644 663 719 742 782 830 878 917 933 961 0 0 0
19 58 98 135 164 189 232 283 326 347 397 412 461 501 546 569 615 646 686 731 740 810 837 859 905 956 968 1023 0 0
36 59 83 141 168 207 240 263 319 361 369 430 467 501 545 565 592 659 665 726 763 779 836 848 882 898 975 1008 0 0
14 52 95 135 150 208 256 290 294 361 370 431 466 488 531 589 594 636 657 717 757 787 839 876 913 949 983 1024 0 0
5 72 84 145 181 209 249 290 295 349 394 418 458 498 547 579 611 628 665 707 740 771 826 856 900 928 945 1013 0 0
31 52 81 143 181 220 233 283 321 353 378 439 443 491 530 573 620 631 661 698 763 776 819 869 918 927 973 1007 0 0
36 42 77 137 154 194 250 290 323 364 403 428 475 478 550 568 614 650 667 706 767 802 804 847 893 939 994 0 0 0
16 68 108 135 169 213 224 293 316 358 382 410 458 485 518 573 619 643 681 716 749 809 842 843 878 941 963 1008 0 0
21 66 79 142 161 211 238 285 302 335 390 440 466 505 524 555 604 642 699 721 767 790 842 877 900 953 985 0 0 0
26 38 77 147 181 190 245 289 294 367 400 417 446 501 532 575 606 633 680 724 736 806 824 840 904 932 971 0 0 0
34 61 88 146 178 189 225 278 307 334 374 416 471 507 536 585 623 650 690 716 763 775 840 872 909 943 995 0 0 0
7 70 93 105 158 197 242 276 326 348 378 419 477 507 540 563 590 655 697 724 738 762 813 845 885 953 982 983 0 0
14 42 105 125 172 186 221 283 313 339 379 413 454 505 534 579 621 643 688 726 733 803 841 850 874 937 969 0 0 0
23 60 93 140 176 217 233 280 331 345 375 407 466 494 526 570 597 643 658 725 766 772 826 853 898 923 998 1003 0 0
35 44 103 109 165 217 256 268 317 357 396 415 454 512 549 572 595 630 678 698 752 786 814 884 900 939 992 999 0 0
16 46 86 116 171 211 231 289 301 353 379 419 475 484 533 556 617 660 690 719 755 799 831 851 921 947 986 1016 0 0
28 71 81 126 168 213 230 284 324 350 396 418 473 493 543 553 600 656 682 719 751 784 837 880 908 930 982 0 0 0
36 49 92 143 166 215 243 281 327 365 376 408 446 512 543 581 615 640 666 730 769 787 829 872 914 928 996 1015 0 0
30 61 111 138 185 200 235 260 324 347 394 417 450 511 537 565 618 643 691 715 764 796 821 871 889 920 962 1007 0 0
23 56 73 114 182 214 245 267 330 343 368 416 462 509 512 560 610 661 694 702 751 774 843 847 916 953 959 997 1024 0
30 59 74 133 176 201 222 271 329 368 395 429 443 479 523 564 625 642 667 737 771 789 816 832 909 948 982 1005 0 0
24 54 79 116 182 196 229 272 313 355 388 428 470 479 521 580 618 628 673 718 750 798 825 878 887 929 988 1012 0 0
33 69 84 113 173 184 245 292 318 357 381 430 465 507 542 555 587 643 693 706 750 801 844 852 907 918 960 0 0 0
28 40 80 132 161 208 229 260 316 367 368 421 465 503 525 582 617 652 688 711 763 807 818 858 896 924 970 0 0 0
13 59 87 145 151 203 258 285 303 367 375 413 461 496 533 585 595 647 696 701 768 804 843 865 902 938 958 983 1000 0
11 45 95 110 136 194 246 277 313 333 383 406 473 491 546 551 605 630 697 725 770 782 806 872 902 919 952 1005 1014 0
10 41 82 119 154 216 241 280 319 351 382 424 474 481 542 567 589 647 682 697 746 773 833 875 911 940 981 0 0 0
34 44 78 126 160 196 241 288 321 337 393 423 467 490 524 578 603 629 686 714 770 802 832 870 874 922 963 1019 0 0
23 45 106 118 183 192 228 293 297 339 402 409 452 492 527 589 598 642 686 736 769 775 846 867 908 934 974 990 0 0
23 37 75 112 160 210 229 258 318 334 403 438 450 506 529 581 599 656 685 734 753 779 792 851 910 936 993 0 0 0
5 67 111 139 153 165 242 272 296 343 401 408 441 496 531 578 614 633 699 732 773 788 811 857 908 950 978 1005 1023 0
31 47 75 115 159 191 257 291 317 363 381 419 452 487 539 558 621 659 674 722 760 772 816 847 872 944 977 0 0 0
1 40 99 118 178 213 252 290 298 341 389 404 476 502 533 560 612 639 673 697 772 791 835 857 904 927 946 980 0 0
10 42 94 127 167 198 256 270 329 356 402 420 461 485 538 571 623 656 700 718 742 797 819 885 898 947 980 1021 0 0
17 45 96 133 174 218 257 283 320 366 394 415 464 510 543 584 619 634 696 705 758 773 825 851 892 933 980 995 0 0
2 65 74 137 150 212 229 281 319 359 381 412 469 489 519 566 595 660 664 735 747 791 819 880 897 954 971 1011 0 0
16 73 102 122 150 202 233 284 323 366 404 427 448 482 537 569 609 626 677 693 770 793 816 860 882 951 978 1000 1004 1021
34 57 76 113 185 193 240 285 304 356 396 403 457 491 547 564 621 654 681 727 769 777 824 881 896 921 967 1018 0 0
