1024 284
6 22
6 6 6 6 6 6 6 6 6 6 6 6 6 6 6 6 6 6 6 6 6 6 6 6 6 6 6 6 6 6 6 6 6 6 6 6 6 6 6 6 6 6 6 6 6 6 6 6 6 6 6 6 6 6 6 6 6 6 6 6 6 6 6 6 6 6 6 6 6 6 6 6 6 6 6 6 6 6 6 6 6 6 6 6 6 6 6 6 6 6 6 6 6 6 6 6 6 6 6 6 6 6 6 6 6 6 6 6 6 6 6 6 6 6 6 6 6 6 6 6 6 6 6 6 6 6 6 6 6 6 6 6 6 6 6 6 6 6 6 6 6 6 6 6 6 6 6 6 6 6 6 6 6 6 6 6 6 6 6 6 6 6 6 6 6 6 6 6 6 6 6 6 6 6 6 6 6 6 6 6 6 6 6 6 6 6 6 6 6 6 6 6 6 6 6 6 6 6 6 6 6 6 6 6 6 6 6 6 6 6 6 6 6 6 6 6 6 6 6 6 6 6 6 6 6 6 6 6 6 6 6 6 6 6 6 6 6 6 6 6 6 6 6 6 6 6 6 6 6 6 6 6 6 6 6 6 6 6 6 6 6 6 6 6 6 6 6 6 6 6 6 6 6 6 6 6 6 6 6 6 6 6 6 6 6 6 6 6 6 6 6 6 6 6 6 6 6 6 6 6 6 6 6 6 6 6 6 6 6 6 6 6 6 6 6 6 6 6 6 6 6 6 6 6 6 6 6 6 6 6 6 6 6 6 6 6 6 6 6 6 6 6 6 6 6 6 6 6 6 6 6 6 6 6 6 6 6 6 6 6 6 6 6 6 6 6 6 6 6 6 6 6 6 6 6 6 6 6 6 6 6 6 6 6 6 6 6 6 6 6 6 6 6 6 6 6 6 6 6 6 6 6 6 6 6 6 6 6 6 6 6 6 6 6 6 6 6 6 6 6 6 6 6 6 6 6 6 6 6 6 6 6 6 6 6 6 6 6 6 6 6 6 6 6 6 6 6 6 6 6 6 6 6 6 6 6 6 6 6 6 6 6 6 6 6 6 6 6 6 6 6 6 6 6 6 6 6 6 6 6 6 6 6 6 6 6 6 6 6 6 6 6 6 6 6 6 6 6 6 6 6 6 6 6 6 6 6 6 6 6 6 6 6 6 6 6 6 6 6 6 6 6 6 6 6 6 6 6 6 6 6 6 6 6 6 6 6 6 6 6 6 6 6 6 6 6 6 6 6 6 6 6 6 6 6 6 6 6 6 6 6 6 6 6 6 6 6 6 6 6 6 6 6 6 6 6 6 6 6 6 6 6 6 6 6 6 6 6 6 6 6 6 6 6 6 6 6 6 6 6 6 6 6 6 6 6 6 6 6 6 6 6 6 6 6 6 6 6 6 6 6 6 6 6 6 6 6 6 6 6 6 6 6 6 6 6 6 6 6 6 6 6 6 6 6 6 6 6 6 6 6 6 6 6 6 6 6 6 6 6 6 6 6 6 6 6 6 6 6 6 6 6 6 6 6 6 6 6 6 6 6 6 6 6 6 6 6 6 6 6 6 6 6 6 6 6 6 6 6 6 6 6 6 6 6 6 6 6 6 6 6 6 6 6 6 6 6 6 6 6 6 6 6 6 6 6 6 6 6 6 6 6 6 6 6 6 6 6 6 6 6 6 6 6 6 6 6 6 6 6 6 6 6 6 6 6 6 6 6 6 6 6 6 6 6 6 6 6 6 6 6 6 6 6 6 6 6 6 6 6 6 6 6 6 6 6 6 6 6 6 6 6 6 6 6 6 6 6 6 6 6 6 6 6 6 6 6 6 6 6 6 6 6 6 6 6 6 6 6 6 6 6 6 6 6 6 6 6 6 6 6 6 6 6 6 6 6 6 6 6 6 6 6 6 6 6 6 6 6 6 6 6 6 6 6 6 6 6 6 6 6 6 6 6 6 6 6 6 6 6 6 6 6 6 6 6 6 6 6 6 6 6 6 6 6 6 6 6 6 6 6 6 6 6 6 6 6 6 6 6 6 6 6 6 6 6 6 6 6 6 6 6 6 6 6 6 6 6 6 6 6 6 6 6 6 6 6 6 6 6 6 6 6 6 6 6 6 6 6 6 6 6 6 6 6 6 6 6 6 6 6 6 6 6 6 6 6 6 6 6 6 6 6 6 6 6 6 6 6 6 6 6 6 6 6 6 6 6 6 6 6 6 6 6 6 6 6 6 6 6 6 6 6 6 6 6 6 6 6 6 6 6 6 6 6 6 6 6 6 6 6 6 6 6 6 6 6 6 6 6 6 6 6 6
22 22 22 22 22 22 22 22 22 22 22 22 22 22 22 22 22 22 22 22 22 22 22 22 22 22 22 22 22 22 22 22 22 22 22 22 22 21 22 22 22 22 22 21 22 21 21 21 22 21 22 22 22 22 21 22 21 21 22 21 21 22 21 22 21 22 21 21 21 21 22 22 22 21 22 22 21 21 21 21 21 22 22 22 21 22 22 22 21 21 21 22 22 22 22 22 21 21 22 22 22 22 21 22 22 22 22 22 22 22 22 22 22 22 21 21 22 21 22 22 21 22 21 22 21 21 22 21 22 22 22 22 21 22 22 22 21 21 22 22 22 21 22 21 22 21 22 22 21 22 22 22 21 21 22 21 22 22 22 22 22 22 22 22 21 22 22 22 22 21 21 22 21 22 21 22 21 21 22 21 21 21 21 22 21 21 21 22 22 21 21 21 22 22 22 22 21 22 22 22 21 22 22 21 22 22 22 21 22 21 21 21 21 21 21 22 21 22 22 22 22 22 22 22 22 21 22 21 22 21 21 22 21 22 21 21 22 22 21 22 22 21 21 22 22 22 22 22 21 22 21 22 22 21 21 21 21 22 21 21 21 22 22 22 22 21 22 21 22 22 22 22 22 21 22 21 22 22 21 22 21 21 21 21
1 109 160 190 220 278
2 24 75 95 183 281
3 31 45 49 68 73
4 9 16 62 64 197
5 124 153 187 241 276
6 39 121 142 156 214
7 14 93 118 209 250
8 25 69 74 131 192
10 84 108 146 194 218
11 53 208 219 270 277
12 17 91 104 127 271
13 38 174 224 231 232
15 66 111 130 223 268
18 60 136 181 239 251
19 72 77 140 157 195
20 110 134 243 254 282
21 87 161 189 221 283
22 30 113 159 165 226
23 96 101 163 182 236
26 27 42 47 203 215
28 44 52 79 86 244
29 35 116 133 167 179
32 235 249 259 272 274
33 83 90 123 217 264
34 57 59 144 155 180
36 126 137 152 169 246
37 48 81 94 117 213
40 106 175 207 252 265
41 56 80 122 166 168
43 107 149 205 257 260
46 58 71 82 233 273
50 67 70 102 112 162
51 99 141 150 206 262
54 188 211 238 263 284
55 65 128 158 177 255
61 88 176 227 228 247
63 103 143 237 269 275
76 89 114 185 186 253
78 100 115 184 212 222
85 105 129 216 266 279
92 125 132 138 139 261
97 135 148 245 248 280
98 154 191 199 210 240
119 147 172 198 202 234
120 145 164 171 200 201
151 173 178 230 258 267
170 193 196 204 242 256
15 35 63 67 225 229
1 22 60 70 254 273
2 47 51 62 107 181
3 13 100 104 124 215
4 21 158 192 200 277
5 108 140 154 185 272
6 20 85 135 236 238
7 41 106 190 261 264
8 79 144 151 227 246
9 10 48 170 202 269
11 17 89 111 163 175
12 28 71 98 177 242
14 19 29 99 126 156
16 36 49 90 188 223
18 80 148 171 235 258
23 81 92 180 255 260
24 57 129 210 229 232
25 37 78 191 245 278
26 147 160 247 253 283
27 105 168 204 226 270
30 68 75 119 157 182
31 46 53 206 237 259
32 61 123 179 257 282
33 142 143 178 186 212
34 40 45 214 218 251
38 138 145 172 211 262
39 166 205 233 234 268
42 103 120 243 244 250
43 44 114 159 174 248
50 117 153 209 219 267
52 73 116 122 213 221
54 87 149 230 240 265
55 134 137 183 252 276
56 74 84 91 263 281
58 88 118 194 222 266
59 93 165 189 249 271
64 113 121 125 199 228
65 97 112 146 203 217
66 110 139 173 193 195
69 83 101 150 241 256
72 86 102 184 197 207
76 133 136 152 196 284
77 128 176 231 239 275
82 132 161 187 225 280
61 94 95 130 162 201
96 164 169 218 220 225
66 109 127 198 224 274
115 155 167 208 234 279
112 131 138 163 216 249
10 22 78 141 230 232
1 35 75 93 188 255
2 33 40 71 85 209
3 8 65 201 205 270
4 32 60 155 195 276
5 30 116 145 207 247
6 48 80 82 176 215
7 26 31 74 187 196
9 29 41 153 248 266
11 68 88 178 191 203
12 18 25 57 262 282
13 21 86 126 185 263
14 104 149 192 235 279
15 79 97 172 181 277
16 39 67 87 180 243
17 24 45 64 147 260
19 44 131 160 268 284
20 58 73 95 127 253
23 100 103 136 156 227
27 83 140 161 202 251
28 56 96 198 219 252
34 91 114 130 199 256
36 168 182 254 267 274
37 90 128 139 194 271
38 50 142 204 245 283
42 125 151 167 236 259
43 115 122 137 211 237
46 92 109 123 197 240
47 148 169 175 193 210
49 133 134 174 216 278
51 63 72 94 190 208
52 55 69 129 223 228
53 81 110 214 217 222
54 119 200 229 241 273
59 89 102 171 179 269
62 124 143 159 162 242
70 111 152 154 231 280
76 117 121 141 164 257
77 106 135 164 170 189
84 98 107 157 167 224
65 99 113 220 272 281
101 118 132 144 166 239
105 146 213 246 261 275
108 177 206 226 243 264
120 150 165 183 212 238
24 158 173 184 233 250
186 195 244 255 265 280
101 108 197 221 258 284
1 56 97 100 129 206
2 23 41 102 192 199
3 44 125 170 209 229
4 33 116 163 205 232
5 14 95 151 174 217
6 138 169 177 208 230
7 57 113 137 186 277
8 50 66 122 165 218
9 149 185 225 227 254
10 21 71 110 144 190
11 20 84 132 184 235
12 19 92 115 200 203
13 16 160 183 193 257
15 22 31 83 98 266
17 38 94 244 272 273
18 72 93 114 146 198
25 27 89 188 233 276
26 52 154 201 222 267
28 36 63 118 135 260
29 119 130 189 215 237
30 42 128 219 240 268
32 47 54 73 156 231
34 126 172 173 187 226
35 40 43 74 176 274
37 64 150 224 265 270
39 60 207 246 248 271
45 55 103 109 141 148
46 59 78 96 107 228
48 67 158 182 253 262
49 51 80 92 250 283
53 87 157 171 256 278
58 121 181 249 263 264
61 99 180 204 252 258
62 68 81 161 179 238
69 75 142 175 194 259
70 114 120 139 221 279
76 124 191 234 261 281
77 79 127 133 210 212
82 106 112 136 147 223
16 78 85 91 145 239
86 107 128 178 216 241
88 104 140 196 213 236
90 141 166 242 247 277
105 134 162 211 220 250
65 111 117 123 143 155
131 153 159 168 214 275
2 87 152 202 245 282
54 192 244 251 261 269
1 8 48 148 191 226
3 52 59 142 252 254
4 20 93 115 154 204
5 13 47 60 146 180
6 57 66 86 158 199
7 61 89 214 224 273
9 68 219 236 275 278
10 40 41 136 238 270
11 156 221 229 246 257
12 26 53 117 183 225
14 211 212 223 265 282
15 28 120 124 185 251
17 144 188 193 237 258
18 42 81 160 230 241
19 45 56 162 215 216
21 109 151 153 206 260
22 96 104 106 118 179
23 134 202 222 242 263
24 85 157 203 269 274
25 103 112 135 207 267
27 77 138 147 165 248
29 39 69 71 196 255
30 63 76 95 235 256
31 50 99 164 234 265
32 67 82 119 178 201
33 55 94 132 150 227
34 51 64 247 266 284
35 88 195 199 217 283
36 72 116 181 191 272
37 79 163 167 168 231
38 74 80 83 110 197
43 49 108 139 170 219
44 171 187 194 198 243
46 126 130 174 190 213
58 100 155 169 245 262
62 97 122 145 264 273
70 81 127 166 209 259
73 102 113 140 177 232
66 75 121 149 172 239
84 105 123 189 208 244
24 90 101 125 131 280
91 152 173 205 210 249
98 133 176 220 221 233
111 118 186 200 218 240
43 129 161 175 253 271
85 137 184 228 268 281
91 143 177 182 276 279
55 58 159 167 209 272
1 27 119 132 247 268
2 72 138 155 185 255
3 47 82 128 135 211
4 73 130 157 164 194
5 48 56 141 152 178
6 68 116 150 253 260
7 38 67 84 134 188
8 22 46 149 195 222
9 65 76 127 180 223
10 92 168 171 251 276
11 154 159 180 192 281
12 35 41 142 206 210
13 79 123 245 259 267
14 54 102 264 275 277
15 20 25 166 179 237
16 52 97 104 136 208
17 29 162 164 217 249
18 21 131 143 228 234
19 94 186 187 220 254
23 31 112 190 200 271
26 44 126 144 163 280
28 75 109 201 218 283
30 50 71 100 151 263
32 114 160 233 238 240
33 34 80 93 99 169
36 62 77 89 184 241
37 69 105 172 235 282
39 61 74 216 225 270
40 120 148 158 202 278
42 78 198 213 256 266
45 59 101 175 212 246
49 96 229 230 269 281
51 108 173 183 227 236
53 98 170 207 232 284
57 70 88 146 156 242
60 117 182 214 231 250
63 122 139 153 174 196
64 90 115 189 193 239
83 95 103 165 181 204
86 111 113 147 161 215
87 124 137 140 163 248
106 205 224 226 262 279
107 110 121 129 258 261
60 125 145 197 252 257
61 78 133 149 203 243
139 176 200 209 242 245
5 10 142 250 274 284
1 41 143 150 218 280
2 16 22 69 169 264
3 54 96 121 155 247
4 56 156 184 217 258
6 9 90 140 187 216
7 29 77 91 204 230
8 24 37 161 234 248
11 73 83 97 170 212
12 80 154 244 260 275
13 25 35 50 101 130
14 157 191 228 255 263
15 51 88 102 106 198
17 21 125 137 176 232
9 18 19 31 55 214
20 79 122 126 148 223
23 58 129 211 268 274
26 46 84 246 249 279
27 109 133 236 237 257
28 43 116 173 235 273
30 44 74 213 224 251
32 59 105 190 196 265
33 66 107 144 201 252
34 49 95 113 153 203
36 110 115 206 215 283
38 124 136 221 222 256
39 128 208 210 269 272
40 52 93 162 240 241
42 117 127 152 159 172
45 53 71 145 202 261
47 103 167 182 186 225
48 62 118 160 259 276
57 68 141 168 192 227
63 111 179 181 233 271
64 85 92 112 178 194
65 72 81 193 199 254
67 126 183 195 205 207
70 75 86 123 134 270
46 76 132 146 147 188
82 177 197 262 267 278
87 94 100 185 231 238
89 108 151 158 220 282
98 119 120 131 253 277
99 104 171 219 226 239
114 138 166 175 229 264
17 61 135 165 174 266
5 15 92 162 189 243
1 39 108 123 135 144
2 3 10 32 187 212
4 42 57 190 248 249
6 107 130 171 195 206
7 25 100 241 255 259
8 12 87 132 167 176
11 96 217 223 260 262
13 129 181 214 221 269
14 111 166 193 202 225
16 35 106 151 194 228
18 43 134 210 256 265
19 149 173 247 263 270
20 91 128 138 142 215
21 31 147 226 238 254
22 79 183 211 242 253
23 55 67 77 98 155
24 70 196 205 266 278
26 102 120 152 271 276
27 38 68 122 208 209
28 37 153 154 200 274
29 58 112 117 160 251
30 41 53 125 164 179
25 33 51 95 140 175
34 85 115 118 158 257
36 99 131 170 222 240
40 90 156 159 233 283
44 47 50 141 199 216
45 81 83 88 93 139
48 116 121 201 203 234
49 84 169 232 252 277
52 62 80 224 237 261
54 71 143 163 213 243
56 72 113 145 231 279
59 73 76 137 161 244
60 94 114 133 157 189
63 74 119 177 204 227
64 104 182 218 230 246
65 82 101 172 192 207
66 105 136 185 191 280
69 78 110 124 219 284
75 127 170 174 250 282
86 146 148 164 236 272
89 150 229 258 268 275
97 134 178 180 198 239
103 168 184 220 245 273
109 165 188 235 267 281
16 61 68 186 210 246
130 163 197 218 234 241
1 19 71 153 231 283
2 96 147 196 239 274
3 43 58 78 146 195
4 102 126 208 253 284
5 72 228 262 266 280
6 52 94 181 232 248
7 76 148 260 265 279
8 36 133 261 268 277
9 105 128 209 238 264
10 39 55 95 119 169
11 29 121 124 150 194
12 63 82 152 171 281
13 90 138 149 190 272
14 27 137 185 187 224
15 80 177 183 186 245
17 30 60 110 199 267
18 123 184 216 242 255
20 26 98 214 258 270
21 70 89 193 247 271
22 34 35 37 62 125
23 47 111 115 168 178
24 91 136 165 200 202
28 46 93 129 159 160
31 32 92 173 188 222
33 103 157 180 215 219
38 51 57 223 230 252
40 154 172 189 250 257
41 45 100 107 191 229
42 50 86 97 156 237
44 104 120 132 204 282
48 49 74 140 206 254
53 112 118 151 176 243
54 142 158 161 167 197
56 66 83 221 249 273
59 85 87 109 166 263
64 77 108 162 192 198
65 84 174 226 236 276
67 69 113 135 217 240
73 88 145 233 259 275
75 122 179 205 227 256
79 141 182 203 207 278
81 106 116 144 212 220
99 127 139 175 225 244
101 114 143 201 211 235
109 117 131 176 269 282
74 132 134 155 159 232
40 98 127 206 211 213
50 55 57 64 145 251
1 3 20 140 172 279
2 65 88 136 225 261
4 24 53 174 188 242
5 58 59 99 197 270
6 17 81 196 262 263
7 51 151 193 231 233
8 100 194 224 230 275
9 79 84 94 139 237
10 11 15 46 56 272
12 89 128 133 165 250
13 77 169 201 244 247
14 25 60 148 177 213
16 71 86 114 214 249
18 36 97 107 209 281
19 70 80 95 182 264
21 22 73 135 138 181
23 44 85 143 183 210
26 82 118 153 164 180
27 63 166 170 186 228
28 106 155 161 256 284
29 37 115 205 220 276
30 34 83 102 108 178
31 105 130 184 219 283
32 87 91 216 252 260
33 125 126 198 254 255
35 112 122 185 240 269
38 72 121 227 238 278
39 47 75 217 226 251
41 124 160 239 246 277
42 45 48 204 222 274
43 62 110 120 223 234
49 146 162 202 259 271
52 61 76 171 229 236
54 93 104 157 168 212
66 116 119 187 192 257
67 142 163 189 235 268
68 69 149 167 221 267
78 147 175 200 208 280
90 137 207 215 243 258
92 113 150 154 156 245
96 103 129 190 199 203
101 152 218 253 265 266
111 141 144 158 248 273
90 117 173 179 191 241
123 131 145 174 195 243
1 10 85 130 242 258
2 9 86 103 271 279
3 41 156 230 234 244
4 7 18 98 101 140
5 21 160 201 248 256
6 88 124 157 175 183
8 32 93 137 223 236
11 12 193 228 253 267
13 51 58 70 177 210
14 23 43 45 131 194
15 54 153 178 204 205
16 111 165 170 172 184
17 37 148 190 219 238
19 30 106 132 206 246
20 46 63 116 251 284
22 25 56 133 144 208
24 71 76 97 169 254
26 48 125 142 150 200
27 55 104 231 269 273
28 121 168 176 188 213
29 95 120 135 186 274
31 33 52 67 114 257
34 44 119 134 207 264
35 84 113 250 259 270
36 60 147 162 227 266
38 91 96 99 233 282
39 42 83 89 189 260
40 110 146 187 245 281
47 72 79 209 275 276
49 61 164 182 235 240
50 68 87 126 136 214
53 127 195 247 252 272
57 82 94 102 154 217
59 141 151 239 268 280
62 65 171 216 218 232
64 74 109 122 128 181
66 155 220 222 241 277
69 180 199 211 261 278
73 143 197 225 226 255
75 115 129 138 152 191
77 100 159 179 196 203
78 81 108 118 167 237
80 105 107 202 212 249
92 117 161 198 229 263
112 123 158 215 221 224
139 163 185 192 262 265
12 76 149 166 241 283
64 94 123 129 173 212
1 115 131 187 252 262
2 15 39 137 174 249
3 98 116 143 153 261
4 22 119 206 236 270
5 139 190 210 214 281
6 61 63 79 197 200
7 9 121 182 205 272
8 34 47 147 184 278
10 44 65 66 73 100
11 30 45 91 166 167
13 49 52 148 196 251
14 58 150 220 248 269
16 54 113 120 175 255
17 159 181 183 268 279
18 70 124 179 201 208
19 53 57 85 235 280
20 165 173 207 211 275
21 77 95 154 229 282
23 42 56 60 126 176
24 35 86 104 264 267
25 67 83 156 222 271
26 69 80 198 233 277
27 41 96 127 144 242
28 99 122 125 193 194
29 31 40 118 134 145
32 107 170 226 234 273
33 74 112 195 253 256
36 55 101 185 189 219
37 51 110 237 240 260
38 75 92 97 114 151
43 59 103 111 162 283
46 48 163 227 239 250
50 62 88 158 230 284
68 155 160 164 177 216
71 81 128 203 218 276
72 106 108 141 172 204
78 82 117 186 224 259
84 138 199 209 213 258
87 93 130 142 192 247
89 105 109 157 169 231
90 225 232 246 263 266
102 136 180 244 257 274
132 133 168 215 217 265
135 140 146 152 221 223
149 161 171 178 228 245
135 188 191 197 202 254
29 170 201 238 243 281
1 57 95 107 198 272
2 8 28 119 145 208
3 79 157 159 218 271
4 65 109 182 189 202
5 34 55 73 75 168
6 50 125 154 225 273
7 87 96 123 191 222
9 51 101 134 196 215
10 91 124 161 217 268
11 60 61 90 112 116
12 85 108 214 223 247
13 54 64 127 237 254
14 63 71 147 180 240
15 49 136 155 171 193
16 98 129 178 236 256
17 52 92 166 185 230
18 56 77 121 158 246
19 93 184 229 234 239
20 31 102 209 231 261
21 42 69 99 183 251
22 243 245 249 276 284
23 78 94 172 205 241
24 62 146 150 177 283
25 43 118 138 143 187
26 72 97 103 179 213
27 33 46 70 117 128
30 36 58 80 153 282
32 130 133 175 211 266
35 81 156 162 219 265
37 100 137 142 269 279
38 41 120 169 181 257
39 40 84 115 141 221
44 106 122 152 200 238
45 224 235 263 277 278
47 113 114 164 173 204
48 139 199 233 252 264
53 83 104 190 244 262
59 74 148 188 203 250
66 89 194 207 210 242
67 76 105 160 192 274
68 82 110 131 212 248
86 206 220 227 255 275
88 126 165 186 216 258
111 226 228 232 259 260
132 140 174 191 267 270
37 144 149 176 196 253
81 151 163 195 251 264
124 139 167 212 263 280
1 47 78 86 116 136
2 20 101 177 178 234
3 17 26 50 63 207
4 30 70 84 181 211
5 24 115 186 223 235
6 21 41 62 76 129
7 46 108 145 189 254
8 40 107 123 204 253
9 23 164 193 232 273
10 89 213 215 227 277
11 49 130 131 238 244
12 59 64 168 240 257
13 73 119 179 239 260
14 120 141 153 170 259
15 48 187 188 219 228
16 51 100 144 161 282
18 39 45 151 183 247
19 125 217 221 245 266
22 61 109 156 167 261
25 91 111 169 236 243
27 43 92 99 142 157
28 58 66 152 163 230
29 122 195 214 271 284
31 88 127 128 137 162
32 85 90 185 199 237
33 104 110 216 250 275
34 106 150 174 233 274
35 77 132 160 175 182
36 52 143 194 205 265
38 60 87 158 258 280
42 53 146 155 166 200
44 72 80 180 206 241
54 65 75 133 140 148
55 56 117 262 268 270
57 74 96 97 201 231
67 118 190 226 242 267
68 83 105 112 113 276
69 94 202 218 224 229
71 95 121 184 192 210
79 135 154 220 249 256
82 93 98 138 173 252
102 222 255 272 278 279
103 114 134 147 176 281
126 171 197 209 248 283
110 149 165 198 208 246
51 159 225 234 267 269
43 109 130 172 203 221
1 52 64 65 126 200
2 7 146 160 211 232
3 53 94 163 246 281
4 180 193 251 259 283
5 44 147 150 195 225
6 11 14 37 40 165
8 29 55 207 256 279
9 34 50 201 239 241
10 24 36 38 199 247
12 33 47 56 196 277
13 103 132 208 222 264
15 68 78 135 215 250
16 93 119 153 181 238
17 106 129 186 192 276
18 32 108 116 149 164
19 27 91 112 120 191
20 86 96 183 213 248
21 30 82 198 203 227
22 28 143 175 189 220
23 73 188 229 252 278
25 26 105 127 182 257
31 58 107 115 140 240
35 87 144 145 244 268
39 148 159 206 231 253
41 42 74 154 174 214
45 84 104 133 142 172
46 54 80 179 187 274
48 85 122 134 136 161
49 66 71 178 226 275
57 166 212 260 270 273
59 117 138 170 237 266
60 89 173 223 245 272
61 83 100 209 254 280
62 63 69 92 137 155
67 81 121 224 269 284
70 76 118 204 255 262
72 88 99 151 152 177
75 77 102 131 167 233
79 176 190 194 202 236
90 219 230 249 261 282
95 114 168 216 228 243
97 123 125 162 171 263
98 124 158 169 205 271
101 111 128 157 217 242
113 141 185 197 210 235
74 135 139 218 258 272
45 79 80 106 156 158
116 127 131 184 202 265
1 31 84 152 182 193
2 97 113 233 246 267
3 23 90 120 161 235
4 51 71 160 171 279
5 104 114 155 183 261
6 18 35 109 205 222
7 39 111 177 252 263
8 13 62 102 186 219
9 28 69 133 231 245
10 94 103 149 174 200
11 107 147 197 237 264
12 42 129 136 139 140
14 73 112 154 175 241
15 156 169 176 224 256
16 19 46 118 148 207
17 75 126 150 204 278
20 117 162 180 190 277
21 52 53 54 108 132
22 27 72 76 173 216
24 33 170 185 244 271
25 85 86 196 229 240
26 37 55 166 195 210
29 30 32 38 98 144
34 61 192 212 230 283
36 82 92 122 167 220
40 60 163 191 198 260
41 137 151 189 274 275
43 100 141 208 228 276
44 95 223 242 259 266
47 130 179 249 262 281
48 159 194 211 251 273
49 89 199 225 239 265
50 184 203 232 254 270
56 125 134 187 227 248
57 93 128 143 206 284
58 64 105 165 236 255
59 68 91 181 213 218
63 101 145 146 168 238
65 124 164 209 214 243
66 67 78 88 138 282
70 83 99 153 257 269
77 81 172 178 215 268
87 115 121 226 250 253
96 110 119 188 221 280
91 123 157 234 247 258
25 68 80 142 201 217
1 50 51 96 192 224
2 57 76 111 205 269
3 136 177 198 228 248
4 29 138 178 273 280
5 61 101 106 120 188
6 47 105 110 118 159
7 125 127 147 149 157
8 10 88 114 172 263
9 102 141 200 270 281
11 19 104 134 158 249
12 69 97 185 258 274
13 44 75 94 116 240
14 66 92 208 227 232
15 131 164 241 260 261
16 41 55 212 250 254
17 22 77 93 265 277
18 30 156 187 193 215
20 83 174 201 245 255
21 33 162 166 218 267
23 71 117 124 206 244
24 100 123 126 128 140
26 38 49 85 167 243
27 39 65 130 239 284
28 31 89 90 132 262
32 115 165 180 197 213
34 84 145 148 216 282
35 79 107 152 214 279
36 42 150 202 210 264
37 56 67 108 266 283
40 59 119 160 223 226
43 151 168 179 225 272
45 86 153 189 252 253
46 133 143 169 170 171
48 53 113 184 196 209
52 74 82 103 175 234
54 99 173 242 276 278
58 81 142 231 257 271
60 62 72 135 203 268
63 121 154 163 183 259
64 95 144 219 222 233
70 78 122 176 199 246
73 98 186 230 237 238
87 155 194 204 229 235
109 139 146 191 247 251
110 112 161 181 220 236
108 120 129 182 217 275
54 137 159 190 195 221
21 23 24 167 207 230
37 57 109 116 211 256
1 112 174 179 202 211
2 14 78 171 231 252
3 19 74 141 169 275
4 67 111 151 209 265
5 53 66 91 254 283
6 136 204 219 220 247
7 65 70 104 198 258
8 121 189 212 241 245
9 96 114 158 162 268
10 126 166 206 222 282
11 100 152 187 201 233
12 72 101 147 229 243
13 80 184 199 236 266
15 62 94 138 180 263
16 40 102 117 205 242
17 76 79 113 134 224
18 29 44 154 190 197
20 42 123 149 153 232
22 75 178 214 225 260
25 49 64 81 227 261
26 143 148 156 173 264
27 87 131 193 213 274
28 48 103 183 221 270
30 61 139 160 208 249
31 47 69 106 157 176
32 51 182 228 251 256
33 39 58 98 200 235
34 52 63 89 127 191
35 38 59 118 177 192
36 50 95 132 244 279
41 84 155 163 165 215
43 77 90 119 240 284
45 161 188 210 226 257
46 144 255 269 276 277
55 60 92 130 170 217
56 93 105 135 175 278
68 223 237 239 273 281
71 122 129 133 267 280
73 82 115 125 216 246
83 168 194 195 234 250
85 97 124 207 253 259
86 99 140 145 186 203
71 88 115 150 271 272
107 137 172 196 218 238
128 146 154 184 248 262
42 142 164 181 185 229
1 4 28 40 114 196
2 53 131 220 224 258
3 99 105 117 217 256
5 76 110 122 138 259
6 55 72 78 87 267
7 85 139 141 155 213
8 67 116 124 198 238
9 73 89 120 178 218
10 31 133 156 183 204
11 51 69 109 145 271
12 44 113 202 230 273
13 27 36 163 164 211
14 24 52 96 226 272
15 17 34 58 123 170
16 26 132 157 248 281
18 112 180 225 245 279
19 100 143 219 223 251
20 32 65 186 221 247
21 39 107 134 173 175
22 66 97 126 142 262
23 108 166 171 250 261
25 90 136 167 253 275
29 92 93 172 182 210
30 47 94 197 233 265
33 43 75 79 82 269
35 158 168 193 201 260
37 147 199 241 257 263
38 129 148 194 215 284
41 50 146 176 222 268
45 74 125 190 237 282
46 95 98 234 278 283
48 57 83 119 149 162
49 102 150 159 161 246
54 61 91 103 206 232
56 111 191 239 244 264
59 63 106 214 236 242
60 77 86 151 208 235
62 153 169 207 212 255
64 130 160 185 209 252
68 84 121 127 231 243
70 140 144 192 228 249
80 101 137 181 203 240
81 104 174 177 277 280
69 88 187 189 200 205
118 128 152 195 254 258
135 216 227 257 273 276
7 94 165 179 251 270
172 188 261 266 270 274
1 59 90 127 145 276
2 49 82 83 158 210
3 25 168 183 185 232
4 106 159 169 213 250
5 22 64 163 269 278
6 10 43 101 209 226
8 97 117 139 150 240
9 72 142 148 222 230
11 63 87 133 173 199
12 66 68 125 174 284
13 31 39 78 155 274
14 81 113 182 229 247
15 47 227 264 279 283
16 17 138 141 146 167
18 157 177 207 233 254
19 20 103 164 197 205
21 32 35 56 124 245
23 62 93 121 132 221
24 41 79 180 216 265
26 88 130 188 212 224
27 80 86 219 234 243
28 192 238 241 246 280
29 73 107 108 131 211
30 85 149 231 248 277
33 57 100 171 176 189
34 96 135 235 255 271
36 74 102 104 111 160
37 92 134 225 259 262
38 48 58 147 190 217
40 53 116 128 193 263
42 55 114 191 218 282
44 51 91 129 153 272
45 54 60 95 115 236
46 99 120 136 166 215
50 65 105 152 181 206
52 71 84 112 187 266
61 70 119 161 170 194
67 123 186 202 252 281
75 154 195 198 242 268
76 140 165 201 214 220
77 137 143 200 256 267
89 126 196 237 244 249
98 175 179 184 223 275
109 144 162 187 204 275
110 151 156 203 253 279
99 118 178 208 224 238
122 135 142 159 228 239
162 182 185 208 260 282
1 66 168 177 205 236
2 25 73 204 254 266
3 21 36 67 106 258
4 86 87 150 172 228
5 12 31 213 249 252
6 29 100 113 188 268
7 23 95 116 215 218
8 80 81 109 136 164
9 82 145 183 240 283
10 27 143 167 246 262
11 44 55 108 127 232
13 17 28 33 68 72
14 59 123 169 206 278
15 75 103 173 248 274
16 115 196 230 270 280
18 84 89 166 176 203
19 47 192 237 253 272
20 57 105 124 125 267
22 120 174 194 197 239
24 40 56 61 220 259
26 64 96 146 175 250
30 134 190 201 212 229
32 94 126 191 225 243
34 77 92 110 152 269
35 98 198 226 241 247
37 65 83 91 160 179
38 43 112 193 214 277
39 51 117 157 264 265
41 118 121 171 223 271
42 93 133 147 207 276
45 69 85 102 128 273
46 60 97 119 140 219
48 78 111 156 180 235
49 54 76 151 181 245
50 129 131 137 227 231
52 70 163 178 202 284
53 107 122 158 189 251
58 104 138 144 221 281
62 148 149 211 217 244
63 88 90 209 234 255
71 130 139 165 222 257
74 79 101 153 161 233
114 132 170 200 210 260
141 160 184 195 261 263
151 154 155 157 186 270
19 145 155 199 218 242
64 119 158 159 216 256
1 29 45 105 227 269
2 31 35 94 221 277
3 56 112 114 167 222
4 26 216 229 238 272
5 6 117 134 234 275
7 43 164 199 206 245
8 14 76 108 143 179
9 39 124 152 188 262
10 111 140 198 207 237
11 92 176 241 248 278
12 52 99 110 184 264
13 66 106 203 209 271
15 42 73 196 220 267
16 82 166 219 232 253
17 107 161 169 200 223
18 87 129 135 195 224
20 71 109 246 250 265
21 88 148 168 174 252
22 33 84 102 240 247
23 40 51 83 130 147
24 49 72 127 132 163
25 53 75 120 162 273
27 28 95 136 150 263
30 86 93 202 205 280
32 62 113 131 139 189
34 41 101 104 194 225
36 54 59 100 172 193
37 96 122 141 244 258
1 49 98 145 193 241 288 334 382 430 475 523 570 618 665 713 759 808 854 902 950 997
2 50 99 146 191 242 289 335 383 431 476 524 571 619 666 714 760 809 855 903 951 998
3 51 100 147 194 243 290 335 384 430 477 525 572 620 667 715 761 810 856 904 952 999
4 52 101 148 195 244 291 336 385 432 478 526 573 621 668 716 762 811 854 905 953 1000
5 53 102 149 196 245 287 333 386 433 479 527 574 622 669 717 763 812 857 906 954 1001
6 54 103 150 197 246 292 337 387 434 480 528 575 623 670 718 764 813 858 907 955 1001
7 55 104 151 198 247 293 338 388 435 478 529 576 624 666 719 765 814 859 900 956 1002
8 56 100 152 193 248 294 339 389 436 481 530 571 625 671 720 766 815 860 908 957 1003
4 57 105 153 199 249 292 301 390 437 476 529 577 626 672 721 767 816 861 909 958 1004
9 57 97 154 200 250 287 335 391 438 475 531 578 627 673 722 766 817 862 907 959 1005
10 58 106 155 201 251 295 340 392 438 482 532 579 628 670 723 768 818 863 910 960 1006
11 59 107 156 202 252 296 339 393 439 482 521 580 629 674 724 769 819 864 911 954 1007
12 51 108 157 196 253 297 341 394 440 483 533 581 630 675 720 770 820 865 912 961 1008
7 60 109 149 203 254 298 342 395 441 484 534 582 631 670 725 771 809 866 913 962 1003
13 48 110 158 204 255 299 333 396 438 485 524 583 632 676 726 772 821 867 914 963 1009
4 61 111 157 184 256 289 343 380 442 486 535 584 633 677 727 773 822 868 915 964 1010
11 58 112 159 205 257 300 332 397 434 487 536 585 620 678 728 774 823 867 915 961 1011
14 62 107 160 206 258 301 344 398 443 478 537 586 634 679 718 775 824 869 916 965 1012
15 60 113 156 207 259 301 345 382 444 488 538 587 635 680 727 768 810 870 917 966 995
16 54 114 155 195 255 302 346 399 430 489 539 588 619 681 729 776 825 871 917 967 1013
17 52 108 154 208 258 300 347 400 445 479 540 589 623 682 730 777 806 872 918 952 1014
18 49 97 158 209 248 289 348 401 445 490 526 590 636 683 731 774 826 873 906 968 1015
19 63 115 146 210 260 303 349 402 446 484 541 591 626 684 715 778 806 874 919 956 1016
2 64 112 142 211 233 294 350 403 432 491 542 592 622 673 732 779 806 866 920 969 1017
8 65 107 161 212 255 297 338 356 441 490 543 593 637 685 733 758 827 875 904 951 1018
20 66 104 162 202 261 304 351 399 447 492 544 594 620 685 734 780 828 868 921 970 1000
20 67 116 161 213 241 305 352 395 448 493 545 595 638 680 731 781 829 865 922 959 1019
21 59 117 163 204 262 306 353 404 449 494 546 571 639 683 721 782 830 854 923 961 1019
22 60 105 164 214 257 293 354 392 450 495 547 569 640 671 735 762 824 876 924 955 997
18 68 102 165 215 263 307 355 397 451 488 532 596 621 682 735 775 831 877 925 971 1020
3 69 104 158 216 260 301 347 405 452 496 547 588 641 686 713 782 832 862 912 954 998
23 70 101 166 217 264 308 335 405 453 481 548 597 642 679 735 783 833 871 918 972 1021
24 71 99 148 218 265 309 356 406 454 496 549 595 643 674 732 777 834 878 926 961 1015
25 72 118 167 219 265 310 357 401 451 497 530 574 644 672 736 784 835 867 927 973 1022
22 48 98 168 220 252 297 343 401 455 498 542 598 645 687 718 785 836 879 918 974 998
26 61 119 163 221 266 311 358 389 443 499 550 596 646 673 737 786 837 865 928 952 1023
27 65 120 169 222 267 294 353 401 450 487 551 599 615 670 734 787 807 880 929 975 1024
12 73 121 159 223 247 312 352 407 456 500 552 600 647 673 735 780 836 881 930 976 0
6 74 111 170 214 268 313 334 391 457 501 524 601 634 688 719 781 834 872 912 977 1004
28 72 99 168 200 269 314 359 408 428 502 547 601 625 670 738 788 822 854 931 969 1016
29 55 105 146 200 252 288 355 409 458 477 545 600 623 689 739 773 838 882 920 978 1022
20 75 122 165 206 270 315 336 410 459 501 541 589 648 689 724 786 825 853 932 979 1009
30 76 123 168 224 237 306 344 384 460 484 553 593 638 664 740 789 839 878 907 976 1002
21 76 113 147 225 261 307 360 411 446 497 531 602 649 669 741 770 824 864 933 960 0
3 72 112 171 207 271 316 361 409 459 484 532 603 634 690 711 790 840 883 934 980 997
31 69 124 172 226 248 304 325 404 438 489 554 595 624 691 727 791 841 884 935 981 0
20 50 125 166 196 243 317 360 402 457 503 530 604 618 674 742 764 832 877 914 966 0
27 57 103 173 193 245 318 362 412 459 492 554 605 632 692 743 792 830 885 930 982 0
3 61 126 174 224 272 310 363 412 461 504 533 583 628 693 744 780 827 886 903 983 1017
32 77 121 152 216 263 297 360 410 429 505 555 575 620 672 745 759 837 882 936 984 0
33 50 127 174 219 273 299 356 407 435 483 551 577 633 663 716 759 833 863 933 977 1016
21 78 128 162 194 256 314 364 387 462 496 533 585 646 665 730 793 835 866 937 985 1007
10 69 129 175 202 274 316 355 413 432 506 538 606 648 667 730 792 812 855 931 986 1018
34 79 130 166 192 254 290 365 414 463 485 535 581 650 691 730 794 805 887 934 983 1023
35 80 128 171 218 240 301 349 391 429 493 550 574 651 671 734 773 842 858 932 960 0
29 81 117 145 207 245 291 366 415 438 490 541 586 651 674 746 787 843 888 918 969 999
25 64 107 151 197 275 319 336 407 429 507 538 570 652 694 747 760 807 885 926 967 0
31 82 114 176 227 240 303 354 384 433 483 534 596 639 686 748 795 834 867 930 987 0
25 83 131 172 194 271 308 367 416 433 508 553 607 629 695 749 788 836 889 902 962 1023
14 49 101 170 196 276 284 368 397 441 499 541 579 647 696 738 796 842 890 934 981 0
36 70 92 177 198 268 285 332 380 462 504 528 579 636 697 736 763 831 887 938 969 0
4 50 132 178 228 266 318 364 401 460 509 555 592 623 698 720 796 821 891 919 988 1021
37 48 127 163 215 277 320 369 393 448 489 528 582 620 698 750 797 835 889 910 989 0
4 84 112 169 219 278 321 370 417 429 510 522 581 629 665 748 798 827 892 906 970 996
35 85 100 137 189 249 322 371 418 431 509 531 573 650 665 751 781 814 871 936 975 0
13 86 94 152 197 231 309 372 415 464 511 531 608 639 693 752 771 812 873 911 950 1008
32 48 111 173 217 247 323 349 419 465 496 543 609 653 699 752 787 811 860 939 952 0
3 68 106 178 199 246 319 352 380 466 505 556 610 654 676 749 758 844 893 911 961 0
8 87 128 179 214 267 289 373 419 466 512 544 589 655 698 721 769 832 863 897 980 0
32 49 133 180 229 275 324 350 400 444 483 537 595 621 700 753 799 814 894 938 985 0
31 59 99 154 214 263 316 365 382 442 491 557 582 656 693 716 778 845 850 937 990 1013
15 88 127 160 221 242 322 366 386 456 503 558 594 649 701 731 796 819 858 909 961 1017
3 78 114 166 230 244 295 367 420 445 513 531 574 630 684 725 800 846 861 924 951 1009
8 81 104 168 223 268 307 369 412 427 510 549 607 652 689 710 793 810 883 928 991 0
2 68 98 179 231 262 324 374 421 457 514 552 574 650 702 728 770 826 878 940 963 1018
38 89 134 181 215 249 325 367 388 462 491 521 609 623 700 731 760 823 857 941 983 1003
15 90 135 182 213 266 293 349 417 440 515 540 586 645 702 754 774 839 890 942 973 0
39 65 97 172 184 270 285 373 384 467 516 559 591 618 676 752 799 809 858 912 982 0
21 56 110 182 222 253 302 348 422 437 503 528 572 657 703 711 785 823 878 920 991 0
29 62 103 174 223 265 296 364 396 444 517 544 596 649 691 711 758 820 895 922 957 0
27 63 129 178 206 229 322 361 423 434 516 557 598 616 699 754 795 827 896 913 957 0
31 91 103 183 217 243 326 371 393 447 507 559 610 658 682 737 793 846 878 903 958 1010
24 87 116 158 223 279 295 361 415 451 501 543 606 654 697 753 776 847 885 903 975 1016
9 81 136 155 232 247 304 363 418 437 498 560 601 621 690 713 784 838 893 937 965 1015
40 54 99 184 211 238 321 357 416 446 475 538 580 642 692 733 780 848 859 925 980 0
21 88 108 185 197 280 324 375 410 442 476 542 611 618 681 733 790 849 890 922 953 1020
17 79 111 175 191 281 327 339 416 453 505 561 576 647 687 755 801 829 858 910 953 1012
36 82 106 186 220 275 299 361 420 431 480 555 612 641 701 752 766 850 897 921 989 1014
38 58 131 161 198 266 328 376 400 439 501 562 608 627 696 744 782 835 861 943 965 0
24 61 120 187 233 278 292 359 394 468 473 563 579 642 704 715 782 839 875 902 989 0
11 81 118 184 234 239 293 346 403 453 500 532 578 637 680 749 757 812 887 933 975 0
41 63 124 156 174 250 321 333 405 469 518 552 585 638 698 737 771 842 876 929 973 1006
7 83 98 160 195 265 314 361 404 463 481 561 587 658 677 747 774 843 876 919 979 1020
27 92 127 159 218 259 327 368 387 437 507 522 591 655 667 722 770 821 877 900 972 998
2 92 114 149 215 279 310 356 391 444 495 540 570 656 705 741 798 837 884 934 956 1019
19 93 117 172 209 272 290 340 383 470 500 545 576 652 681 756 759 816 866 927 970 1024
42 85 110 145 228 256 295 377 410 443 491 552 594 652 706 714 769 848 873 908 981 0
43 59 136 158 235 274 329 349 399 428 478 525 584 658 707 735 800 834 884 944 974 0
33 60 137 177 216 265 330 358 424 433 500 546 589 638 701 753 794 849 856 935 947 1007
39 51 115 145 227 263 327 338 409 436 515 531 599 633 697 740 779 818 870 926 955 1023
19 87 138 144 233 271 297 371 425 471 478 550 577 619 708 750 763 819 895 907 991 1022
32 88 131 146 230 254 299 351 385 451 507 564 588 659 702 720 767 822 886 928 980 1015
37 75 115 171 212 279 317 378 406 470 476 553 594 660 675 722 793 830 887 917 963 0
11 51 109 186 209 256 330 370 411 463 493 542 606 643 690 717 768 814 896 928 987 1022
40 67 139 188 232 267 308 372 390 452 517 562 609 654 685 748 764 843 856 936 967 997
28 55 135 183 209 282 299 343 423 449 488 558 602 644 678 711 763 832 889 905 952 1008
30 50 136 172 185 283 309 337 409 443 517 548 570 625 686 723 785 851 872 924 986 1011
9 53 140 144 224 273 328 334 417 451 516 558 580 624 679 730 787 804 874 924 960 1003
1 94 124 171 208 262 305 379 416 426 510 562 573 636 664 718 802 807 863 945 957 1013
16 86 129 154 223 283 311 373 397 460 502 551 610 643 662 756 764 803 857 946 973 1007
13 58 133 189 236 280 320 342 402 472 486 553 613 637 708 719 760 811 888 928 982 1005
32 85 96 183 212 260 321 354 413 455 519 549 579 654 680 725 803 808 869 937 976 999
18 84 137 151 230 280 310 366 419 469 498 535 604 654 709 714 792 823 864 913 955 1021
38 76 118 160 180 264 331 368 425 442 496 552 604 660 705 717 766 816 854 932 992 999
39 95 123 156 195 278 311 357 402 450 514 523 601 622 686 755 783 846 850 934 964 0
22 78 102 148 221 246 306 362 423 464 489 525 579 618 679 712 770 807 860 931 956 0
27 77 134 189 202 276 315 354 426 473 518 559 595 651 695 729 778 822 856 908 977 1001
7 82 138 163 209 236 318 357 413 447 516 547 593 653 700 727 764 836 898 947 978 0
44 68 130 164 217 241 329 369 391 464 497 526 571 630 677 756 788 839 885 938 981 996
45 75 141 180 204 269 329 351 411 460 495 535 600 631 680 715 763 804 861 935 968 1018
6 84 134 176 231 283 290 362 392 456 494 529 586 656 699 755 797 815 893 919 978 0
29 78 123 152 228 277 302 352 421 455 510 546 602 640 692 737 799 845 857 948 986 1024
24 70 124 189 232 253 324 334 398 474 519 522 576 625 706 757 779 825 867 939 962 0
5 51 132 181 204 281 312 373 392 458 480 537 578 617 707 751 778 848 860 918 967 1004
41 84 122 147 233 284 300 355 401 454 492 546 575 635 706 746 765 846 883 911 967 0
26 60 108 167 226 261 302 323 385 454 505 541 612 661 665 728 779 817 873 943 972 0
11 94 114 182 229 249 315 374 424 428 506 545 581 641 685 712 765 835 893 902 960 1017
35 90 120 165 185 243 313 346 390 439 510 557 595 641 708 747 779 852 898 931 980 0
40 64 128 145 237 283 303 341 404 470 514 522 584 623 678 724 804 845 881 933 984 1012
13 92 118 164 226 244 297 337 381 452 475 561 597 628 664 742 781 842 892 921 990 1016
8 96 113 190 233 258 329 358 426 474 484 523 610 628 702 712 772 829 855 924 984 1021
41 91 138 155 218 241 325 339 411 427 488 565 614 645 675 730 782 837 868 919 992 1017
22 89 126 182 235 285 305 368 389 439 490 565 597 650 690 721 791 845 862 910 979 0
16 80 126 188 210 247 324 344 377 427 497 547 577 660 692 746 768 823 872 929 971 1001
42 54 135 163 212 243 332 334 419 445 495 566 568 657 676 710 796 843 899 927 948 1012
14 89 115 183 200 256 312 372 403 431 505 564 583 618 692 724 761 813 875 935 957 1019
26 80 123 151 238 281 300 367 395 468 481 524 599 641 698 739 805 851 895 942 984 0
41 73 96 150 213 242 331 346 394 445 514 560 593 658 695 752 762 821 857 915 987 0
41 86 120 180 224 277 286 361 424 437 520 527 605 617 710 724 802 831 859 908 990 1021
15 53 116 186 230 281 292 356 412 430 478 566 614 650 686 724 779 849 894 941 981 1005
33 97 134 171 187 245 319 360 422 472 508 558 601 631 709 740 767 810 859 915 993 1024
6 71 121 179 194 252 287 346 414 465 492 561 599 638 690 758 795 853 873 909 948 0
37 71 132 189 239 258 288 365 425 446 513 525 593 646 683 747 791 828 870 942 959 1003
25 56 138 154 205 261 309 334 423 472 490 545 615 633 687 735 798 841 894 945 987 0
45 73 102 184 228 284 316 366 420 429 474 547 571 624 687 750 784 849 863 902 958 995
9 85 139 160 196 275 325 375 384 461 502 566 592 648 666 750 802 852 882 915 970 0
44 66 112 183 213 280 325 347 383 467 499 530 582 660 669 723 765 819 880 930 979 1016
42 62 125 171 193 269 302 375 388 441 487 533 607 650 688 727 784 828 881 909 988 1014
30 79 109 153 231 248 285 345 394 466 521 567 615 662 679 722 765 825 885 925 988 0
33 87 141 169 218 246 288 376 392 469 492 534 592 644 669 728 786 850 886 908 953 1019
46 56 122 149 208 263 328 343 413 435 508 552 616 634 701 739 789 811 890 946 983 994
26 89 133 191 234 245 315 351 393 471 514 566 602 639 701 713 785 818 898 936 973 1004
5 77 105 190 208 277 310 353 382 447 485 525 596 631 677 753 790 825 891 933 991 0
43 53 133 162 195 251 296 353 408 469 507 540 575 657 689 725 797 824 852 940 994 0
25 95 101 189 227 242 290 349 427 449 511 556 583 648 698 717 801 838 859 912 994 995
6 60 115 166 201 275 291 359 410 469 477 543 598 636 711 726 775 828 862 946 982 0
15 68 136 175 211 244 298 368 406 463 480 562 572 638 708 757 765 832 868 916 977 994
35 52 142 173 197 269 328 357 414 472 519 555 586 647 707 711 768 816 879 903 986 996
18 76 132 190 240 251 315 359 404 427 515 536 572 663 688 743 764 805 886 905 948 996
1 66 113 157 206 264 318 354 404 458 479 556 609 645 666 716 788 831 892 928 975 993
17 91 116 178 237 280 294 367 414 449 518 567 578 633 692 715 803 840 886 938 991 1011
32 92 132 188 207 257 314 333 417 461 499 553 598 641 706 729 777 816 885 945 949 1018
19 58 96 148 222 261 281 365 381 465 520 554 616 639 667 738 797 838 865 906 985 1017
45 93 134 135 216 244 257 355 375 447 504 556 604 626 679 751 772 853 865 917 957 1002
18 83 141 152 213 279 332 379 403 439 486 539 612 662 670 748 783 838 900 941 990 0
29 74 138 187 229 255 331 342 416 448 521 532 585 648 694 734 777 817 874 935 965 1010
22 95 122 136 222 240 317 339 414 466 516 532 617 636 702 737 780 806 875 915 959 999
29 67 119 190 222 250 319 378 402 463 494 565 574 629 705 750 789 847 879 904 950 1014
26 93 125 150 227 265 289 363 391 440 491 562 600 637 707 726 791 810 891 905 962 1011
47 57 135 147 224 274 295 358 374 448 486 548 569 631 695 732 791 842 867 938 992 0
45 62 131 175 225 250 330 337 393 462 509 567 583 661 706 716 791 809 874 926 978 0
44 73 110 167 231 267 315 371 408 430 486 558 591 664 690 754 766 851 876 901 953 1023
46 86 142 167 234 273 306 345 405 473 522 539 604 658 696 731 794 828 872 910 963 0
12 76 126 149 226 277 332 374 418 432 474 524 614 644 689 722 776 808 896 911 968 1014
28 58 125 179 237 271 331 356 424 467 480 535 597 645 683 725 793 843 872 944 970 0
36 90 103 168 235 286 300 339 413 426 494 541 615 660 703 726 799 832 882 926 965 1006
35 59 140 150 230 239 326 369 396 441 483 556 592 619 701 719 761 836 896 916 950 0
46 71 106 185 217 245 321 377 402 451 485 567 584 619 693 754 762 826 861 947 985 0
22 70 131 178 209 255 320 355 421 473 515 537 594 630 691 742 789 808 900 944 975 1003
25 63 111 177 196 249 251 377 406 447 512 564 582 649 668 729 783 821 869 920 982 0
14 50 110 176 221 279 320 341 387 445 510 536 600 621 677 749 803 853 895 936 983 0
19 68 119 173 239 276 317 370 422 444 504 529 573 645 685 713 804 833 876 913 949 0
2 80 141 157 202 273 323 348 396 446 480 536 589 634 681 717 797 830 862 904 958 0
39 88 142 155 238 266 291 378 398 452 486 530 587 656 712 745 792 820 852 944 993 1007
38 53 108 153 204 242 327 372 395 455 520 550 585 642 709 732 769 853 892 904 949 0
38 71 143 151 236 259 317 380 396 448 495 559 612 622 678 720 800 849 871 939 994 0
5 91 104 167 225 259 292 335 395 464 502 523 593 632 691 746 775 818 897 937 945 0
34 61 98 161 205 247 325 379 405 432 494 568 607 632 684 756 763 840 901 921 955 1004
17 83 135 164 232 278 333 368 408 465 501 550 573 624 683 739 790 815 897 926 986 1021
1 55 127 154 226 260 308 336 394 470 487 527 606 653 703 729 805 824 883 930 971 0
43 65 106 181 193 221 298 372 409 473 514 568 576 614 680 738 802 835 888 932 972 0
8 52 109 146 192 251 319 371 417 464 520 561 609 656 678 736 759 836 894 923 966 0
47 86 125 157 205 278 322 342 400 435 482 546 583 626 668 713 775 829 879 931 976 1023
9 82 120 179 225 244 321 343 392 436 484 546 608 646 703 743 801 847 881 938 968 1022
15 86 101 143 220 248 323 337 384 474 506 549 616 640 669 734 805 847 898 940 993 1012
47 89 104 186 214 277 308 350 383 434 515 533 577 615 674 733 792 851 854 943 964 1009
4 88 124 144 223 284 326 381 414 433 513 528 568 661 709 723 783 824 877 917 968 0
44 94 117 160 225 270 299 377 417 454 518 544 570 662 682 738 761 814 860 940 974 1005
43 84 118 146 197 220 322 360 397 470 512 560 605 642 673 744 799 820 880 910 995 1002
45 52 130 156 236 260 286 353 403 467 492 528 602 648 665 722 767 834 897 942 992 1011
45 92 100 162 217 262 309 362 425 440 479 537 569 652 672 758 776 818 879 941 971 0
44 57 116 191 210 269 316 342 403 461 517 568 573 655 703 712 786 808 864 939 985 1020
20 85 106 156 211 285 310 362 422 470 515 557 607 664 682 745 796 849 895 946 965 1008
47 67 121 177 195 279 293 369 411 459 485 558 604 625 700 728 801 813 862 945 951 0
30 74 100 148 234 282 323 350 421 450 485 529 591 646 707 718 760 822 897 917 950 1020
33 69 140 145 208 252 311 337 412 428 488 526 611 649 688 747 778 817 887 936 962 1002
28 88 102 170 212 274 323 371 422 468 497 539 608 620 671 727 806 848 891 916 979 1005
10 95 127 150 232 256 313 352 385 467 490 537 571 662 675 740 771 831 890 947 949 0
7 77 99 147 229 240 286 352 390 443 503 560 588 661 697 751 792 811 892 907 989 1008
43 64 125 182 234 252 313 344 380 446 483 527 608 656 709 734 786 840 876 903 992 0
34 73 123 188 203 243 303 348 425 428 512 539 597 621 666 743 807 808 865 924 988 0
39 71 141 182 203 271 295 335 423 463 517 522 610 617 694 736 773 815 891 921 971 0
27 78 139 186 226 270 307 365 428 441 494 560 594 627 681 749 783 829 859 905 954 0
6 72 129 190 198 276 301 341 399 442 505 527 580 640 689 751 785 826 889 941 976 0
20 51 103 164 207 280 311 346 406 468 519 565 577 627 676 754 775 838 881 935 956 0
40 96 126 185 207 268 292 360 398 453 509 556 612 643 705 731 784 846 899 920 996 1000
24 85 129 149 220 257 291 340 419 457 507 565 578 635 708 758 804 842 856 930 988 0
9 72 93 152 236 262 288 370 381 471 509 557 572 655 710 749 777 851 861 932 956 995
10 77 117 165 199 224 330 373 406 452 487 550 598 632 704 720 798 813 870 922 981 1010
1 93 137 188 235 259 328 378 423 450 511 534 611 657 683 737 803 813 855 941 969 1009
17 78 144 180 201 235 312 341 415 466 519 566 601 635 664 756 805 830 871 919 987 998
39 82 129 162 210 248 312 358 405 459 511 543 576 659 675 718 798 817 882 909 990 999
13 61 128 183 203 249 302 340 407 460 481 566 580 622 696 741 788 844 870 944 978 1011
12 94 136 169 198 282 307 364 395 436 519 559 603 655 699 726 759 823 855 921 947 1012
48 91 93 153 202 268 317 342 424 431 513 563 575 663 669 744 789 826 869 929 972 1022
18 67 140 167 193 282 330 347 418 457 513 548 613 653 693 755 788 840 866 907 974 0
36 56 115 153 218 273 319 369 421 456 499 554 611 627 682 746 771 827 899 914 984 997
36 84 128 172 238 258 298 343 386 448 482 567 613 632 705 740 761 833 894 948 953 0
48 64 130 147 201 272 331 376 409 462 518 540 587 655 684 733 801 819 853 913 971 1000
46 79 97 150 206 272 293 370 407 436 477 555 585 639 704 736 800 806 864 909 964 0
12 90 133 166 222 276 327 366 382 435 493 562 588 652 688 721 795 809 893 925 984 0
12 64 97 148 230 274 300 363 387 427 509 563 613 626 666 745 771 825 887 904 960 1010
31 74 142 161 235 264 320 359 420 435 500 544 605 644 702 714 798 818 877 916 991 0
44 74 95 181 216 258 294 362 381 460 477 548 587 619 663 757 793 847 884 922 989 1001
23 62 109 155 215 267 306 379 425 465 504 538 603 622 709 715 801 834 890 927 982 0
19 54 122 186 199 273 305 375 418 462 481 526 584 637 703 748 803 820 889 934 950 0
37 69 123 164 205 255 305 364 410 437 516 551 581 642 695 723 800 844 883 943 966 1005
34 54 141 178 200 264 327 347 390 456 487 569 602 628 677 750 800 851 860 923 947 1000
14 90 138 184 231 278 330 377 383 458 508 554 587 630 672 744 781 844 888 948 968 0
43 79 124 165 236 264 314 358 419 455 504 551 582 629 686 733 770 839 895 908 958 1015
5 87 130 185 206 266 314 338 381 473 511 521 591 649 672 725 772 815 880 923 974 1006
47 59 132 187 210 275 286 348 398 432 475 545 608 653 708 741 794 822 889 940 995 0
16 75 111 140 225 285 333 365 413 468 474 569 590 637 705 751 780 819 893 922 972 0
21 75 143 159 192 232 296 367 424 440 477 564 606 628 687 732 778 837 888 943 988 1024
42 65 121 191 227 253 286 378 396 469 502 567 590 635 696 721 776 815 869 918 983 1002
26 56 139 170 201 271 304 370 380 458 488 563 586 662 667 714 799 846 886 923 959 1013
36 66 102 187 219 241 290 345 400 440 506 561 580 634 673 757 802 813 871 913 974 1015
42 76 105 170 213 281 294 336 387 472 479 534 610 661 681 746 761 852 868 925 963 1006
23 83 96 176 234 257 304 336 415 442 517 524 590 657 704 742 768 831 894 943 954 0
7 75 142 174 188 276 287 374 408 439 498 554 607 643 676 755 773 847 874 905 970 1013
14 72 116 192 204 250 307 354 429 457 489 533 589 616 668 743 802 833 870 900 986 0
28 80 117 177 194 284 309 363 407 453 506 523 605 658 684 719 790 809 892 939 954 1014
38 66 114 173 237 246 329 348 385 471 482 549 615 625 688 755 790 848 875 946 966 1010
16 49 119 153 194 259 322 347 412 454 491 568 581 624 697 745 773 812 898 916 951 0
35 63 98 143 214 242 298 338 398 454 513 535 611 659 700 748 776 841 891 927 989 0
47 87 118 175 215 270 312 344 421 449 479 549 584 657 671 726 807 833 856 942 996 0
30 70 134 157 201 284 305 357 408 464 496 564 600 629 685 753 795 840 880 899 990 0
46 62 144 177 205 283 291 376 399 468 475 560 612 647 710 757 769 814 855 898 952 1024
23 69 122 179 229 253 318 338 420 461 498 559 613 631 668 741 797 848 857 929 969 0
30 63 112 163 208 246 296 340 388 453 501 551 613 630 694 738 772 826 879 949 992 0
41 55 139 181 192 283 316 364 389 431 512 525 588 636 704 717 772 827 874 901 993 0
33 73 107 173 227 282 326 340 386 434 520 523 606 651 700 742 782 852 873 929 959 1004
34 81 108 176 210 263 298 345 416 434 518 563 603 617 706 719 766 821 880 931 993 1019
24 55 140 176 228 254 289 331 390 444 497 542 605 616 675 723 786 828 888 914 977 1007
28 79 143 169 203 216 308 344 388 471 520 565 598 646 712 744 774 811 877 920 977 1013
40 82 105 158 219 270 332 350 386 471 499 563 597 635 695 741 787 820 901 937 951 0
46 77 119 162 212 253 326 379 397 466 482 542 614 653 663 714 777 845 858 942 967 1009
13 74 113 165 238 241 303 376 389 465 508 536 578 651 687 754 796 816 882 940 955 0
37 57 131 192 211 272 313 341 426 455 493 534 599 663 699 753 760 841 878 906 973 997
10 67 100 169 200 268 324 345 399 433 498 526 614 651 694 745 767 830 900 901 964 994
11 83 120 170 237 260 320 351 400 461 476 543 572 640 707 732 795 850 863 927 978 1008
23 53 137 159 221 240 313 375 394 438 506 529 570 659 696 710 789 850 866 933 966 1000
31 49 130 159 198 228 306 378 415 472 493 548 575 626 694 743 762 844 864 899 980 1018
23 94 119 168 211 287 303 353 383 459 495 564 609 644 691 739 769 829 901 912 963 0
37 90 139 190 199 254 296 376 420 436 503 539 611 643 693 739 804 810 875 944 945 1001
5 80 101 161 239 250 318 351 418 450 503 557 590 654 678 740 794 841 899 902 979 0
10 52 110 151 187 254 329 363 389 458 511 544 603 627 674 729 774 841 896 925 976 998
1 65 126 175 199 269 326 350 422 456 512 530 603 659 684 728 794 843 884 906 962 1006
40 95 109 180 239 282 304 366 388 430 476 536 599 659 671 716 785 837 869 914 946 0
42 91 133 143 233 261 288 372 386 467 508 538 617 647 697 756 762 845 896 923 964 1020
2 81 137 181 238 251 272 379 393 443 502 527 569 660 667 742 767 844 868 939 987 0
16 70 107 191 203 267 328 374 411 426 500 540 596 633 704 752 784 817 883 932 949 0
17 66 121 174 220 262 311 359 382 452 521 553 592 661 668 736 787 812 884 914 958 0
34 89 113 144 219 274 287 373 385 449 489 555 590 640 699 747 781 839 881 911 985 0
