1024 83
3 38
3 3 3 3 3 3 3 3 3 3 3 3 3 3 3 3 3 3 3 3 3 3 3 3 3 3 3 3 3 3 3 3 3 3 3 3 3 3 3 3 3 3 3 3 3 3 3 3 3 3 3 3 3 3 3 3 3 3 3 3 3 3 3 3 3 3 3 3 3 3 3 3 3 3 3 3 3 3 3 3 3 3 3 3 3 3 3 3 3 3 3 3 3 3 3 3 3 3 3 3 3 3 3 3 3 3 3 3 3 3 3 3 3 3 3 3 3 3 3 3 3 3 3 3 3 3 3 3 3 3 3 3 3 3 3 3 3 3 3 3 3 3 3 3 3 3 3 3 3 3 3 3 3 3 3 3 3 3 3 3 3 3 3 3 3 3 3 3 3 3 3 3 3 3 3 3 3 3 3 3 3 3 3 3 3 3 3 3 3 3 3 3 3 3 3 3 3 3 3 3 3 3 3 3 3 3 3 3 3 3 3 3 3 3 3 3 3 3 3 3 3 3 3 3 3 3 3 3 3 3 3 3 3 3 3 3 3 3 3 3 3 3 3 3 3 3 3 3 3 3 3 3 3 3 3 3 3 3 3 3 3 3 3 3 3 3 3 3 3 3 3 3 3 3 3 3 3 3 3 3 3 3 3 3 3 3 3 3 3 3 3 3 3 3 3 3 3 3 3 3 3 3 3 3 3 3 3 3 3 3 3 3 3 3 3 3 3 3 3 3 3 3 3 3 3 3 3 3 3 3 3 3 3 3 3 3 3 3 3 3 3 3 3 3 3 3 3 3 3 3 3 3 3 3 3 3 3 3 3 3 3 3 3 3 3 3 3 3 3 3 3 3 3 3 3 3 3 3 3 3 3 3 3 3 3 3 3 3 3 3 3 3 3 3 3 3 3 3 3 3 3 3 3 3 3 3 3 3 3 3 3 3 3 3 3 3 3 3 3 3 3 3 3 3 3 3 3 3 3 3 3 3 3 3 3 3 3 3 3 3 3 3 3 3 3 3 3 3 3 3 3 3 3 3 3 3 3 3 3 3 3 3 3 3 3 3 3 3 3 3 3 3 3 3 3 3 3 3 3 3 3 3 3 3 3 3 3 3 3 3 3 3 3 3 3 3 3 3 3 3 3 3 3 3 3 3 3 3 3 3 3 3 3 3 3 3 3 3 3 3 3 3 3 3 3 3 3 3 3 3 3 3 3 3 3 3 3 3 3 3 3 3 3 3 3 3 3 3 3 3 3 3 3 3 3 3 3 3 3 3 3 3 3 3 3 3 3 3 3 3 3 3 3 3 3 3 3 3 3 3 3 3 3 3 3 3 3 3 3 3 3 3 3 3 3 3 3 3 3 3 3 3 3 3 3 3 3 3 3 3 3 3 3 3 3 3 3 3 3 3 3 3 3 3 3 3 3 3 3 3 3 3 3 3 3 3 3 3 3 3 3 3 3 3 3 3 3 3 3 3 3 3 3 3 3 3 3 3 3 3 3 3 3 3 3 3 3 3 3 3 3 3 3 3 3 3 3 3 3 3 3 3 3 3 3 3 3 3 3 3 3 3 3 3 3 3 3 3 3 3 3 3 3 3 3 3 3 3 3 3 3 3 3 3 3 3 3 3 3 3 3 3 3 3 3 3 3 3 3 3 3 3 3 3 3 3 3 3 3 3 3 3 3 3 3 3 3 3 3 3 3 3 3 3 3 3 3 3 3 3 3 3 3 3 3 3 3 3 3 3 3 3 3 3 3 3 3 3 3 3 3 3 3 3 3 3 3 3 3 3 3 3 3 3 3 3 3 3 3 3 3 3 3 3 3 3 3 3 3 3 3 3 3 3 3 3 3 3 3 3 3 3 3 3 3 3 3 3 3 3 3 3 3 3 3 3 3 3 3 3 3 3 3 3 3 3 3 3 3 3 3 3 3 3 3 3 3 3 3 3 3 3 3 3 3 3 3 3 3 3 3 3 3 3 3 3 3 3 3 3 3 3 3 3 3 3 3 3 3 3 3 3 3 3 3 3 3 3 3 3 3 3 3 3 3 3 3 3 3 3 3 3 3 3 3 3 3 3 3 3 3 3 3 3 3 3 3 3 3 3 3 3 3 3 3 3 3 3 3 3 3 3 3 3 3 3 3 3 3 3 3 3 3 3 3 3 3 3 3 3 3 3 3 3 3 3 3 3 3 3 3 3 3 3 3 3 3 3 3 3 3 3 3 3 3 3 3 3 3 3 3 3 3 3 3 3 3 3 3 3 3 3 3 3 3 3 3 3 3 3 3 3 3 3 3 3 3 3 3 3 3 3 3 3
37 37 37 37 37 37 37 37 37 37 38 37 37 37 37 37 37 37 37 37 37 37 37 37 37 37 37 37 37 37 37 38 37 37 37 37 38 37 37 38 38 37 37 37 37 37 37 37 37 37 37 37 37 37 37 37 37 37 37 36 37 37 37 36 37 36 37 37 37 38 37 37 36 36 38 38 36 37 36 37 37 37 37
1 32 47
2 65 82
3 29 56
4 10 54
5 25 83
6 14 26
7 20 27
8 12 21
9 13 30
11 34 63
15 45 80
16 61 73
17 50 53
18 28 46
19 57 69
22 23 48
24 43 70
31 52 76
33 36 67
35 41 42
37 58 74
38 51 64
39 72 77
40 49 75
44 79 81
55 60 62
59 66 68
48 71 78
1 64 67
2 9 66
3 35 80
4 30 61
5 19 70
6 20 42
7 57 75
8 28 41
10 24 44
11 33 58
12 72 78
13 47 62
14 52 53
15 34 79
16 17 22
18 55 83
21 59 74
23 38 69
25 29 31
26 43 82
27 37 54
32 39 40
36 71 76
22 45 60
46 63 65
49 68 81
49 50 51
56 73 77
1 15 26
2 35 71
3 50 54
4 63 69
5 16 74
6 72 83
7 62 76
8 29 64
9 44 53
10 18 32
11 39 66
12 57 79
13 38 77
14 58 75
17 28 33
19 35 47
20 46 68
21 24 36
23 31 42
25 81 82
27 67 73
30 70 78
34 51 55
37 45 65
40 61 80
41 43 60
48 56 59
18 52 73
1 59 69
2 24 55
3 11 57
4 8 14
5 15 68
6 19 36
7 17 82
9 34 67
10 22 76
12 61 65
13 46 74
16 41 63
20 25 77
21 26 50
23 40 54
27 78 81
28 70 79
29 58 71
30 31 39
32 53 56
33 72 80
37 44 47
38 43 66
42 62 64
45 51 52
34 48 75
41 49 83
12 54 60
1 17 55
2 16 72
3 38 76
4 68 71
5 40 62
6 13 29
7 9 21
8 37 77
10 25 75
11 52 81
14 47 78
15 27 39
18 30 64
19 73 82
20 33 51
22 49 70
23 58 79
24 31 80
26 44 46
28 45 66
32 36 60
30 35 59
42 53 74
43 48 61
50 69 72
56 65 83
22 57 67
25 47 63
1 61 81
2 8 32
3 5 9
4 67 74
6 59 79
7 23 83
10 42 65
11 24 64
12 17 31
13 45 75
14 16 38
15 41 76
18 37 57
19 54 66
20 60 69
21 40 52
26 33 62
27 43 53
28 40 71
7 29 70
34 35 77
36 49 77
39 51 82
39 44 48
3 46 78
50 58 73
55 68 80
33 56 63
1 58 72
2 23 29
4 49 82
5 8 48
6 17 37
9 41 58
10 51 59
11 13 56
12 36 38
14 65 79
15 18 81
16 45 54
19 31 46
20 61 71
21 22 47
24 25 73
26 35 63
27 44 55
28 62 69
30 34 50
32 67 70
42 66 78
43 57 83
35 52 75
53 60 80
64 68 74
49 72 76
1 8 54
2 15 67
3 59 82
4 12 73
5 23 51
6 40 43
7 16 80
9 68 69
10 11 21
13 27 76
14 24 81
17 35 65
18 45 48
19 61 64
20 29 74
22 46 71
25 28 53
23 26 34
30 36 63
31 37 67
32 57 68
33 54 55
38 44 50
14 39 62
41 75 77
42 70 73
43 47 52
15 56 66
11 60 78
64 79 83
1 34 83
2 38 62
3 36 53
4 21 48
5 56 81
6 25 44
7 18 22
8 19 80
9 20 76
10 17 45
12 52 77
13 79 82
16 26 71
24 32 69
27 28 59
29 40 42
30 47 65
31 57 60
33 41 61
37 66 75
39 70 74
46 55 72
49 58 63
29 50 78
51 57 72
1 43 75
2 46 61
3 18 74
4 32 34
5 55 79
6 53 66
7 11 77
8 68 76
9 37 80
10 36 64
12 33 44
13 26 60
14 31 51
15 38 71
16 27 30
17 58 67
19 41 56
20 47 70
21 42 45
22 63 83
23 24 50
25 35 62
28 48 54
39 49 73
40 59 81
52 69 82
52 65 78
1 62 79
2 21 68
3 45 83
4 7 58
5 12 50
6 47 48
8 24 63
9 26 32
10 27 29
11 65 80
13 20 37
14 44 72
15 33 40
16 25 76
17 51 54
18 35 39
19 30 60
22 28 31
23 53 67
34 36 82
38 41 81
42 46 69
43 55 56
49 57 74
59 64 77
61 75 78
66 71 73
35 38 70
1 3 71
2 10 63
4 22 39
5 49 60
6 9 18
7 55 66
8 62 82
11 19 44
12 34 56
13 33 81
14 32 37
15 53 69
16 23 46
17 26 74
20 41 72
21 28 75
24 61 76
25 40 51
27 36 52
29 80 83
30 54 58
31 47 77
42 50 57
43 78 79
45 68 73
48 65 70
25 59 67
20 64 81
1 11 50
2 26 59
3 65 68
4 31 70
5 14 77
6 38 73
7 43 46
8 10 33
9 36 72
12 55 63
13 35 57
15 21 62
16 18 56
17 48 76
19 27 75
22 41 80
23 28 32
24 82 83
29 30 49
34 40 60
37 69 78
39 52 61
42 54 71
44 51 58
45 47 74
53 54 79
22 64 66
41 65 67
1 53 68
2 17 47
3 14 30
4 18 76
5 34 38
6 45 71
7 10 60
8 67 81
9 35 43
11 12 29
13 59 72
15 24 37
16 20 57
19 51 63
21 70 77
23 66 74
25 50 55
26 28 39
27 40 64
31 36 83
32 46 62
33 48 82
42 56 80
44 49 78
52 67 79
58 61 69
5 73 75
1 22 37
2 4 57
3 17 69
6 21 34
7 41 52
8 58 70
9 24 71
10 46 48
11 30 73
12 13 16
14 61 74
15 25 49
18 26 80
19 65 77
20 53 55
23 56 75
27 45 50
28 35 78
29 36 62
31 63 79
32 33 38
39 68 83
40 44 82
42 43 72
47 76 81
51 60 66
18 54 59
25 64 72
1 2 12
3 58 81
4 46 60
5 21 57
6 7 67
8 26 75
9 22 73
10 68 79
11 31 49
13 61 63
14 36 80
15 32 77
16 34 44
17 19 40
20 39 65
23 47 55
24 30 41
27 35 51
28 50 76
29 48 53
33 66 83
37 52 64
38 56 78
42 59 83
43 54 69
45 62 70
71 74 82
1 4 25
2 36 51
3 27 62
5 6 52
7 12 14
8 57 73
9 16 33
10 49 56
11 41 53
13 24 65
15 47 60
17 75 80
18 34 71
19 21 81
20 32 35
22 42 61
23 59 78
26 37 48
28 68 72
29 54 82
30 46 76
31 45 69
38 55 74
39 43 67
40 66 79
44 63 77
50 64 70
18 43 58
1 38 63
2 54 81
3 15 73
4 16 29
5 37 72
6 8 55
7 34 39
9 10 40
11 35 61
12 19 49
13 58 64
14 42 48
17 46 79
20 36 50
21 33 53
22 78 82
23 30 68
24 27 77
25 60 65
26 45 67
28 52 83
31 32 59
41 51 71
44 66 69
11 47 75
56 57 70
62 74 80
57 63 76
1 27 41
2 20 58
3 21 67
4 37 59
5 44 76
6 22 33
7 48 72
8 9 56
10 61 82
12 43 62
13 49 66
14 69 70
15 36 46
16 31 81
17 24 60
18 53 78
19 23 71
25 39 45
26 55 77
28 30 51
29 38 47
32 54 80
34 42 52
35 40 50
64 65 73
68 70 75
35 74 79
74 77 83
1 28 82
2 48 79
3 20 52
4 17 23
5 26 41
6 15 78
7 13 50
8 31 43
9 62 65
10 12 47
11 32 55
14 34 73
16 36 75
18 19 25
21 56 61
22 24 68
27 69 83
29 37 76
30 33 45
38 40 67
39 58 59
26 42 49
44 54 57
46 51 53
60 63 72
64 71 80
32 66 81
1 21 80
2 77 78
3 22 75
4 55 65
5 10 53
6 12 68
7 56 74
8 18 61
9 48 63
11 28 36
13 14 25
15 70 83
16 69 79
17 41 64
19 29 52
20 23 73
24 45 59
27 66 72
30 62 67
31 35 54
33 37 60
34 46 81
38 57 82
39 50 71
40 58 76
42 47 51
17 43 49
3 13 44
1 31 73
2 60 83
4 51 62
5 64 78
6 57 80
7 30 69
8 71 79
9 38 42
10 43 74
11 20 45
12 22 40
14 15 23
16 59 70
18 24 72
19 34 68
21 32 76
25 46 54
26 47 58
27 33 65
28 37 56
29 55 67
35 36 44
39 63 75
41 50 82
48 66 77
49 53 61
23 52 60
17 62 81
1 20 49
2 31 75
3 7 25
4 36 45
5 43 65
6 16 28
8 11 27
9 19 39
10 55 58
12 15 51
13 53 70
14 57 66
18 68 77
21 54 63
22 34 59
24 47 56
26 69 81
29 33 35
30 71 83
32 44 52
37 40 41
38 48 80
42 76 82
29 46 73
19 50 74
61 67 72
6 49 64
10 13 78
36 42 79
1 14 56
2 5 45
3 16 60
4 26 66
7 33 78
8 30 44
9 15 59
11 17 71
12 27 46
18 31 41
20 62 63
21 25 43
22 38 65
23 37 70
24 52 74
28 73 81
32 51 75
34 53 58
35 72 82
39 47 80
40 69 77
48 67 83
50 61 68
54 64 76
55 57 78
19 37 79
1 39 46
2 25 41
3 12 64
4 35 53
5 17 42
6 30 32
7 47 54
8 49 59
9 51 79
10 28 80
11 16 48
13 22 55
14 20 21
15 63 74
18 27 60
23 33 43
24 34 62
26 70 72
29 45 61
31 56 71
36 58 66
38 75 83
26 40 68
18 44 67
50 77 81
30 52 57
65 69 76
35 73 83
9 27 82
1 76 78
2 19 43
3 4 42
5 46 66
6 51 56
7 28 38
8 50 60
10 15 52
11 22 74
12 45 53
13 39 54
14 29 68
16 58 62
17 61 77
20 31 48
21 49 69
23 63 80
24 75 79
25 32 71
33 57 59
34 65 72
36 41 73
37 55 81
16 40 47
44 70 71
47 64 82
19 20 67
1 5 13
2 22 69
3 26 51
4 6 24
7 44 73
8 34 45
9 25 57
10 70 81
11 15 42
12 30 48
14 50 59
17 36 78
18 65 66
21 29 79
23 39 76
27 31 58
28 60 74
7 32 49
33 64 75
35 56 67
37 63 82
38 52 72
40 46 83
41 54 62
36 43 68
53 57 77
31 55 61
43 73 80
1 30 66
2 13 40
3 41 48
4 19 28
5 29 39
6 27 74
8 17 25
9 54 61
10 26 38
11 14 18
12 67 69
15 20 22
16 37 50
21 60 71
23 44 64
24 40 53
32 45 82
33 42 77
34 47 49
35 58 68
46 52 56
51 80 81
55 59 76
62 72 75
63 68 78
36 65 74
46 70 80
3 32 79
62 78 83
1 10 23
2 70 76
4 5 47
6 11 54
7 53 81
8 16 52
9 45 49
12 59 75
13 28 42
14 60 64
15 17 57
18 33 69
19 26 83
20 34 43
21 58 65
22 29 77
24 35 66
25 30 38
27 56 79
31 53 72
37 51 61
39 41 55
15 31 44
48 50 52
63 67 71
73 74 76
46 77 82
1 19 24
2 28 44
3 34 37
4 38 79
5 7 36
6 58 60
8 13 83
9 11 70
10 39 69
12 23 35
14 55 82
16 49 67
17 20 66
18 21 51
22 32 72
25 42 68
26 54 65
27 47 71
29 41 59
30 43 81
2 33 50
40 48 73
45 56 64
57 61 62
17 63 73
20 44 75
25 78 80
1 36 57
3 23 49
4 33 52
5 27 63
6 31 82
7 59 61
8 39 42
9 60 77
10 16 35
11 76 83
12 32 74
13 15 19
14 43 71
18 50 62
21 41 66
22 30 53
24 26 29
28 47 67
34 54 78
37 38 68
1 40 65
45 46 58
48 64 69
1 51 70
55 71 75
30 56 72
50 79 80
42 75 81
2 39 56
3 19 55
4 11 40
5 20 59
6 10 77
7 45 63
8 51 65
9 31 64
12 24 28
13 23 41
14 35 76
15 48 58
16 32 43
17 27 38
18 49 79
21 72 73
22 52 62
25 33 70
26 36 61
29 57 81
34 69 74
37 53 83
44 60 68
8 46 47
54 67 75
66 80 82
24 51 78
2 18 42
3 40 72
4 9 83
5 22 54
6 23 65
7 26 31
10 14 19
11 43 59
12 37 39
13 17 21
15 28 61
16 55 64
20 30 80
25 36 48
27 48 49
1 29 60
32 73 78
33 34 76
6 35 69
19 38 53
41 44 74
45 77 79
46 50 67
47 50 66
52 63 70
56 68 82
10 57 71
25 56 58
11 23 62
35 60 81
2 53 64
3 61 70
4 77 80
5 33 71
7 51 68
3 8 66
9 74 78
12 42 58
4 13 43
14 40 63
15 75 82
16 21 83
17 52 59
18 36 47
20 24 38
22 43 44
26 30 79
27 34 57
28 49 55
15 29 72
31 50 65
32 41 76
11 37 46
6 39 81
40 45 57
54 69 73
44 56 62
13 51 67
1 9 52
2 34 80
5 28 58
7 24 42
8 36 69
10 34 41
12 18 82
14 33 46
16 51 77
17 29 32
19 48 62
20 54 83
21 31 78
22 36 81
23 45 72
25 61 79
26 53 73
27 49 70
30 74 75
15 35 64
37 62 71
38 39 60
47 53 59
30 40 55
29 63 66
15 16 65
67 76 77
33 47 68
1 42 44
2 7 37
3 6 63
4 72 81
5 67 80
8 20 78
9 12 81
10 62 73
11 72 79
13 69 71
14 41 45
17 18 70
19 22 58
21 23 82
24 49 54
25 26 27
28 57 64
31 34 66
32 50 83
35 48 55
38 46 59
24 33 39
43 51 76
52 54 68
56 60 76
23 27 61
29 65 75
1 48 74
2 49 52
3 28 43
4 50 75
5 32 61
6 41 70
7 8 40
9 46 75
10 30 37
11 67 82
12 76 80
13 31 68
14 17 83
16 39 53
18 20 40
19 32 42
21 35 37
22 26 56
11 25 69
36 55 70
38 45 63
44 59 65
41 47 57
58 71 78
1 29 57 85 113 141 169 196 226 251 278 306 334 362 389 417 444 472 500 528 555 583 611 640 666 695 722 750 779 806 833 853 856 903 946 974 1001 0
2 30 58 86 114 142 170 197 227 252 279 307 335 363 390 417 445 473 501 529 556 584 612 641 667 696 723 751 780 807 826 861 888 918 947 975 1002 0
3 31 59 87 115 143 165 198 228 253 280 306 336 364 391 418 446 474 502 530 557 582 613 642 668 697 724 752 777 808 834 862 889 919 923 976 1003 0
4 32 60 88 116 144 171 199 229 254 281 308 337 365 390 419 444 475 503 531 558 585 614 643 669 697 725 753 781 809 835 863 890 920 926 977 1004 0
5 33 61 89 117 143 172 200 230 255 282 309 338 366 388 420 447 476 504 532 559 586 615 641 670 698 722 754 781 810 836 864 891 921 948 978 1005 0
6 34 62 90 118 145 173 201 231 256 283 310 339 367 392 421 447 477 505 533 560 587 616 637 671 699 725 755 782 811 837 865 892 906 941 976 1006 0
7 35 63 91 119 146 160 202 232 257 281 311 340 368 393 421 448 478 506 534 561 588 613 644 672 700 726 739 783 810 838 866 893 922 949 975 1007 0
8 36 64 88 120 142 172 196 233 258 284 312 341 369 394 422 449 477 507 535 562 589 617 645 673 701 727 756 784 812 839 867 884 923 950 979 1007 0
9 30 65 92 119 143 174 203 234 259 285 310 342 370 395 423 450 479 507 536 563 590 618 646 674 694 728 757 785 813 840 868 890 924 946 980 1008 0
4 37 66 93 121 147 175 204 235 260 286 307 341 368 396 424 451 479 508 537 559 591 619 638 675 702 729 758 779 814 841 865 894 914 951 981 1009 0
10 38 67 87 122 148 176 204 224 257 287 313 334 371 397 425 452 480 496 538 564 592 617 647 676 703 730 759 782 813 842 863 895 916 940 982 1010 1019
8 39 68 94 112 149 177 199 236 261 282 314 343 371 398 417 448 481 509 537 560 593 620 648 668 704 731 760 786 815 843 869 896 925 952 980 1011 0
9 40 69 95 118 150 176 205 237 262 288 315 344 372 398 426 453 482 510 534 565 582 621 638 677 705 722 751 787 812 844 870 897 926 945 983 1012 0
6 41 70 88 123 151 178 206 219 263 289 316 338 364 399 427 448 483 511 539 565 594 622 640 678 706 732 759 788 816 845 871 894 927 953 984 1013 0
11 42 57 89 124 152 179 197 223 264 290 317 345 373 400 428 454 474 512 533 566 594 620 646 679 702 730 761 789 801 844 872 898 928 937 965 971 0
12 43 61 96 114 151 180 202 238 265 291 318 346 374 398 429 450 475 513 540 567 595 616 642 676 707 718 762 784 817 841 873 899 929 954 971 1014 0
13 43 71 91 113 149 173 207 235 266 292 319 347 363 391 430 455 484 514 531 568 581 610 647 670 708 733 756 789 818 830 874 897 930 955 985 1013 0
14 44 66 84 125 153 179 208 232 253 293 310 346 365 401 415 456 471 515 541 562 596 623 649 680 689 734 759 790 819 846 875 888 931 952 985 1015 0
15 33 72 90 126 154 181 209 233 267 294 313 348 375 402 430 457 481 516 541 569 597 618 635 665 696 721 753 791 806 844 862 894 907 956 986 1016 0
7 34 73 97 127 155 182 210 234 268 288 320 333 374 403 431 458 485 501 530 570 592 611 650 678 709 721 761 792 818 831 864 900 932 957 979 1015 0
8 45 74 98 119 156 183 204 229 269 279 321 345 376 392 420 457 486 502 542 555 598 624 651 678 710 735 763 793 819 847 876 897 929 958 987 1017 0
16 43 52 93 128 139 183 211 232 270 295 308 349 360 389 423 459 487 505 543 557 593 625 652 677 703 723 761 794 820 848 877 891 933 959 986 1018 0
16 46 75 99 129 146 170 200 213 271 296 318 350 377 404 432 460 488 516 531 570 594 609 653 681 711 736 764 779 815 834 870 892 916 960 987 999 0
17 37 74 86 130 148 184 206 239 271 284 322 351 373 395 433 453 489 514 543 571 596 626 654 682 712 725 765 795 806 849 869 887 932 949 988 995 0
5 47 76 97 121 140 184 212 231 272 291 323 332 378 400 416 444 490 517 541 565 599 613 651 667 713 728 756 796 821 832 878 901 915 961 989 1019 0
6 48 57 98 131 157 185 213 238 262 285 319 335 379 401 422 461 491 518 532 549 600 627 643 683 688 724 758 791 822 849 879 893 934 962 989 1018 0
7 49 77 100 124 158 186 205 240 265 286 324 348 380 405 434 446 489 500 544 572 601 617 648 680 694 737 755 797 823 836 874 902 935 963 989 999 0
14 36 71 101 132 159 187 212 240 273 295 321 350 379 406 435 462 492 519 528 564 602 616 655 675 700 738 753 787 807 850 869 898 936 948 990 1003 0
3 47 64 102 118 160 170 210 241 249 286 325 352 371 407 436 463 475 520 545 569 603 628 634 684 706 735 754 794 824 849 880 903 937 955 970 1000 0
9 32 78 103 125 134 188 214 242 265 294 326 352 364 397 433 464 488 519 546 573 588 629 645 671 691 731 750 796 825 848 858 900 934 964 969 1009 0
18 47 75 103 130 149 181 215 243 263 295 327 337 381 408 425 465 493 513 535 574 583 612 649 685 709 737 748 798 801 837 868 893 938 958 991 1012 0
1 50 66 104 133 142 189 216 239 254 285 316 350 382 409 428 458 493 521 538 554 598 630 656 671 713 739 766 777 820 843 873 904 939 955 992 1005 1016
19 38 71 105 127 157 168 217 244 261 290 315 341 383 409 437 450 486 505 546 575 601 628 644 681 714 740 767 790 826 835 878 905 921 953 973 995 0
10 42 79 92 110 161 188 213 226 254 297 314 353 366 392 429 456 478 522 539 576 597 625 657 682 715 727 768 792 808 851 881 905 935 947 951 991 0
20 31 58 72 134 161 185 192 207 272 293 305 344 370 406 434 458 480 523 526 574 604 628 658 669 693 741 769 795 815 841 871 906 917 965 993 1017 0
19 51 74 90 133 162 177 214 228 260 297 324 342 381 407 427 445 485 512 540 564 604 614 639 686 716 733 746 775 810 833 879 901 931 950 959 1020 0
21 49 80 106 120 153 173 215 245 259 288 316 354 373 389 438 461 476 503 545 575 602 631 653 665 717 742 762 799 808 852 882 896 940 966 975 1009 1017
22 46 69 107 115 151 177 218 227 264 298 305 339 366 409 439 466 472 520 547 577 590 632 652 687 700 743 758 796 809 852 874 907 932 967 994 1021 0
23 50 67 103 124 163 164 219 246 274 293 308 355 379 410 431 467 478 517 548 578 605 618 659 666 705 736 754 800 814 839 861 896 941 967 995 1014 0
24 50 81 99 117 156 159 201 241 275 290 323 353 380 411 430 468 479 523 547 579 593 631 660 688 718 744 751 765 827 853 863 889 927 942 969 1007 1015
20 36 82 96 111 152 174 220 244 267 298 320 349 361 393 433 452 494 500 532 568 606 631 649 667 716 745 752 800 824 847 870 908 939 951 984 1006 1023
20 34 75 108 135 147 190 221 241 269 299 328 356 384 412 440 459 483 522 549 580 590 633 639 670 697 730 767 787 821 839 860 888 925 949 974 1016 0
17 48 82 107 136 158 191 201 222 251 300 329 340 370 412 441 467 471 509 535 581 591 615 651 681 696 746 749 792 825 845 873 895 926 933 996 1003 0
25 37 65 106 131 164 186 218 231 261 289 313 357 385 411 429 469 495 504 550 582 604 630 645 689 719 726 764 801 807 831 883 908 933 944 974 1022 0
11 52 80 109 132 150 180 208 235 269 280 330 358 367 405 442 465 491 517 546 571 592 614 641 684 704 727 766 785 828 854 866 909 942 960 984 1021 0
14 53 73 95 131 165 181 211 247 252 299 318 340 382 396 419 464 484 512 551 576 599 634 648 666 698 744 770 776 805 854 884 910 940 953 994 1008 0
1 40 72 106 123 140 183 222 242 268 283 327 358 363 413 432 454 496 520 537 580 600 626 659 672 718 720 768 781 823 850 884 911 931 968 973 1023 0
16 28 83 110 136 164 172 208 229 273 283 331 347 383 396 436 461 483 506 529 563 607 632 661 676 709 731 752 802 827 855 872 901 902 956 993 1001 0
24 54 55 111 128 162 171 195 248 274 301 309 352 385 400 425 451 481 510 549 581 608 611 637 673 710 739 768 785 817 834 875 902 936 963 988 1002 0
13 55 59 98 137 166 188 218 249 271 282 328 334 378 405 435 470 485 523 534 578 606 635 662 690 701 732 762 802 826 846 859 910 911 938 992 1004 0
22 55 79 109 127 163 175 200 250 263 292 323 357 375 414 434 445 494 519 551 580 585 620 656 674 699 724 771 799 819 856 867 887 922 945 954 996 0
18 41 84 109 122 156 192 222 236 276 277 324 355 386 393 438 447 492 522 530 569 609 630 654 691 702 743 770 784 802 835 877 912 930 946 997 1002 0
13 41 65 104 135 158 193 212 228 256 296 317 359 362 403 436 452 486 515 551 559 608 621 657 669 704 747 765 783 798 848 882 907 918 962 968 1014 0
4 49 59 99 112 154 180 196 217 273 292 326 356 359 415 441 463 473 521 550 574 599 624 663 672 705 745 757 782 822 851 885 891 943 957 988 997 0
26 44 79 86 113 167 186 217 247 255 300 311 343 378 403 432 466 477 518 538 558 603 619 664 677 717 748 772 800 816 857 862 899 936 969 993 1020 0
3 56 83 104 138 168 176 223 230 267 300 314 346 384 404 439 451 497 507 542 561 602 626 640 685 699 741 770 797 828 858 861 913 915 944 998 1018 0
15 35 68 87 139 153 191 216 243 250 301 328 344 374 390 420 449 497 499 550 577 587 622 664 691 714 728 747 789 829 833 880 914 935 942 990 1023 0
21 38 70 102 129 166 169 174 248 266 281 326 357 387 394 418 471 482 501 548 579 600 619 657 686 707 737 769 793 811 854 872 915 925 948 986 1024 0
27 45 83 85 134 145 175 198 240 275 302 332 335 372 415 440 460 493 503 548 571 595 625 646 673 714 732 772 786 824 838 864 895 930 968 994 1022 0
26 52 82 112 133 155 193 224 243 262 294 309 353 368 414 419 454 490 514 552 575 584 609 642 680 701 738 763 788 811 840 883 903 917 967 998 0 0
12 32 81 94 136 141 182 209 244 252 303 322 355 387 399 426 459 480 508 542 562 608 636 662 684 708 748 757 799 829 838 879 898 919 961 999 1005 0
26 40 63 108 117 157 187 219 227 272 278 312 345 382 407 442 446 498 509 536 573 585 610 650 682 707 745 773 778 829 846 877 916 944 956 966 981 0
10 53 60 96 140 168 185 214 248 270 284 307 343 375 408 426 469 472 499 552 563 605 624 650 679 711 742 774 803 830 836 866 912 927 970 976 1021 0
22 29 64 108 125 148 194 209 225 260 302 333 360 380 416 438 470 482 524 553 568 586 637 663 668 720 740 764 788 828 855 868 899 918 965 990 0 0
2 53 80 94 138 147 178 207 242 277 287 331 336 361 402 431 453 490 524 536 558 601 615 652 692 715 734 775 793 822 853 867 892 938 971 1000 1022 0
27 30 67 107 132 154 190 223 245 256 304 311 360 377 414 437 468 495 510 554 572 607 622 643 686 698 734 750 795 818 847 886 911 923 970 991 0 0
19 29 77 92 139 144 189 197 215 266 296 332 361 369 386 421 467 491 502 547 573 603 636 661 689 721 741 760 803 817 850 885 910 945 972 978 1010 0
27 54 73 89 116 167 194 203 216 258 279 330 336 362 410 424 462 488 525 543 560 597 623 662 688 706 746 769 774 821 852 883 913 922 973 997 1012 0
15 46 60 85 137 155 187 203 239 276 299 317 354 387 391 441 465 495 511 544 567 588 627 660 692 710 723 760 790 814 855 881 906 943 950 983 1019 0
17 33 78 101 128 160 189 221 246 268 305 331 337 376 394 442 470 497 511 525 566 595 621 653 683 719 729 776 780 813 856 878 912 919 963 985 1006 1020
28 51 58 102 116 159 182 211 238 264 304 306 356 367 395 443 456 494 516 553 578 589 629 647 685 713 719 763 803 823 845 857 914 921 966 983 1024 0
23 39 62 105 114 137 169 195 247 250 289 320 342 372 412 416 462 476 506 552 572 596 636 658 683 715 743 773 798 820 858 876 889 937 960 977 982 0
12 56 77 84 126 166 184 199 221 274 304 330 339 388 397 423 449 474 524 539 570 583 634 655 693 716 726 749 804 827 830 876 904 943 962 981 0 0
21 45 61 95 135 144 194 210 246 253 301 319 358 377 399 443 466 498 526 527 561 591 635 654 679 703 738 755 775 804 843 881 908 924 964 1001 0 0
24 35 70 110 121 150 192 220 245 251 303 321 348 388 404 422 455 496 525 540 557 605 612 656 687 712 740 773 786 831 857 860 885 928 964 1000 1004 1008
18 51 63 93 115 152 195 205 234 258 291 322 347 365 413 435 464 499 504 545 579 598 633 663 692 695 736 772 780 804 842 871 905 939 972 996 998 1011
23 56 69 97 120 161 162 220 236 257 302 327 338 376 402 428 469 489 518 527 556 607 623 660 690 708 747 767 794 805 840 865 909 920 954 972 0 0
28 39 78 100 123 165 190 224 249 277 303 329 354 385 406 439 460 487 515 533 556 586 638 644 664 695 733 774 778 832 851 887 904 924 958 979 1024 0
25 42 68 101 129 145 178 225 237 255 278 329 359 386 408 424 468 484 526 529 567 589 639 665 674 712 735 777 797 809 859 875 909 934 961 982 0 0
11 31 81 105 130 167 193 202 233 259 287 325 349 384 401 427 455 498 521 553 555 587 632 659 675 711 749 771 776 832 859 886 900 920 947 978 1011 0
25 54 76 100 122 141 179 206 230 275 298 315 333 369 413 418 457 473 513 554 576 610 627 655 690 717 729 771 783 825 860 880 917 941 959 977 980 0
2 48 76 91 126 163 171 198 237 276 297 312 351 383 411 443 463 487 508 528 577 606 633 658 694 720 742 766 805 816 837 886 913 928 952 987 1010 0
5 44 62 111 138 146 191 225 226 270 280 325 351 381 410 437 440 492 527 544 566 584 629 661 687 693 744 778 791 812 842 882 890 929 957 992 1013 0
