1024 350
3 9
3 3 3 3 3 3 3 3 3 3 3 3 3 3 3 3 3 3 3 3 3 3 3 3 3 3 3 3 3 3 3 3 3 3 3 3 3 3 3 3 3 3 3 3 3 3 3 3 3 3 3 3 3 3 3 3 3 3 3 3 3 3 3 3 3 3 3 3 3 3 3 3 3 3 3 3 3 3 3 3 3 3 3 3 3 3 3 3 3 3 3 3 3 3 3 3 3 3 3 3 3 3 3 3 3 3 3 3 3 3 3 3 3 3 3 3 3 3 3 3 3 3 3 3 3 3 3 3 3 3 3 3 3 3 3 3 3 3 3 3 3 3 3 3 3 3 3 3 3 3 3 3 3 3 3 3 3 3 3 3 3 3 3 3 3 3 3 3 3 3 3 3 3 3 3 3 3 3 3 3 3 3 3 3 3 3 3 3 3 3 3 3 3 3 3 3 3 3 3 3 3 3 3 3 3 3 3 3 3 3 3 3 3 3 3 3 3 3 3 3 3 3 3 3 3 3 3 3 3 3 3 3 3 3 3 3 3 3 3 3 3 3 3 3 3 3 3 3 3 3 3 3 3 3 3 3 3 3 3 3 3 3 3 3 3 3 3 3 3 3 3 3 3 3 3 3 3 3 3 3 3 3 3 3 3 3 3 3 3 3 3 3 3 3 3 3 3 3 3 3 3 3 3 3 3 3 3 3 3 3 3 3 3 3 3 3 3 3 3 3 3 3 3 3 3 3 3 3 3 3 3 3 3 3 3 3 3 3 3 3 3 3 3 3 3 3 3 3 3 3 3 3 3 3 3 3 3 3 3 3 3 3 3 3 3 3 3 3 3 3 3 3 3 3 3 3 3 3 3 3 3 3 3 3 3 3 3 3 3 3 3 3 3 3 3 3 3 3 3 3 3 3 3 3 3 3 3 3 3 3 3 3 3 3 3 3 3 3 3 3 3 3 3 3 3 3 3 3 3 3 3 3 3 3 3 3 3 3 3 3 3 3 3 3 3 3 3 3 3 3 3 3 3 3 3 3 3 3 3 3 3 3 3 3 3 3 3 3 3 3 3 3 3 3 3 3 3 3 3 3 3 3 3 3 3 3 3 3 3 3 3 3 3 3 3 3 3 3 3 3 3 3 3 3 3 3 3 3 3 3 3 3 3 3 3 3 3 3 3 3 3 3 3 3 3 3 3 3 3 3 3 3 3 3 3 3 3 3 3 3 3 3 3 3 3 3 3 3 3 3 3 3 3 3 3 3 3 3 3 3 3 3 3 3 3 3 3 3 3 3 3 3 3 3 3 3 3 3 3 3 3 3 3 3 3 3 3 3 3 3 3 3 3 3 3 3 3 3 3 3 3 3 3 3 3 3 3 3 3 3 3 3 3 3 3 3 3 3 3 3 3 3 3 3 3 3 3 3 3 3 3 3 3 3 3 3 3 3 3 3 3 3 3 3 3 3 3 3 3 3 3 3 3 3 3 3 3 3 3 3 3 3 3 3 3 3 3 3 3 3 3 3 3 3 3 3 3 3 3 3 3 3 3 3 3 3 3 3 3 3 3 3 3 3 3 3 3 3 3 3 3 3 3 3 3 3 3 3 3 3 3 3 3 3 3 3 3 3 3 3 3 3 3 3 3 3 3 3 3 3 3 3 3 3 3 3 3 3 3 3 3 3 3 3 3 3 3 3 3 3 3 3 3 3 3 3 3 3 3 3 3 3 3 3 3 3 3 3 3 3 3 3 3 3 3 3 3 3 3 3 3 3 3 3 3 3 3 3 3 3 3 3 3 3 3 3 3 3 3 3 3 3 3 3 3 3 3 3 3 3 3 3 3 3 3 3 3 3 3 3 3 3 3 3 3 3 3 3 3 3 3 3 3 3 3 3 3 3 3 3 3 3 3 3 3 3 3 3 3 3 3 3 3 3 3 3 3 3 3 3 3 3 3 3 3 3 3 3 3 3 3 3 3 3 3 3 3 3 3 3 3 3 3 3 3 3 3 3 3 3 3 3 3 3 3 3 3 3 3 3 3 3 3 3 3 3 3 3 3 3 3 3 3 3 3 3 3 3 3 3 3 3 3 3 3 3 3 3 3 3 3 3 3 3 3 3 3 3 3 3 3 3 3 3 3 3 3 3 3 3 3 3 3 3 3 3 3 3 3 3 3 3 3 3 3 3 3 3 3 3 3 3 3 3 3 3 3 3 3 3 3 3 3 3 3 3 3 3 3 3 3 3 3 3 3 3 3 3 3 3 3 3 3 3 3 3 3 3 3 3 3 3 3 3 3 3 3 3 3 3 3 3 3 3
9 9 9 9 9 9 9 9 9 9 9 9 9 9 9 9 9 9 9 9 9 9 9 9 9 9 9 9 9 9 9 9 9 9 9 9 9 9 9 9 9 9 9 9 9 9 9 9 9 9 9 9 9 9 9 9 9 9 9 9 9 9 9 9 9 9 9 9 9 9 9 9 9 9 9 9 9 9 9 9 9 9 9 9 9 9 9 9 9 9 9 9 9 9 9 9 9 9 9 9 9 9 9 9 9 9 9 9 9 9 9 9 9 9 9 9 9 9 9 9 9 9 9 9 9 9 9 9 9 9 9 9 9 9 9 9 9 9 9 9 9 9 9 9 9 9 9 9 9 9 9 8 8 9 9 8 8 8 9 9 8 8 8 8 9 9 9 9 8 9 8 9 9 9 9 9 9 9 9 8 9 8 9 9 9 9 8 8 8 8 9 8 9 9 9 9 9 9 9 8 9 9 9 8 8 8 9 8 9 9 8 8 8 8 9 8 8 9 9 8 9 9 9 9 9 9 8 8 9 8 9 8 9 9 9 9 9 8 9 9 9 9 9 9 9 8 8 9 8 9 8 8 9 9 8 9 9 8 9 8 8 9 8 9 8 9 9 8 8 9 8 9 9 9 8 8 8 8 8 9 9 8 8 9 9 9 9 9 9 8 8 9 9 9 9 9 8 8 8 9 9 9 8 8 9 9 8 9 8 9 9 9 9 9 8 9 9 8 9 8 8 8 8 8 8 8 9 9 9 9 9 8 9 9 9 8 9 9 9 9 9 9 9 9 9 8 9 8 9 9
1 134 197
2 272 343
3 118 235
4 31 226
5 94 346
6 40 92
7 63 86
8 23 60
9 16 79
10 82 244
11 155 340
12 232 298
13 178 192
14 54 152
15 195 265
17 26 149
18 120 259
19 165 309
20 39 239
21 93 98
22 140 270
24 110 185
25 241 271
27 74 260
28 334 342
29 122 162
30 34 137
32 219 333
33 278 288
35 62 287
36 169 331
37 146 279
38 100 296
41 91 176
42 230 311
43 105 181
44 108 202
45 147 247
46 302 347
47 177 315
48 207 276
49 125 245
50 283 348
51 61 154
52 209 212
53 135 294
55 211 236
56 76 144
57 59 84
58 257 275
64 128 304
65 81 90
66 119 163
67 71 216
68 182 234
69 312 337
70 295 322
72 173 339
73 281 327
75 131 138
77 194 240
78 107 111
80 188 213
83 208 307
85 183 223
87 170 277
88 133 145
89 102 268
95 316 329
96 164 233
97 114 132
99 180 222
101 167 224
103 206 266
104 320 324
106 130 297
109 117 142
112 221 338
113 139 161
115 136 172
116 159 215
121 273 328
123 203 252
124 282 305
126 330 350
127 148 227
129 248 321
141 157 198
143 246 291
150 292 313
151 184 303
153 336 341
156 217 254
158 171 255
160 190 319
166 191 286
168 189 293
174 256 289
175 193 345
179 205 332
186 204 218
187 225 335
196 220 349
199 214 317
200 237 323
201 242 299
210 274 310
228 238 264
229 290 308
231 261 280
243 284 285
249 250 262
251 258 263
253 318 344
267 300 326
269 306 325
18 301 314
1 108 334
2 79 88
3 23 49
4 90 314
5 33 337
6 63 82
7 65 225
8 84 140
9 124 264
10 22 122
11 28 147
12 236 344
13 196 251
14 176 189
15 133 338
16 35 232
17 99 290
19 170 294
20 238 331
21 57 141
24 317 345
25 101 272
26 154 162
27 68 186
29 142 148
30 280 332
31 253 346
32 165 341
34 286 303
36 281 291
37 218 263
38 216 340
39 250 258
40 96 152
41 66 171
42 76 234
43 44 325
45 118 172
46 62 173
47 59 266
48 188 260
50 85 229
51 139 289
52 138 269
53 92 321
54 151 237
55 254 310
56 104 114
58 241 284
60 126 194
61 160 299
64 81 252
67 70 300
69 292 297
71 95 215
72 111 193
73 89 307
74 121 209
75 179 214
77 208 313
78 223 326
80 130 219
83 255 257
86 220 316
87 134 265
91 97 210
93 221 311
94 201 261
98 191 322
100 161 243
102 181 283
103 153 217
105 157 304
106 116 282
107 119 259
109 163 207
110 125 262
112 174 293
113 279 302
115 324 335
117 169 342
120 177 343
123 185 333
127 131 159
128 146 274
129 235 347
132 222 330
135 273 308
136 137 224
143 200 339
144 202 278
145 240 349
149 184 203
150 204 233
155 211 328
156 246 319
158 242 249
164 205 315
166 228 277
167 192 213
168 199 247
175 244 288
178 267 318
180 239 312
182 183 190
187 195 327
197 245 298
198 231 276
206 275 329
212 320 323
226 227 336
230 248 268
256 301 306
270 296 309
222 271 295
285 305 348
48 287 350
1 54 241
2 299 321
3 81 116
4 68 199
5 100 327
6 20 269
7 50 287
8 212 267
9 176 270
10 137 338
11 114 177
12 32 93
13 157 170
14 89 328
15 171 186
16 172 263
17 103 202
18 191 313
19 256 339
21 85 131
22 156 292
23 36 332
24 166 329
25 146 227
26 111 349
27 169 266
28 249 297
29 102 125
30 113 273
31 149 264
33 64 293
34 97 183
35 144 300
37 78 201
38 96 207
39 55 215
40 45 153
41 86 143
42 220 312
43 66 347
44 88 219
46 47 134
49 107 167
51 214 350
52 231 257
53 70 342
56 148 255
57 175 335
58 80 190
59 242 285
60 152 234
61 95 320
62 69 184
63 307 318
65 277 340
67 145 179
71 283 341
72 211 295
73 130 274
74 262 309
75 119 337
76 123 243
77 109 115
79 180 198
82 259 333
83 174 216
84 135 226
87 230 254
90 122 237
91 154 331
92 128 298
94 132 181
98 279 323
99 204 245
101 168 229
104 188 264
105 150 185
106 164 308
108 251 317
110 195 200
112 258 315
117 193 311
118 221 346
120 139 291
121 252 319
124 194 302
126 250 275
127 161 196
129 239 286
133 284 310
136 236 325
138 147 268
108 140 248
141 162 208
142 217 253
151 192 206
155 218 303
12 158 238
159 260 343
160 163 228
165 280 324
173 182 304
178 282 336
187 272 326
189 191 276
197 247 261
203 205 316
209 210 288
213 244 348
223 235 289
76 224 294
43 225 322
232 271 314
233 288 344
64 240 334
221 246 305
265 306 330
155 278 301
16 135 281
290 296 345
1 63 159
2 72 283
3 269 296
4 89 315
5 55 141
6 218 311
7 146 169
8 94 277
9 83 107
10 95 247
11 133 178
13 96 242
14 57 145
15 69 139
17 190 279
18 230 308
19 199 239
20 77 192
21 321 340
22 128 330
23 196 322
24 113 318
25 150 280
26 134 207
27 235 333
28 99 187
29 80 293
30 65 111
31 67 262
32 194 195
33 61 326
34 116 158
35 336 345
36 284 344
37 71 252
38 246 271
39 153 225
40 97 110
41 126 308
42 201 209
44 74 316
45 117 171
46 90 101
47 165 210
48 59 211
49 214 278
50 240 259
51 241 294
52 186 281
53 184 254
54 119 226
56 197 223
58 124 335
60 174 227
62 189 320
66 177 243
68 115 132
70 244 319
73 286 342
75 217 285
78 106 161
79 93 206
81 104 180
82 170 245
84 185 258
85 125 203
86 231 265
87 127 172
88 149 273
91 216 251
92 290 324
98 102 224
100 154 173
103 137 164
105 238 287
109 219 256
112 151 228
114 193 237
118 234 274
120 261 303
121 148 317
122 166 179
123 276 302
129 162 233
130 214 266
131 275 339
136 270 299
138 167 185
140 183 208
120 142 250
143 144 253
147 176 260
152 236 272
156 257 349
157 314 329
160 220 229
128 163 282
168 232 310
175 289 332
181 297 301
182 255 263
188 298 327
198 213 262
200 248 337
202 212 313
204 267 309
205 222 341
215 291 306
249 295 338
268 300 331
292 328 346
304 312 348
108 171 305
307 323 325
334 347 350
263 297 343
1 164 331
2 76 293
3 141 342
4 61 348
5 56 341
6 28 289
7 219 233
8 147 206
9 51 117
10 73 290
11 198 229
12 37 335
13 17 235
14 109 161
15 252 268
16 95 207
18 203 257
19 26 343
20 90 243
21 150 234
22 152 339
23 24 184
25 91 217
27 280 337
29 53 212
30 181 310
31 72 87
32 127 303
33 250 279
34 174 220
35 130 140
36 40 83
38 68 334
39 80 201
41 94 175
42 245 347
43 104 139
44 223 271
45 67 330
46 74 153
47 78 253
48 110 202
49 236 315
50 116 294
52 282 322
54 123 249
55 163 317
57 148 312
58 96 306
59 224 316
60 197 288
62 132 285
63 121 314
64 193 281
65 144 186
66 208 222
69 93 170
70 227 270
71 142 183
75 113 255
77 232 277
79 100 209
81 119 210
82 205 248
84 114 191
85 115 291
86 192 295
88 143 247
89 124 204
92 177 194
97 149 267
98 215 304
99 145 159
101 221 307
102 344 349
103 168 269
105 134 176
106 157 195
107 126 320
111 305 329
112 259 327
118 166 187
122 242 273
125 238 274
129 328 336
131 189 244
133 154 225
135 326 338
136 231 311
137 180 287
138 162 324
146 179 211
151 309 350
155 275 298
156 226 325
158 313 345
160 195 332
165 190 340
167 169 273
172 241 267
173 228 278
178 261 319
182 237 300
150 188 196
199 265 279
181 200 296
213 323 334
106 216 239
176 218 284
230 249 318
240 266 272
246 260 286
251 276 346
254 256 302
258 283 342
86 264 321
61 125 292
275 299 333
79 183 301
1 211 324
2 318 330
3 18 285
4 48 93
5 6 349
7 156 177
8 239 259
9 205 234
10 66 110
11 238 337
12 237 316
13 257 320
14 65 250
15 50 270
16 319 347
17 60 283
19 169 313
20 88 227
21 35 251
22 78 87
23 219 304
24 154 231
25 262 281
26 84 274
27 161 178
28 171 209
29 38 297
30 245 269
31 286 310
32 52 307
33 127 321
34 72 213
36 99 201
37 51 103
39 271 323
40 277 348
41 190 236
42 111 133
43 206 256
44 45 75
46 175 268
47 70 301
49 232 276
53 74 247
54 240 291
55 186 244
56 89 192
57 265 272
58 229 248
59 162 228
62 85 333
63 199 258
64 166 253
67 302 311
68 153 308
69 83 202
71 101 130
73 299 350
76 147 326
77 180 260
80 288 328
81 336 339
82 104 217
90 108 264
91 261 306
92 214 226
94 167 243
95 139 210
96 188 252
97 179 290
98 309 327
100 126 293
102 163 340
105 122 298
107 159 344
109 257 338
112 280 300
113 141 287
106 114 224
115 121 168
116 155 185
117 128 314
118 193 250
119 196 345
120 138 241
123 129 212
124 137 215
131 197 315
132 160 233
134 212 242
135 200 255
136 204 341
140 164 225
142 152 332
143 235 329
144 194 220
145 165 207
146 151 284
148 184 221
149 175 263
157 227 346
158 278 319
71 170 191
172 266 296
173 294 325
174 285 335
167 182 254
187 203 208
189 195 295
22 198 218
138 216 222
52 223 312
214 230 282
185 246 331
98 289 303
292 317 335
165 220 305
62 322 343
1 111 256
2 119 329
3 95 241
4 24 324
5 258 347
6 35 166
7 291 300
8 117 284
9 249 336
10 79 251
11 170 281
12 110 342
13 14 55
15 20 49
16 92 339
17 172 243
18 151 312
19 91 194
21 284 298
23 190 240
25 84 278
26 237 269
27 72 108
28 248 277
29 45 73
30 145 282
31 224 345
32 105 217
33 83 330
34 104 268
36 168 302
37 38 131
39 67 107
40 178 222
41 148 238
42 184 186
43 229 234
44 112 242
46 219 295
47 187 255
48 317 349
50 144 205
51 64 265
53 228 341
54 69 169
56 129 146
57 100 232
58 74 274
59 245 270
60 109 246
61 252 307
63 120 309
65 290 316
66 188 191
68 158 310
70 123 337
75 77 297
76 162 305
78 115 288
80 276 343
81 127 280
82 124 301
85 164 318
86 304 350
87 96 200
88 191 266
89 94 333
90 113 296
93 149 299
97 155 322
99 173 340
101 176 267
102 118 133
103 211 327
114 231 328
116 143 279
121 152 208
122 189 261
125 179 206
126 221 233
128 264 303
130 182 344
132 207 326
134 135 293
136 199 244
137 253 348
139 275 331
140 302 314
141 160 259
142 230 294
147 163 262
150 215 223
153 157 311
154 183 272
156 308 321
159 216 292
125 161 271
171 260 346
174 198 201
177 196 338
180 225 289
181 218 313
192 203 210
193 247 286
197 263 325
202 306 315
75 204 239
209 226 332
213 235 236
56 254 334
273 283 323
187 278 287
21 110 320
1 9 191
2 188 300
3 177 228
4 13 331
5 150 225
6 101 207
7 123 193
8 33 294
10 159 268
11 250 285
12 15 328
14 259 322
16 63 223
17 85 104
18 26 44
19 52 141
20 62 253
22 203 232
23 229 252
24 208 215
25 235 238
27 124 237
28 274 293
29 51 178
30 50 311
31 162 257
32 96 118
34 325 350
35 55 142
36 41 71
37 195 273
38 168 330
39 102 205
40 106 119
42 175 192
43 57 167
45 84 275
46 145 323
47 276 329
48 161 218
49 180 283
53 154 213
54 140 340
58 127 214
59 91 320
60 87 137
61 65 151
64 242 309
66 72 184
67 148 315
68 299 346
69 116 295
70 204 332
73 115 196
74 136 298
76 120 130
77 326 344
78 79 246
80 128 133
81 201 349
82 173 261
83 317 341
86 135 343
88 139 280
89 97 312
90 216 249
92 113 292
93 109 166
94 194 245
95 179 254
98 319 338
99 144 333
100 157 264
103 170 219
105 334 335
107 190 206
108 114 318
111 270 271
112 222 308
117 174 182
121 164 277
122 143 267
126 286 297
129 198 316
131 301 345
132 266 339
134 303 305
138 314 336
146 209 258
147 221 265
149 200 220
152 202 282
153 240 248
155 199 262
156 210 296
158 189 239
160 169 306
163 291 307
165 176 226
171 183 324
172 185 289
181 236 260
186 224 321
197 230 342
211 243 304
212 256 272
217 288 347
227 231 348
233 247 327
234 269 279
241 251 313
135 244 287
255 290 295
263 310 337
2 194 281
1 33 149
3 292 310
4 146 173
5 130 143
6 18 328
7 110 239
8 281 289
9 141 221
10 250 334
11 95 253
12 99 134
13 16 284
14 174 287
15 254 340
17 262 339
19 70 147
20 51 97
21 71 132
22 102 139
23 75 111
24 45 207
25 181 242
26 167 327
27 39 60
28 202 308
29 63 337
30 285 319
31 65 223
32 168 179
34 178 343
35 209 335
36 225 264
37 210 245
38 62 150
40 93 293
41 79 349
42 126 266
43 240 267
44 218 342
46 117 137
47 286 333
48 87 229
49 98 154
50 80 226
52 104 345
53 109 144
54 88 317
55 273 330
56 107 199
57 301 350
58 76 235
59 85 314
61 170 176
64 94 196
66 145 197
67 185 272
68 195 256
69 90 183
72 83 166
73 175 329
74 300 305
77 125 244
78 306 316
81 120 248
82 138 236
84 222 296
86 131 341
89 103 280
91 127 311
92 123 160
96 115 184
100 114 215
101 177 201
105 193 338
106 118 313
108 294 312
112 186 302
113 136 151
116 237 347
119 219 234
121 243 259
122 224 274
124 198 344
128 159 231
129 165 172
133 203 233
140 257 288
142 270 331
148 155 241
1 118 235 355 471 590 708 821 936
2 119 236 356 472 591 709 822 935
3 120 237 357 473 592 710 823 937
4 121 238 358 474 593 711 824 938
5 122 239 359 475 594 712 825 939
6 123 240 360 476 594 713 826 940
7 124 241 361 477 595 714 827 941
8 125 242 362 478 596 715 828 942
9 126 243 363 479 597 716 821 943
10 127 244 364 480 598 717 829 944
11 128 245 365 481 599 718 830 945
12 129 246 332 482 600 719 831 946
13 130 247 366 483 601 720 824 947
14 131 248 367 484 602 720 832 948
15 132 249 368 485 603 721 831 949
9 133 250 353 486 604 722 833 947
16 134 251 369 483 605 723 834 950
17 117 252 370 487 592 724 835 940
18 135 253 371 488 606 725 836 951
19 136 240 372 489 607 721 837 952
20 137 254 373 490 608 726 820 953
21 127 255 374 491 609 699 838 954
8 120 256 375 492 610 727 839 955
22 138 257 376 492 611 711 840 956
23 139 258 377 493 612 728 841 957
16 140 259 378 488 613 729 835 958
24 141 260 379 494 614 730 842 959
25 128 261 380 476 615 731 843 960
26 142 262 381 495 616 732 844 961
27 143 263 382 496 617 733 845 962
4 144 264 383 497 618 734 846 963
28 145 246 384 498 619 735 847 964
29 122 265 385 499 620 736 828 936
27 146 266 386 500 621 737 848 965
30 133 267 387 501 608 713 849 966
31 147 256 388 502 622 738 850 967
32 148 268 389 482 623 739 851 968
33 149 269 390 503 616 739 852 969
19 150 270 391 504 624 740 853 959
6 151 271 392 502 625 741 854 970
34 152 272 393 505 626 742 850 971
35 153 273 394 506 627 743 855 972
36 154 274 346 507 628 744 856 973
37 154 275 395 508 629 745 835 974
38 155 271 396 509 629 732 857 956
39 156 276 397 510 630 746 858 975
40 157 276 398 511 631 747 859 976
41 158 234 399 512 593 748 860 977
42 120 277 400 513 632 721 861 978
43 159 241 401 514 603 749 845 979
44 160 278 402 479 623 750 844 952
45 161 279 403 515 619 701 836 980
46 162 280 404 495 633 751 862 981
14 163 235 405 516 634 752 863 982
47 164 270 359 517 635 720 849 983
48 165 281 406 475 636 753 817 984
49 137 282 367 518 637 754 856 985
50 166 283 407 519 638 755 864 986
49 157 284 399 520 639 756 865 987
8 167 285 408 521 605 757 866 959
44 168 286 385 474 587 758 867 988
30 156 287 409 522 640 707 837 969
7 123 288 355 523 641 759 833 961
51 169 265 349 524 642 750 868 989
52 124 289 382 525 602 760 867 963
53 152 274 410 526 598 761 869 990
54 170 290 383 509 643 740 870 991
55 141 238 411 503 644 762 871 992
56 171 287 368 527 645 752 872 993
57 170 280 412 528 631 763 873 951
54 172 291 389 529 646 692 850 953
58 173 292 356 497 621 730 869 994
59 174 293 413 480 647 732 874 995
24 175 294 395 510 633 755 875 996
60 176 295 414 530 629 764 814 955
48 153 296 345 472 648 765 876 986
61 177 297 372 531 649 764 877 997
62 178 268 415 511 609 766 878 998
9 119 298 416 532 589 717 878 971
63 179 283 381 504 650 767 879 979
52 169 237 417 533 651 768 880 999
10 123 299 418 534 652 769 881 1000
64 180 300 363 502 645 736 882 994
49 125 301 419 535 613 728 857 1001
65 159 254 420 536 640 770 834 987
7 181 272 421 537 586 771 883 1002
66 182 302 422 497 609 772 866 977
67 119 275 423 538 607 773 884 982
68 174 248 358 539 636 774 885 1003
52 121 303 397 489 653 775 886 993
34 183 304 424 493 654 725 865 1004
6 162 305 425 540 655 722 887 1005
20 184 246 416 527 593 776 888 970
5 185 306 362 505 656 774 889 989
69 172 286 364 486 657 710 890 945
70 151 269 366 519 658 772 847 1006
71 183 266 392 541 659 777 885 952
20 186 307 426 542 660 704 891 978
72 134 308 380 543 622 778 892 946
33 187 239 427 532 661 754 893 1007
73 139 309 397 544 646 779 826 1008
68 188 262 426 545 662 780 853 954
74 189 251 428 546 623 781 894 1003
75 165 310 417 507 652 737 834 980
36 190 311 429 547 663 735 895 1009
76 191 312 415 548 578 668 854 1010
62 192 277 363 549 664 740 896 984
37 118 313 327 467 653 730 897 1011
77 193 297 430 484 665 757 888 981
22 194 314 392 512 598 719 820 941
62 173 259 382 550 627 708 898 955
78 195 315 431 551 666 745 899 1012
79 196 263 376 530 667 775 887 1013
71 165 245 432 535 668 782 897 1007
80 197 297 411 536 669 766 874 1006
81 191 237 386 514 670 783 872 1014
77 198 316 396 479 671 715 900 975
3 155 317 433 552 672 780 847 1010
53 192 295 405 533 673 709 854 1015
17 199 318 434 444 674 759 876 999
82 175 319 435 523 669 784 901 1016
26 127 303 436 553 663 785 902 1017
83 200 296 437 516 675 763 827 1005
84 126 320 407 539 676 769 842 1018
42 194 262 420 554 587 786 804 997
85 167 321 393 549 661 787 903 972
86 201 322 422 498 620 768 864 1004
51 202 305 374 451 671 788 879 1019
87 203 323 438 555 675 753 904 1020
76 179 293 439 501 646 789 876 939
60 201 254 440 556 677 739 905 1002
71 204 306 411 522 678 790 906 953
67 132 324 365 557 627 780 879 1021
1 182 276 378 547 679 791 907 946
46 205 301 353 558 680 791 883 932
80 206 325 441 559 681 792 875 1013
27 206 244 428 560 676 793 866 975
60 161 326 442 561 674 700 908 1000
79 160 318 368 507 657 794 884 954
21 125 327 443 501 682 795 863 1022
88 137 328 359 473 667 796 836 943
77 142 329 444 529 683 797 849 1023
89 207 272 445 538 684 783 902 939
48 208 267 445 525 685 749 892 981
67 209 290 367 543 686 733 858 990
32 202 258 361 562 687 753 909 938
38 128 326 446 478 648 798 910 951
86 142 281 435 518 688 742 870 1024
16 210 264 423 541 689 776 911 936
90 211 311 377 490 574 799 825 969
91 163 330 431 563 687 724 867 1013
14 151 285 447 491 683 784 912 0
92 189 271 391 510 644 800 913 0
44 140 304 427 557 611 801 862 978
11 212 331 352 564 670 777 914 1024
93 213 255 448 565 595 802 915 0
88 190 247 449 548 690 800 893 0
94 214 332 386 566 691 762 916 0
81 201 333 355 543 664 803 829 1019
95 168 334 450 567 678 796 917 1005
79 187 322 415 484 614 804 860 0
26 140 328 438 561 639 765 846 0
53 193 334 451 517 662 798 918 0
70 215 312 428 471 682 770 901 0
18 145 335 398 568 686 706 919 1020
96 216 257 436 552 642 713 888 994
73 217 277 442 569 656 696 856 958
97 218 309 452 546 669 738 852 964
31 198 260 361 569 606 752 917 0
66 135 247 418 527 692 718 894 988
94 152 249 396 467 615 805 920 0
80 155 250 422 570 693 723 921 1020
58 156 336 427 571 694 778 881 938
98 195 300 408 500 695 806 900 948
99 219 282 453 505 630 689 855 995
34 131 243 446 547 579 779 919 988
40 199 245 410 540 595 807 823 1008
13 220 337 365 572 614 741 844 965
100 176 290 436 562 659 786 890 964
72 221 298 417 560 649 808 861 0
36 188 306 454 496 576 809 922 957
55 222 336 455 573 696 789 900 0
65 222 266 443 529 589 801 920 993
91 210 287 404 492 688 743 869 1006
22 200 311 419 442 670 703 921 991
101 141 249 403 525 635 743 923 1012
102 223 338 380 552 697 747 819 0
63 158 310 456 574 658 761 822 0
97 131 339 409 556 698 785 916 0
95 222 283 369 568 626 727 896 0
96 186 252 339 535 692 761 773 821
13 217 330 372 537 636 810 855 0
99 173 316 432 524 672 811 827 1009
61 167 320 384 540 685 725 889 935
15 223 314 384 548 567 698 851 992
103 130 322 375 574 673 807 874 989
1 224 340 406 521 677 812 924 990
88 225 298 457 481 699 806 904 1018
104 218 238 371 575 641 792 914 984
105 207 314 458 576 680 772 911 0
106 185 268 394 504 622 806 880 1008
37 208 251 459 512 645 813 912 960
83 210 341 420 487 697 810 838 1021
101 211 308 460 539 681 814 873 0
100 215 341 461 534 597 749 853 0
74 226 330 416 478 628 786 896 0
41 193 269 378 486 686 790 826 956
64 177 328 443 526 697 784 840 0
45 175 342 394 532 615 815 909 966
107 183 342 398 533 657 810 915 968
47 212 292 399 562 590 781 925 0
45 227 242 459 495 675 679 926 0
63 217 343 457 577 621 816 862 0
104 176 278 400 439 655 702 864 0
81 172 270 462 542 676 799 840 1007
54 149 300 424 578 700 803 886 0
93 189 329 414 493 652 735 927 0
101 148 331 360 579 699 809 860 974
28 179 275 430 477 610 746 894 1015
103 181 273 450 500 685 706 911 0
78 184 317 350 544 688 787 910 943
72 204 232 461 526 700 741 899 1001
65 178 344 406 508 701 799 833 963
73 206 345 426 520 668 734 923 1017
102 124 346 391 557 682 808 825 967
4 228 301 405 565 655 815 919 979
86 228 258 408 528 607 690 928 0
108 216 334 431 571 639 751 823 0
109 159 309 450 481 638 744 839 977
35 229 302 370 580 702 797 924 0
110 225 279 421 559 611 782 928 1019
12 133 347 452 531 632 754 838 0
70 211 348 438 477 678 787 929 1021
55 153 285 433 490 597 744 930 1015
3 203 344 379 483 684 816 841 986
47 129 325 447 513 626 816 922 1000
105 163 303 432 573 600 729 842 1014
108 136 332 429 554 599 742 841 0
19 221 323 371 578 596 814 916 941
61 209 349 401 581 634 727 913 973
23 166 235 402 570 674 710 931 1024
106 214 284 366 553 679 745 868 957
111 187 296 410 489 656 723 925 1016
10 219 343 412 556 635 792 932 997
42 224 308 418 506 617 756 889 968
89 213 350 390 582 703 757 878 0
38 218 340 364 538 633 811 929 0
87 229 327 458 534 638 731 913 999
112 214 261 463 516 580 716 886 0
112 150 321 444 499 602 672 830 944
113 130 313 424 583 608 717 931 0
83 169 319 389 485 658 758 839 0
114 144 329 445 511 642 793 837 945
93 164 302 404 584 696 817 890 949
94 180 281 455 530 680 747 933 0
98 230 253 430 584 628 708 926 992
50 180 279 448 487 601 665 846 1022
113 150 315 419 585 641 712 909 0
17 192 299 401 551 596 796 832 1016
24 158 333 446 582 649 805 922 0
110 185 340 434 572 654 785 881 0
112 194 294 383 457 612 798 914 950
113 148 250 455 470 689 812 934 0
108 126 264 310 586 653 788 893 967
15 182 351 421 575 637 750 910 0
74 157 260 439 581 693 773 906 972
115 220 242 460 541 570 779 902 973
68 229 326 464 485 630 737 829 0
116 161 240 357 546 617 729 930 0
21 231 243 441 528 603 756 898 1023
23 232 347 390 508 624 804 898 0
2 139 338 447 581 637 801 926 991
82 205 263 423 553 569 818 851 983
107 202 293 433 554 613 755 843 1017
50 226 321 440 564 588 794 857 0
41 225 339 437 583 632 767 859 0
66 216 289 362 531 625 731 901 0
29 208 352 400 571 691 728 819 0
32 196 307 369 499 575 783 930 0
110 143 335 377 494 666 768 884 1003
59 147 353 403 524 612 718 935 942
84 191 337 451 515 702 733 912 0
43 188 291 356 585 605 818 861 0
111 166 324 388 579 687 715 726 947
111 233 284 414 522 592 695 830 962
96 146 323 413 582 618 811 903 976
30 234 241 429 560 667 819 932 948
29 219 342 348 521 650 766 927 1022
98 160 344 453 476 704 808 921 942
109 134 354 425 480 659 760 933 0
89 147 318 462 536 634 714 918 0
90 171 255 465 587 705 803 887 937
97 195 265 381 472 661 791 843 970
46 135 345 402 514 694 797 828 1011
57 232 292 463 537 698 746 872 933
33 231 354 357 576 693 775 915 1001
76 171 261 454 470 616 764 903 0
12 224 305 456 564 663 726 875 0
106 168 236 441 588 647 776 871 0
115 170 267 464 573 666 714 822 996
117 230 352 454 589 631 769 905 985
39 196 320 437 584 643 738 795 1012
91 146 331 434 498 704 788 907 0
51 190 336 466 542 610 771 925 0
84 233 350 467 550 706 765 907 996
116 230 351 462 519 654 813 917 998
64 174 288 468 544 619 758 918 0
109 205 312 370 393 644 802 899 960
18 231 294 460 563 660 759 868 0
107 164 324 452 496 618 762 934 937
35 184 316 360 559 643 800 845 1004
56 221 273 466 518 701 724 885 1011
90 177 252 459 566 606 809 931 1010
117 121 347 449 523 671 795 908 987
40 215 315 358 513 677 813 870 0
69 181 341 395 520 600 760 904 998
104 138 313 435 517 705 748 882 982
114 220 288 376 580 591 770 897 0
95 213 319 412 572 604 691 891 962
75 227 286 409 549 601 820 865 0
87 162 236 373 586 620 802 923 0
57 186 346 375 515 707 777 832 0
105 227 307 468 577 624 818 858 0
75 197 335 425 561 590 711 920 0
116 154 325 468 565 694 812 848 0
115 178 338 385 558 648 790 877 0
59 223 239 456 551 660 781 929 958
82 212 248 465 555 650 782 831 940
69 226 257 449 550 684 709 859 995
85 204 351 374 509 591 736 852 983
31 136 304 464 471 703 794 824 1023
100 143 256 453 567 683 815 873 0
28 200 299 379 588 640 774 892 976
25 118 349 469 503 577 817 895 944
102 197 282 407 482 695 705 895 966
92 228 337 387 555 651 716 908 0
56 122 295 458 494 599 763 934 961
78 132 244 463 558 665 807 891 1009
58 207 253 440 491 651 722 906 950
11 149 289 373 568 662 778 863 949
92 145 291 461 475 681 751 882 1002
25 198 280 413 473 585 719 924 974
2 199 333 470 488 707 767 883 965
114 129 348 388 545 664 789 877 1018
99 138 354 387 566 673 734 905 980
5 144 317 465 583 690 805 871 0
39 203 274 469 506 604 712 927 1014
43 233 343 466 474 625 793 928 0
103 209 259 448 545 594 748 880 971
85 234 278 469 563 647 771 848 985
