1024 373
3 9
3 3 3 3 3 3 3 3 3 3 3 3 3 3 3 3 3 3 3 3 3 3 3 3 3 3 3 3 3 3 3 3 3 3 3 3 3 3 3 3 3 3 3 3 3 3 3 3 3 3 3 3 3 3 3 3 3 3 3 3 3 3 3 3 3 3 3 3 3 3 3 3 3 3 3 3 3 3 3 3 3 3 3 3 3 3 3 3 3 3 3 3 3 3 3 3 3 3 3 3 3 3 3 3 3 3 3 3 3 3 3 3 3 3 3 3 3 3 3 3 3 3 3 3 3 3 3 3 3 3 3 3 3 3 3 3 3 3 3 3 3 3 3 3 3 3 3 3 3 3 3 3 3 3 3 3 3 3 3 3 3 3 3 3 3 3 3 3 3 3 3 3 3 3 3 3 3 3 3 3 3 3 3 3 3 3 3 3 3 3 3 3 3 3 3 3 3 3 3 3 3 3 3 3 3 3 3 3 3 3 3 3 3 3 3 3 3 3 3 3 3 3 3 3 3 3 3 3 3 3 3 3 3 3 3 3 3 3 3 3 3 3 3 3 3 3 3 3 3 3 3 3 3 3 3 3 3 3 3 3 3 3 3 3 3 3 3 3 3 3 3 3 3 3 3 3 3 3 3 3 3 3 3 3 3 3 3 3 3 3 3 3 3 3 3 3 3 3 3 3 3 3 3 3 3 3 3 3 3 3 3 3 3 3 3 3 3 3 3 3 3 3 3 3 3 3 3 3 3 3 3 3 3 3 3 3 3 3 3 3 3 3 3 3 3 3 3 3 3 3 3 3 3 3 3 3 3 3 3 3 3 3 3 3 3 3 3 3 3 3 3 3 3 3 3 3 3 3 3 3 3 3 3 3 3 3 3 3 3 3 3 3 3 3 3 3 3 3 3 3 3 3 3 3 3 3 3 3 3 3 3 3 3 3 3 3 3 3 3 3 3 3 3 3 3 3 3 3 3 3 3 3 3 3 3 3 3 3 3 3 3 3 3 3 3 3 3 3 3 3 3 3 3 3 3 3 3 3 3 3 3 3 3 3 3 3 3 3 3 3 3 3 3 3 3 3 3 3 3 3 3 3 3 3 3 3 3 3 3 3 3 3 3 3 3 3 3 3 3 3 3 3 3 3 3 3 3 3 3 3 3 3 3 3 3 3 3 3 3 3 3 3 3 3 3 3 3 3 3 3 3 3 3 3 3 3 3 3 3 3 3 3 3 3 3 3 3 3 3 3 3 3 3 3 3 3 3 3 3 3 3 3 3 3 3 3 3 3 3 3 3 3 3 3 3 3 3 3 3 3 3 3 3 3 3 3 3 3 3 3 3 3 3 3 3 3 3 3 3 3 3 3 3 3 3 3 3 3 3 3 3 3 3 3 3 3 3 3 3 3 3 3 3 3 3 3 3 3 3 3 3 3 3 3 3 3 3 3 3 3 3 3 3 3 3 3 3 3 3 3 3 3 3 3 3 3 3 3 3 3 3 3 3 3 3 3 3 3 3 3 3 3 3 3 3 3 3 3 3 3 3 3 3 3 3 3 3 3 3 3 3 3 3 3 3 3 3 3 3 3 3 3 3 3 3 3 3 3 3 3 3 3 3 3 3 3 3 3 3 3 3 3 3 3 3 3 3 3 3 3 3 3 3 3 3 3 3 3 3 3 3 3 3 3 3 3 3 3 3 3 3 3 3 3 3 3 3 3 3 3 3 3 3 3 3 3 3 3 3 3 3 3 3 3 3 3 3 3 3 3 3 3 3 3 3 3 3 3 3 3 3 3 3 3 3 3 3 3 3 3 3 3 3 3 3 3 3 3 3 3 3 3 3 3 3 3 3 3 3 3 3 3 3 3 3 3 3 3 3 3 3 3 3 3 3 3 3 3 3 3 3 3 3 3 3 3 3 3 3 3 3 3 3 3 3 3 3 3 3 3 3 3 3 3 3 3 3 3 3 3 3 3 3 3 3 3 3 3 3 3 3 3 3 3 3 3 3 3 3 3 3 3 3 3 3 3 3 3 3 3 3 3 3 3 3 3 3 3 3 3 3 3 3 3 3 3 3 3 3 3 3 3 3 3 3 3 3 3 3 3 3 3 3 3 3 3 3 3 3 3 3 3 3 3 3 3 3 3 3 3 3 3 3 3 3 3 3 3 3 3 3 3 3 3 3 3 3 3 3 3 3 3 3 3 3 3 3 3 3 3 3 3 3 3 3 3 3 3 3 3 3 3 3 3 3 3 3 3 3 3 3 3 3 3 3 3 3 3 3 3 3 3 3 3 3 3 3 3 3 3 3 3 3 3
9 9 9 9 9 9 9 9 9 9 9 9 9 9 9 9 9 9 9 9 9 9 9 9 9 9 9 9 9 9 9 9 8 9 8 8 8 9 8 9 8 8 9 8 8 8 8 8 9 9 8 9 8 9 8 8 8 8 8 9 8 9 9 8 8 8 8 8 8 8 8 8 8 8 8 9 8 9 8 8 8 8 9 8 8 8 9 8 8 8 8 8 8 8 8 8 8 8 8 8 8 8 8 8 9 8 8 8 8 8 8 9 8 8 8 8 8 8 8 8 8 8 8 8 8 8 8 8 9 9 8 8 8 8 8 8 8 8 8 8 8 8 9 8 8 8 8 8 9 8 8 8 8 8 8 8 9 9 8 8 8 8 8 8 8 8 8 8 9 8 8 8 9 8 8 8 8 8 9 8 8 9 8 8 8 9 8 9 8 8 8 8 8 8 8 8 8 8 9 9 8 8 8 8 8 8 8 8 8 8 9 8 8 8 8 8 8 8 8 8 8 8 8 9 9 8 8 8 8 8 8 8 9 8 8 8 8 8 8 9 8 8 8 8 8 9 8 8 8 8 8 8 8 8 8 8 8 9 9 8 8 8 8 9 8 9 8 8 8 8 8 8 8 9 9 8 8 8 8 8 8 8 8 9 8 8 8 8 8 8 8 8 8 8 8 8 8 8 8 8 8 9 8 9 8 8 8 9 8 8 8 8 8 9 8 8 8 8 8 8 9 8 8 8 9 8 8 8 8 8 8 9 8 8 8 8 8 8 8 8 8 9 8 8 9 8 8 8 8 8 8 8 8 8 8 9 8 9 8 8 8 8 9 8 8 8 8 8 8 8 8 8 8
1 143 210
2 290 365
3 126 250
4 33 241
5 100 369
6 43 98
7 67 91
8 24 63
9 16 84
10 87 259
11 164 363
12 247 317
13 189 204
14 57 161
15 207 282
17 26 158
18 127 276
19 174 329
20 40 254
21 97 103
22 148 288
23 116 196
25 256 287
27 77 277
28 356 366
29 129 172
30 34 144
31 233 355
32 295 306
35 64 305
36 179 353
37 154 296
38 104 315
39 95 186
41 245 331
42 109 192
44 112 214
45 155 262
46 321 370
47 187 335
48 219 294
49 130 260
50 301 371
51 61 162
52 220 225
53 140 313
54 224 249
55 76 151
56 59 85
58 273 292
60 134 323
62 82 93
65 122 169
66 72 228
68 190 248
69 330 359
70 312 343
71 181 361
73 298 349
74 136 141
75 203 252
78 108 113
79 197 222
80 218 327
81 188 234
83 177 293
86 135 149
88 99 284
89 334 351
90 168 243
92 114 133
94 184 232
96 170 235
101 215 280
102 340 344
105 131 314
106 118 142
107 230 360
110 132 165
111 137 175
115 160 217
117 285 348
119 208 264
120 291 322
121 350 373
123 138 231
124 255 341
125 152 199
128 253 307
139 309 332
145 178 320
146 358 362
147 216 265
150 163 267
153 185 342
156 191 302
157 182 308
159 266 303
166 180 368
167 202 354
171 201 211
173 212 352
176 206 367
183 209 337
193 227 345
194 236 310
195 279 328
198 226 271
200 299 326
205 261 283
213 281 297
221 229 246
223 242 244
237 319 347
238 258 357
239 286 324
240 257 275
251 278 364
263 272 289
268 269 270
274 311 346
300 304 372
316 318 325
333 336 339
77 136 338
1 120 279
2 15 114
3 20 147
4 247 367
5 201 262
6 177 193
7 131 359
8 28 244
9 93 307
10 171 313
11 246 353
12 51 130
13 337 366
14 94 287
16 155 165
17 61 190
18 133 138
19 295 355
21 259 365
22 166 362
23 302 322
24 293 304
25 227 277
26 225 363
27 263 271
29 85 156
30 56 173
31 67 243
32 33 349
34 108 168
35 54 174
36 46 283
37 191 274
38 68 238
39 141 297
40 150 282
41 79 339
42 146 235
43 245 317
44 92 119
45 258 286
47 137 207
48 180 306
49 70 268
50 59 320
52 323 325
53 101 292
55 182 206
57 117 334
58 160 188
60 194 309
62 153 255
63 86 228
64 169 252
65 218 240
66 88 326
69 159 319
71 340 357
72 167 350
73 118 360
74 152 278
75 121 265
76 195 214
78 234 364
80 285 342
81 205 284
82 189 346
83 97 237
84 109 281
87 301 332
89 148 316
90 335 361
91 222 341
95 250 269
96 127 370
98 115 275
99 110 230
100 157 221
102 210 232
103 142 343
104 178 242
105 164 289
106 161 296
107 208 272
111 209 318
112 223 224
113 134 151
116 158 354
122 170 212
123 239 336
124 215 372
125 290 294
126 143 280
128 145 267
129 266 288
132 303 305
135 324 368
139 185 299
140 183 198
144 226 260
149 270 310
154 179 249
162 199 348
163 256 308
114 172 217
175 213 241
176 203 311
181 321 338
184 192 356
186 315 330
187 200 328
196 312 333
197 261 351
202 211 233
204 231 329
216 351 371
219 229 291
220 300 352
64 236 344
248 273 298
189 251 347
70 253 257
254 314 327
264 358 373
269 276 369
194 282 331
126 345 355
1 307 316
2 176 315
3 110 225
4 71 164
5 223 285
6 37 146
7 195 235
8 23 90
9 259 314
10 287 368
11 50 251
12 159 215
13 163 360
14 78 124
15 233 353
16 34 41
17 42 310
18 106 299
19 134 238
20 198 302
21 72 212
22 230 361
24 55 371
25 29 190
26 153 306
27 81 169
28 103 160
30 35 219
31 162 324
32 121 145
33 214 333
36 300 312
38 120 272
39 148 173
40 74 112
43 66 209
44 101 229
45 98 283
46 69 298
47 82 305
48 127 366
49 264 342
51 252 279
52 217 260
53 177 348
54 87 275
56 123 188
57 170 207
58 175 327
59 255 321
60 119 237
21 61 181
62 186 284
63 231 253
65 211 356
67 141 257
68 222 276
73 144 354
75 138 193
76 132 167
77 286 373
79 166 203
80 129 204
83 137 180
84 200 246
85 100 102
86 289 296
88 125 232
89 221 271
91 97 308
92 135 320
93 182 357
94 128 208
95 313 328
96 278 325
99 191 301
104 165 318
105 337 372
107 201 213
108 265 343
109 261 329
111 249 277
113 213 290
115 210 341
116 117 247
118 152 303
122 157 349
130 156 281
131 133 199
136 143 274
139 168 292
140 142 258
69 147 184
149 234 322
150 304 326
151 240 330
154 267 288
155 161 347
45 158 311
171 220 245
172 192 350
174 270 367
178 187 294
179 206 309
183 236 295
185 250 340
196 227 319
197 202 323
205 242 280
216 224 352
218 339 364
7 226 244
228 262 273
150 239 369
18 241 362
243 254 334
248 331 346
256 283 344
263 268 332
266 291 293
297 335 336
141 317 320
15 244 338
128 212 345
174 358 372
245 329 359
119 363 370
197 266 365
1 237 239
2 196 340
3 86 91
4 198 253
5 166 217
6 113 269
8 264 346
9 216 362
10 134 221
11 138 186
12 93 350
13 44 61
14 225 252
16 27 348
17 123 303
19 57 160
20 98 187
22 78 248
23 52 267
24 51 327
25 240 299
26 243 249
28 39 309
29 47 343
30 184 258
31 241 291
32 191 222
33 287 325
34 92 304
35 97 201
36 53 316
37 218 357
38 321 326
40 81 354
41 126 366
42 294 347
43 153 351
46 137 270
48 76 263
49 125 148
50 142 169
54 167 336
55 136 183
56 289 323
58 315 373
59 146 233
60 88 175
62 324 352
63 278 280
64 168 276
65 66 260
67 188 227
68 87 353
70 155 180
71 224 330
72 104 363
73 85 328
74 83 122
75 226 232
77 331 360
79 170 292
80 144 345
82 112 271
84 124 189
89 114 286
90 284 349
94 235 335
95 161 199
96 130 265
99 229 247
100 202 359
101 109 275
102 145 254
103 215 311
105 207 261
106 208 242
107 147 295
108 338 367
110 133 312
111 192 369
115 162 333
116 181 368
117 231 308
118 211 341
120 132 356
121 171 319
127 176 342
129 143 194
131 179 322
135 185 298
139 205 220
140 157 290
149 223 288
145 151 204
87 152 306
154 210 268
156 158 237
159 228 314
163 203 238
164 334 369
85 165 364
172 332 337
173 251 256
177 282 361
178 214 293
182 193 242
190 307 370
195 262 301
200 236 317
206 272 273
209 219 250
230 296 365
234 305 355
246 277 339
255 259 302
73 257 371
274 313 334
261 279 285
86 281 358
297 310 318
102 149 300
192 344 349
1 144 246
2 51 234
3 29 122
4 42 169
5 14 315
6 167 229
7 251 272
8 221 265
9 39 118
10 30 176
11 213 311
12 119 154
13 100 367
15 165 308
16 183 287
17 230 292
18 136 262
19 62 111
20 76 248
21 138 344
22 65 231
23 101 362
24 109 127
25 43 206
26 240 337
27 173 217
28 68 290
31 155 326
32 297 348
33 49 353
34 91 125
35 52 193
36 123 195
37 69 162
38 133 171
40 94 153
41 46 99
44 121 289
45 128 194
47 354 358
48 159 284
50 210 227
53 135 252
54 342 347
55 88 285
56 245 249
57 185 266
58 70 255
59 147 309
60 305 333
61 220 257
63 203 294
64 296 307
66 189 312
67 270 346
71 79 120
72 143 180
74 80 269
75 202 332
77 314 335
78 236 352
81 325 357
82 117 275
83 184 301
84 238 243
89 103 225
90 201 320
92 302 318
93 199 338
95 226 331
96 172 355
97 146 200
98 168 278
104 152 329
105 288 339
106 219 254
107 260 372
108 356 363
110 134 293
112 209 222
113 286 306
114 218 247
115 163 250
116 178 268
124 239 244
126 140 224
129 188 211
130 137 139
131 166 345
132 148 299
141 164 232
142 174 214
150 216 263
151 228 316
156 351 366
157 158 327
160 310 371
161 277 300
170 179 271
175 181 328
177 204 259
182 235 291
186 197 343
187 324 370
190 313 322
191 303 368
196 223 274
198 205 336
207 341 350
208 233 344
212 276 360
215 323 361
82 241 359
217 253 319
112 256 281
170 258 317
140 264 364
142 267 273
189 279 295
57 280 321
84 282 322
121 218 283
125 249 298
304 330 365
131 340 371
83 243 373
1 220 290
2 118 235
3 58 261
4 153 165
5 331 357
6 105 349
7 111 145
8 43 303
9 294 355
10 280 360
11 76 149
12 35 248
13 146 186
14 67 366
15 66 101
16 103 269
17 114 232
18 19 85
20 49 171
21 147 277
22 237 250
23 164 295
24 233 258
25 226 293
26 272 333
27 197 370
28 306 325
29 71 329
30 240 282
31 176 316
32 188 304
33 203 352
34 190 242
36 97 172
37 124 139
38 47 183
39 66 158
40 48 108
41 42 151
44 155 340
45 342 365
46 106 212
50 134 326
51 194 362
52 187 330
53 268 356
54 92 122
55 168 319
56 180 182
59 287 288
60 224 235
61 177 278
62 100 289
63 299 372
64 286 291
65 102 318
68 94 311
69 209 327
70 256 361
72 185 245
73 271 363
74 230 324
75 200 273
77 139 214
78 208 348
79 93 254
80 207 323
81 107 275
86 163 328
87 175 367
88 307 364
89 284 345
90 143 308
91 229 325
95 188 247
96 274 347
98 223 297
99 201 267
104 169 216
109 154 173
110 213 236
113 150 253
115 265 315
116 127 225
117 126 184
119 313 359
120 161 320
123 135 238
128 228 341
129 221 302
130 262 339
5 132 259
133 215 369
136 234 266
137 231 252
138 300 306
141 162 219
144 241 336
148 181 301
152 206 334
156 285 338
157 321 358
159 199 353
160 167 317
166 276 283
174 191 205
22 178 305
179 204 373
192 202 346
193 222 335
195 255 310
196 200 239
127 198 332
210 312 358
211 251 270
227 230 298
171 244 263
153 246 292
257 281 350
243 260 343
195 264 314
25 279 296
144 309 351
324 337 354
219 364 368
1 112 321
2 167 237
3 46 234
4 193 301
6 38 60
7 30 355
8 47 212
9 89 323
10 41 297
11 126 196
12 26 155
13 20 361
14 17 93
15 298 334
16 154 175
18 65 350
19 49 368
21 55 210
23 148 211
24 62 141
27 120 276
28 61 262
29 72 124
31 170 223
32 116 206
33 239 285
34 50 349
35 255 356
36 40 227
37 132 256
39 87 252
42 138 176
43 284 332
44 78 184
45 174 263
48 71 251
51 271 330
52 303 338
53 114 371
54 166 313
56 213 369
57 74 253
58 136 294
59 67 96
63 99 104
64 156 362
68 101 105
69 203 293
70 225 359
73 282 347
75 109 149
76 269 372
77 261 278
79 160 360
80 115 181
81 113 133
82 85 267
83 273 274
84 157 226
86 295 353
88 272 287
90 173 218
91 183 292
92 177 281
94 130 329
95 150 363
97 164 208
98 220 308
100 185 311
102 249 370
103 209 307
106 197 286
107 142 245
108 189 217
110 289 366
111 229 232
117 179 214
118 236 316
119 182 337
121 228 309
122 296 340
123 161 224
125 163 202
128 132 246
129 165 283
131 247 279
134 172 275
135 215 259
137 312 365
140 199 304
143 222 328
145 299 302
146 180 198
147 204 291
151 264 343
152 268 335
158 238 339
85 159 178
162 244 351
168 336 352
169 248 342
186 216 320
187 194 319
190 341 344
191 277 354
192 288 327
25 201 314
205 250 322
207 300 367
221 240 270
231 272 317
233 280 290
241 242 258
254 326 333
257 265 305
260 266 315
310 345 357
9 318 331
181 346 348
40 59 373
1 130 146
2 219 262
3 323 344
4 77 166
5 200 257
6 148 360
7 135 156
8 20 355
10 120 327
11 177 192
12 140 232
13 46 131
14 32 101
15 193 224
16 150 233
17 279 331
18 365 371
19 213 278
21 119 199
22 80 225
23 121 269
24 201 325
26 82 304
27 238 337
28 100 235
29 184 223
30 107 312
31 189 277
33 221 243
34 76 275
35 196 349
36 39 55
37 169 306
38 97 102
41 47 215
42 295 307
43 195 203
44 239 330
45 91 321
48 339 346
49 308 322
50 297 338
51 212 353
52 79 86
53 174 254
54 105 188
56 84 88
57 114 265
58 296 336
60 108 342
61 157 211
62 204 335
63 207 286
64 153 179
65 99 139
66 168 267
67 75 237
68 73 302
69 95 299
70 123 147
71 98 133
72 253 288
74 173 343
78 182 318
81 111 292
83 127 160
87 165 228
89 124 149
90 208 350
92 231 274
93 126 217
94 309 352
96 205 268
103 282 315
104 112 357
106 311 366
109 303 313
110 176 209
113 222 332
115 158 320
116 250 310
117 171 363
118 155 187
122 264 333
125 236 358
128 252 369
129 263 314
134 244 317
136 270 281
137 151 334
138 247 280
141 175 214
142 305 373
143 162 259
144 159 356
145 234 351
152 293 362
154 258 319
161 218 332
163 266 345
164 326 341
167 194 284
170 220 227
172 249 255
178 180 285
183 191 260
185 283 328
186 229 372
190 301 347
197 246 298
198 240 273
202 242 300
206 276 294
210 256 329
216 361 370
226 340 368
230 261 271
241 289 348
245 354 364
248 316 359
251 290 291
83 287 367
157 324 345
1 182 304
2 49 275
3 62 158
4 21 356
5 188 321
6 199 240
7 17 186
8 60 200
9 40 274
10 179 225
11 27 54
12 112 129
13 325 342
14 20 358
15 38 130
16 224 284
18 52 76
19 173 259
22 143 258
23 34 266
24 78 105
25 87 363
26 233 302
28 246 308
29 50 63
30 211 264
31 43 169
32 149 314
1 126 253 381 503 629 754 874 997
2 127 254 382 504 630 755 875 998
3 128 255 383 505 631 756 876 999
4 129 256 384 506 632 757 877 1000
5 130 257 385 507 633 720 878 1001
6 131 258 386 508 634 758 879 1002
7 132 259 364 509 635 759 880 1003
8 133 260 387 510 636 760 881 1004
9 134 261 388 511 637 761 871 1005
10 135 262 389 512 638 762 882 1006
11 136 263 390 513 639 763 883 1007
12 137 264 391 514 640 764 884 1008
13 138 265 392 515 641 765 885 1009
14 139 266 393 507 642 766 886 1010
15 127 267 375 516 643 767 887 1011
9 140 268 394 517 644 768 888 1012
16 141 269 395 518 645 766 889 1003
17 142 270 367 519 646 769 890 1013
18 143 271 396 520 646 770 891 1014
19 128 272 397 521 647 765 881 1010
20 144 273 304 522 648 771 892 1000
21 145 274 398 523 649 735 893 1015
22 146 260 399 524 650 772 894 1016
8 147 275 400 525 651 773 895 1017
23 148 276 401 526 652 750 860 1018
16 149 277 402 527 653 764 896 1019
24 150 278 394 528 654 774 897 1007
25 133 279 403 529 655 775 898 1020
26 151 276 404 505 656 776 899 1021
27 152 280 405 512 657 759 900 1022
28 153 281 406 530 658 777 901 1023
29 154 282 407 531 659 778 886 1024
4 154 283 408 532 660 779 902 0
27 155 268 409 533 661 780 903 1016
30 156 280 410 534 640 781 904 0
31 157 284 411 535 662 782 905 0
32 158 258 412 536 663 783 906 0
33 159 285 413 537 664 758 907 1011
34 160 286 403 511 665 784 905 0
19 161 287 414 538 666 782 873 1005
35 162 268 415 539 667 762 908 0
36 163 269 416 506 667 785 909 0
6 164 288 417 526 636 786 910 1023
37 165 289 392 540 668 787 911 0
38 166 290 351 541 669 788 912 0
39 157 291 418 539 670 756 885 0
40 167 292 404 542 664 760 908 0
41 168 293 419 543 666 789 913 0
42 169 294 420 532 647 770 914 998
43 170 263 421 544 671 780 915 1021
44 137 295 400 504 672 790 916 0
45 171 296 399 534 673 791 917 1013
46 172 297 411 545 674 792 918 0
47 156 298 422 546 675 793 919 1007
48 173 275 423 547 676 771 905 0
49 152 299 424 548 677 794 920 0
14 174 300 396 549 622 795 921 0
50 175 301 425 550 631 796 922 0
49 170 302 426 551 678 797 873 0
51 176 303 427 552 679 758 923 1004
44 141 304 392 553 680 775 924 0
52 177 305 428 520 681 773 925 999
8 178 306 429 554 682 798 926 1021
30 179 244 430 555 683 799 927 0
53 180 307 431 523 684 769 928 0
54 181 288 431 556 643 665 929 0
7 153 308 432 557 642 797 930 0
55 159 309 433 529 685 800 931 0
56 182 291 345 536 686 801 932 0
57 169 247 434 550 687 802 933 0
58 183 256 435 558 656 789 934 0
54 184 273 436 559 688 776 935 0
59 185 310 437 496 689 803 931 0
60 186 287 438 560 690 795 936 0
61 187 311 439 561 691 804 930 0
48 188 312 419 521 639 805 903 1013
24 125 313 440 562 692 806 877 0
62 189 266 398 563 693 787 937 1017
63 162 314 441 558 694 807 917 0
64 190 315 442 560 695 808 893 0
65 191 278 414 564 696 809 938 0
52 192 292 443 565 615 810 896 0
66 193 316 438 566 628 811 939 995
9 194 317 444 567 623 812 920 0
49 151 318 437 481 646 810 851 0
67 178 319 383 499 697 813 917 0
10 195 298 433 475 698 784 940 1018
68 181 320 427 547 699 814 920 0
69 196 321 445 568 700 761 941 0
70 197 260 446 569 701 815 942 0
7 198 322 383 533 702 816 912 0
71 165 323 409 570 675 817 943 0
52 134 324 391 571 694 766 944 0
72 139 325 447 538 685 818 945 0
34 199 326 448 572 703 819 932 0
73 200 327 449 573 704 797 946 0
20 193 322 410 574 662 820 907 0
6 201 290 397 575 705 821 934 0
68 202 328 450 539 706 798 928 0
5 203 318 451 515 681 822 898 0
74 172 289 452 524 643 800 886 0
75 204 318 453 501 684 823 907 0
20 205 279 454 568 644 824 947 0
33 206 329 436 576 707 798 948 0
76 207 330 455 577 634 800 919 1017
77 208 270 456 578 670 825 949 0
78 209 331 457 579 696 826 900 0
62 155 332 458 580 666 827 923 0
36 194 333 452 525 708 804 950 0
79 202 255 459 581 709 828 951 0
80 210 334 460 520 635 829 938 0
37 211 287 443 582 617 754 948 1008
62 212 335 386 583 710 809 952 0
71 127 230 445 584 645 792 921 0
81 201 336 461 585 711 808 953 0
22 213 337 462 586 712 778 954 0
82 174 337 463 565 713 830 955 0
77 185 338 464 511 630 831 956 0
83 165 303 379 514 714 832 892 0
84 126 285 465 558 715 774 882 0
85 187 282 466 540 624 833 894 0
53 214 339 438 505 675 834 957 0
86 215 299 395 535 716 835 933 0
87 216 266 444 587 663 776 941 0
88 217 320 420 533 625 836 958 0
3 218 252 415 588 713 763 944 0
17 200 293 467 525 712 741 939 0
89 219 325 376 541 717 837 959 0
26 220 315 468 589 718 838 960 1008
42 137 340 449 590 719 818 874 1011
76 132 341 469 591 627 839 885 0
79 221 312 465 592 720 783 837 0
71 142 341 459 537 721 809 934 0
51 212 271 389 581 671 840 961 0
67 222 323 470 545 716 841 880 0
60 125 342 423 519 722 796 962 0
80 167 316 418 590 723 842 963 0
86 142 311 390 522 724 785 964 0
90 223 343 471 590 663 692 928 0
46 224 344 472 588 619 843 884 0
60 160 308 374 593 725 773 965 0
77 205 344 421 594 620 826 966 0
1 218 342 468 559 701 844 967 1015
27 225 310 442 503 726 751 968 0
91 219 282 453 474 635 845 969 0
92 163 258 426 574 641 846 874 0
93 128 345 457 551 648 847 933 0
21 196 286 420 592 727 772 879 0
67 226 346 473 501 639 804 941 1024
94 161 347 366 595 710 819 888 0
48 212 348 474 596 667 848 963 0
88 186 338 475 576 728 849 970 0
95 177 277 417 538 632 746 927 0
32 227 349 476 514 708 768 971 0
38 140 350 434 530 668 764 956 0
96 151 340 477 597 729 799 880 0
97 203 339 472 598 730 812 924 996
16 213 351 477 598 665 850 953 999
98 182 264 478 543 731 851 968 0
81 175 279 396 599 732 807 939 0
14 208 350 448 600 715 835 972 0
44 228 281 461 536 725 852 967 0
94 229 265 479 585 697 836 973 0
11 207 256 480 593 650 820 974 0
79 140 329 481 516 632 838 940 0
99 145 314 385 591 733 793 877 0
100 184 312 422 508 732 755 975 0
70 155 343 430 575 676 853 929 0
53 179 278 421 506 707 854 906 1023
73 214 300 441 601 618 777 976 0
101 135 352 466 537 647 745 955 0
26 230 353 482 573 662 840 977 0
102 152 286 483 528 708 815 936 1014
18 156 354 377 594 734 788 918 0
80 231 301 427 602 698 768 965 0
103 232 254 467 512 658 785 951 0
66 131 297 484 603 680 817 883 0
91 206 355 485 586 735 851 978 0
31 227 356 469 601 736 830 927 1006
99 168 316 434 559 677 846 978 0
58 233 304 462 602 727 808 872 0
97 173 324 486 604 677 832 937 997
104 224 357 423 517 664 816 979 0
72 234 345 405 566 713 787 899 0
95 223 358 470 549 688 822 980 0
34 235 305 390 605 641 855 981 1003
40 236 355 397 606 673 856 956 0
65 175 299 432 589 659 703 919 1001
13 192 246 444 556 621 827 901 0
55 141 276 487 607 661 857 982 0
96 158 328 407 608 734 858 979 0
36 234 353 460 502 737 859 883 0
105 131 311 486 534 738 757 887 0
106 176 251 468 541 672 856 975 0
107 188 259 488 535 739 749 910 0
22 237 359 382 609 740 763 904 0
63 238 360 380 605 654 825 983 0
108 224 272 384 610 741 846 984 0
88 228 341 448 571 731 843 892 1002
109 236 317 489 574 691 740 878 1004
101 130 331 410 569 706 860 895 0
100 239 360 451 561 737 836 985 0
61 232 314 479 554 660 801 910 0
13 240 315 474 603 736 847 925 0
110 191 361 471 610 734 861 946 0
103 173 356 490 526 728 778 986 0
15 167 300 455 611 695 862 926 0
83 209 325 456 612 693 820 942 0
104 210 288 491 582 686 824 951 0
1 204 336 476 544 742 771 987 0
101 239 307 464 589 743 772 924 1022
102 214 273 376 613 670 760 916 0
111 231 331 335 513 709 794 891 0
37 188 283 485 594 692 830 965 0
74 216 264 454 614 721 841 908 0
93 241 362 388 595 707 855 988 0
81 230 296 385 528 616 827 944 0
64 180 363 412 584 624 815 972 0
41 242 280 491 578 725 753 875 0
45 243 352 471 553 629 821 976 0
112 203 321 389 510 718 863 902 0
63 198 309 407 582 738 844 952 0
113 211 257 473 609 705 777 899 0
47 211 362 435 588 679 835 887 1012
45 149 255 393 568 712 802 893 1006
108 225 364 439 572 652 812 989 0
105 148 359 432 544 744 782 976 0
54 178 365 478 596 717 833 940 0
112 242 289 450 508 702 829 981 0
78 202 274 492 518 690 744 990 0
86 240 306 463 523 723 864 943 0
72 204 320 439 593 645 829 884 0
28 239 267 426 612 651 865 888 1019
65 189 346 493 504 722 756 969 0
73 163 259 447 604 630 679 898 0
106 244 357 489 563 709 831 958 0
114 193 303 381 477 649 755 930 0
115 159 271 479 567 716 850 897 0
116 215 366 381 587 740 779 911 0
117 180 348 401 527 657 863 984 1002
4 231 367 406 615 726 866 991 0
113 206 361 456 486 661 866 985 0
70 153 368 402 567 628 748 902 0
113 133 364 375 587 745 852 961 0
35 164 352 378 548 688 826 992 0
112 136 317 494 503 746 837 983 1020
12 129 337 450 584 703 839 964 0
55 245 369 398 521 640 854 993 0
47 227 334 402 548 625 823 977 0
3 199 358 491 585 649 861 954 0
118 246 263 483 509 743 789 994 0
61 179 295 393 545 723 784 959 0
89 247 306 384 616 710 795 935 0
19 248 368 453 578 694 867 918 0
87 177 302 495 550 739 781 977 0
23 229 370 483 617 687 783 987 0
117 247 308 496 553 747 868 878 0
115 166 344 405 618 651 866 971 1015
10 144 261 495 603 720 841 967 1014
42 225 296 431 579 748 869 979 0
110 238 333 455 498 631 806 990 0
38 130 365 488 519 719 775 875 0
119 150 371 419 595 745 788 960 0
83 249 294 387 619 749 848 957 1022
93 187 332 449 510 711 868 921 0
98 220 372 380 549 722 869 973 1016
94 219 349 399 620 706 810 929 0
120 169 371 476 586 674 849 946 0
120 199 250 386 560 644 805 894 0
120 226 354 418 557 743 863 962 0
108 150 321 443 601 689 790 990 0
119 209 285 490 509 653 814 864 0
50 245 365 490 620 691 811 984 0
121 158 342 497 609 704 811 943 1005
117 201 298 452 565 696 840 903 998
17 250 309 430 613 733 774 986 0
24 148 334 494 600 648 858 901 0
118 186 327 429 575 680 806 891 0
107 126 295 498 621 750 839 889 0
74 218 361 429 622 638 865 964 0
111 194 340 499 617 747 817 962 0
15 161 251 484 623 657 803 947 0
110 157 290 370 624 733 838 980 0
68 191 305 446 543 700 786 975 1012
82 190 257 498 547 729 779 978 0
116 166 313 445 583 683 825 926 0
23 139 262 408 517 678 814 995 0
21 220 349 473 577 678 859 935 0
119 207 319 424 540 681 828 991 0
2 217 335 472 529 629 865 994 0
84 242 372 406 604 683 847 994 0
50 172 343 441 518 746 816 938 0
66 147 372 485 581 652 801 970 0
41 217 355 416 554 637 796 986 0
29 143 357 457 621 650 813 909 0
32 208 319 492 555 750 834 922 0
111 160 373 500 531 705 762 915 0
59 245 291 470 625 744 767 983 0
109 223 270 401 592 682 845 932 0
122 243 284 501 600 724 862 985 0
43 195 328 488 566 727 757 982 0
96 146 272 495 570 718 845 931 1019
98 221 338 395 608 636 791 950 0
122 147 347 409 626 659 843 896 997
30 221 292 493 552 735 868 966 0
29 168 277 475 583 655 724 906 0
89 134 253 487 555 699 824 909 0
97 229 322 463 516 701 821 914 1020
90 176 356 403 551 751 833 945 0
106 226 269 500 599 739 870 954 0
121 232 351 454 513 685 822 949 0
57 237 284 459 556 742 842 900 0
46 135 326 497 607 714 793 950 0
76 248 261 478 562 749 860 960 1024
33 235 254 425 507 711 869 947 0
123 196 253 411 596 658 831 993 0
12 164 374 489 618 732 864 961 0
123 210 329 500 570 684 871 937 0
114 182 359 466 616 676 856 971 0
91 170 323 374 569 715 855 953 0
39 233 302 413 622 730 754 912 1001
84 146 346 469 607 623 861 914 0
51 171 360 424 614 695 761 876 0
116 222 281 428 606 690 752 996 0
123 171 327 408 564 655 702 895 1009
109 181 347 413 530 671 867 974 0
64 248 301 400 598 686 859 882 0
107 236 326 437 602 697 844 980 0
18 240 333 378 576 656 818 987 0
56 235 348 435 626 673 790 911 0
35 251 369 440 572 633 871 889 0
90 195 371 482 561 741 786 952 972
124 237 283 461 552 653 867 957 0
69 174 368 480 497 728 767 963 0
40 197 373 447 562 738 849 925 0
124 215 373 422 610 726 853 922 0
104 138 330 482 527 752 832 897 0
125 233 375 458 571 729 791 915 0
124 162 363 494 577 719 850 913 0
75 183 358 382 627 668 834 989 0
87 198 336 464 611 717 857 974 0
95 190 294 467 546 669 854 923 1009
57 205 332 404 605 748 848 936 0
75 244 370 502 522 612 857 876 0
105 252 376 442 591 700 870 973 996
121 192 369 387 557 737 872 913 0
114 246 350 416 546 704 803 982 0
82 228 297 394 531 693 872 991 0
59 154 339 446 502 634 780 904 0
85 184 353 391 611 747 769 942 0
69 238 241 417 597 751 852 969 0
102 243 362 428 563 660 853 945 0
31 136 267 433 532 731 813 916 0
100 213 310 414 542 752 858 992 0
28 143 252 493 573 637 759 881 0
25 234 307 465 580 674 781 968 1000
115 183 324 412 564 633 870 948 0
92 249 377 499 542 730 742 958 1010
56 132 378 451 615 714 802 993 0
78 185 265 440 613 638 807 879 0
58 197 274 484 614 687 765 988 0
92 145 367 388 524 672 799 970 0
11 149 379 436 580 689 819 955 1018
118 189 363 481 619 699 753 992 0
2 144 380 492 626 669 842 890 0
25 138 293 415 597 642 828 949 0
103 129 354 458 515 698 862 995 0
99 222 262 462 608 753 770 989 0
5 250 366 460 480 721 794 959 0
39 200 379 487 606 654 823 988 0
43 241 275 496 599 627 792 890 0
122 216 330 377 579 682 805 981 0
85 249 313 425 628 736 873 966 0
