1024 284
4 15
4 4 4 4 4 4 4 4 4 4 4 4 4 4 4 4 4 4 4 4 4 4 4 4 4 4 4 4 4 4 4 4 4 4 4 4 4 4 4 4 4 4 4 4 4 4 4 4 4 4 4 4 4 4 4 4 4 4 4 4 4 4 4 4 4 4 4 4 4 4 4 4 4 4 4 4 4 4 4 4 4 4 4 4 4 4 4 4 4 4 4 4 4 4 4 4 4 4 4 4 4 4 4 4 4 4 4 4 4 4 4 4 4 4 4 4 4 4 4 4 4 4 4 4 4 4 4 4 4 4 4 4 4 4 4 4 4 4 4 4 4 4 4 4 4 4 4 4 4 4 4 4 4 4 4 4 4 4 4 4 4 4 4 4 4 4 4 4 4 4 4 4 4 4 4 4 4 4 4 4 4 4 4 4 4 4 4 4 4 4 4 4 4 4 4 4 4 4 4 4 4 4 4 4 4 4 4 4 4 4 4 4 4 4 4 4 4 4 4 4 4 4 4 4 4 4 4 4 4 4 4 4 4 4 4 4 4 4 4 4 4 4 4 4 4 4 4 4 4 4 4 4 4 4 4 4 4 4 4 4 4 4 4 4 4 4 4 4 4 4 4 4 4 4 4 4 4 4 4 4 4 4 4 4 4 4 4 4 4 4 4 4 4 4 4 4 4 4 4 4 4 4 4 4 4 4 4 4 4 4 4 4 4 4 4 4 4 4 4 4 4 4 4 4 4 4 4 4 4 4 4 4 4 4 4 4 4 4 4 4 4 4 4 4 4 4 4 4 4 4 4 4 4 4 4 4 4 4 4 4 4 4 4 4 4 4 4 4 4 4 4 4 4 4 4 4 4 4 4 4 4 4 4 4 4 4 4 4 4 4 4 4 4 4 4 4 4 4 4 4 4 4 4 4 4 4 4 4 4 4 4 4 4 4 4 4 4 4 4 4 4 4 4 4 4 4 4 4 4 4 4 4 4 4 4 4 4 4 4 4 4 4 4 4 4 4 4 4 4 4 4 4 4 4 4 4 4 4 4 4 4 4 4 4 4 4 4 4 4 4 4 4 4 4 4 4 4 4 4 4 4 4 4 4 4 4 4 4 4 4 4 4 4 4 4 4 4 4 4 4 4 4 4 4 4 4 4 4 4 4 4 4 4 4 4 4 4 4 4 4 4 4 4 4 4 4 4 4 4 4 4 4 4 4 4 4 4 4 4 4 4 4 4 4 4 4 4 4 4 4 4 4 4 4 4 4 4 4 4 4 4 4 4 4 4 4 4 4 4 4 4 4 4 4 4 4 4 4 4 4 4 4 4 4 4 4 4 4 4 4 4 4 4 4 4 4 4 4 4 4 4 4 4 4 4 4 4 4 4 4 4 4 4 4 4 4 4 4 4 4 4 4 4 4 4 4 4 4 4 4 4 4 4 4 4 4 4 4 4 4 4 4 4 4 4 4 4 4 4 4 4 4 4 4 4 4 4 4 4 4 4 4 4 4 4 4 4 4 4 4 4 4 4 4 4 4 4 4 4 4 4 4 4 4 4 4 4 4 4 4 4 4 4 4 4 4 4 4 4 4 4 4 4 4 4 4 4 4 4 4 4 4 4 4 4 4 4 4 4 4 4 4 4 4 4 4 4 4 4 4 4 4 4 4 4 4 4 4 4 4 4 4 4 4 4 4 4 4 4 4 4 4 4 4 4 4 4 4 4 4 4 4 4 4 4 4 4 4 4 4 4 4 4 4 4 4 4 4 4 4 4 4 4 4 4 4 4 4 4 4 4 4 4 4 4 4 4 4 4 4 4 4 4 4 4 4 4 4 4 4 4 4 4 4 4 4 4 4 4 4 4 4 4 4 4 4 4 4 4 4 4 4 4 4 4 4 4 4 4 4 4 4 4 4 4 4 4 4 4 4 4 4 4 4 4 4 4 4 4 4 4 4 4 4 4 4 4 4 4 4 4 4 4 4 4 4 4 4 4 4 4 4 4 4 4 4 4 4 4 4 4 4 4 4 4 4 4 4 4 4 4 4 4 4 4 4 4 4 4 4 4 4 4 4 4 4 4 4 4 4 4 4 4 4 4 4 4 4 4 4 4 4 4 4 4 4 4 4 4 4 4 4 4 4 4 4 4 4 4 4 4 4 4 4 4 4 4 4 4 4 4 4 4 4 4 4 4 4 4 4 4 4 4 4 4 4 4 4 4 4 4 4 4 4 4 4 4 4 4 4 4 4 4 4 4 4 4 4 4 4 4 4 4 4 4 4 4 4 4 4 4 4 4 4 4 4 4 4 4 4 4 4 4 4
15 15 15 15 15 15 15 15 15 15 15 15 15 15 15 15 15 15 15 15 15 15 15 15 15 15 15 15 15 15 15 15 15 14 14 14 14 14 14 15 14 14 14 14 15 14 15 14 14 14 15 14 15 15 15 14 14 14 14 14 14 14 14 14 14 14 15 15 14 14 15 15 14 14 15 14 14 14 14 15 14 14 14 14 14 14 15 14 15 15 15 14 14 14 14 15 15 14 14 15 14 15 14 14 14 15 15 15 14 15 15 15 14 15 15 14 14 15 14 14 15 14 15 14 14 14 14 15 14 15 15 15 15 14 14 15 15 14 14 14 14 14 15 14 15 15 15 14 14 14 15 14 14 14 14 14 14 15 15 15 15 14 14 14 14 14 15 15 14 14 15 14 14 14 15 14 15 15 14 14 14 14 15 14 14 14 14 14 14 15 14 15 15 14 14 14 14 14 15 14 15 14 14 14 15 14 15 14 14 15 14 15 14 14 15 14 14 14 14 14 15 14 14 14 14 14 14 14 14 14 14 14 15 15 14 14 14 14 14 14 15 14 15 14 14 14 14 15 14 15 14 15 15 15 15 15 14 14 14 14 15 14 14 14 15 15 15 14 14 15 15 14 14 14 15 15 14 14 14 14 15 14 15 14
1 109 160 278
2 95 190 221
3 25 75 183
4 32 74 281
5 47 51 69
6 11 18 64
7 67 198 276
8 126 188 241
9 42 144 155
10 123 158 215
12 19 97 120
13 133 211 251
14 30 78 194
15 76 113 220
16 89 149 196
17 58 210 219
20 130 271 279
21 24 98 110
22 177 233 270
23 46 225 234
26 116 136 268
27 79 226 240
28 71 142 252
29 82 146 185
31 85 163 200
33 117 245 282
34 141 223 255
35 96 166 195
36 43 229 283
37 122 167 170
38 105 187 238
39 55 112 171
40 41 61 207
44 100 222 246
45 60 68 92
48 52 129 174
49 145 189 273
50 239 253 261
53 137 265 274
54 102 106 227
56 84 154 191
57 83 150 168
59 169 178 249
62 134 143 224
63 72 103 114
65 216 256 266
66 101 128 186
70 87 147 179
73 131 180 213
77 165 260 262
80 90 104 242
81 111 181 275
86 107 132 138
88 108 127 175
91 162 218 264
93 205 230 247
94 182 267 284
99 118 201 258
115 125 157 202
119 235 236 254
121 151 244 277
124 173 204 272
135 140 208 257
139 156 159 231
148 161 206 237
152 164 232 280
153 184 192 263
172 193 199 269
176 203 248 259
197 209 212 250
214 217 228 243
1 33 126 154
2 152 177 225
3 94 148 164
4 13 41 62
5 39 191 258
6 56 128 265
7 21 107 200
8 74 96 270
9 26 49 78
10 80 256 276
11 36 63 79
12 59 118 189
14 85 124 220
15 29 115 139
16 28 198 275
17 165 175 206
18 130 170 269
19 45 213 246
20 106 174 248
22 83 223 263
23 162 253 277
24 135 187 236
25 70 205 209
27 77 208 214
30 93 134 227
31 50 68 137
32 37 105 231
34 99 111 176
35 42 104 217
38 91 147 169
40 44 88 158
43 131 142 212
46 51 146 216
47 136 140 184
48 117 138 219
52 55 180 190
53 65 235 237
54 168 226 266
57 157 182 264
58 224 249 252
60 185 203 228
61 129 186 204
64 110 166 244
66 90 179 255
67 120 167 278
69 87 103 133
71 153 261 279
72 76 210 233
73 116 267 281
75 172 243 245
81 100 113 257
82 101 145 196
84 125 155 250
86 144 211 280
89 171 247 262
92 232 238 273
95 151 159 240
97 114 150 173
98 183 201 207
102 109 195 222
108 141 163 193
112 202 239 242
119 149 234 241
121 181 251 272
23 122 197 260
123 188 194 229
127 221 259 274
132 156 192 230
125 143 199 254
160 161 218 268
178 215 271 284
238 242 282 283
1 251 262 271
2 67 134 140
3 113 174 241
4 50 150 196
5 35 85 284
6 46 230 246
7 56 83 228
8 108 112 226
9 24 114 127
10 145 172 192
11 48 157 189
12 90 151 206
13 259 269 283
14 27 91 213
15 122 201 211
16 88 147 159
17 36 84 281
18 31 61 164
19 26 199 207
20 21 179 245
22 129 187 224
25 58 92 266
28 182 204 282
29 39 181 227
30 53 117 141
32 75 124 221
33 45 62 139
34 64 158 268
37 54 161 229
38 123 191 260
40 135 185 212
41 65 109 184
42 59 68 81
43 132 169 278
44 55 57 280
47 89 105 248
49 69 142 244
51 175 186 254
52 165 256 261
60 63 160 234
66 73 86 253
70 100 177 203
71 93 97 217
72 198 209 237
74 99 162 276
76 128 195 279
77 107 118 143
78 94 231 239
79 144 153 176
80 133 222 250
82 148 180 249
87 96 137 167
95 188 267 273
98 218 232 272
101 121 200 205
102 236 255 264
103 183 202 263
104 138 149 170
106 152 154 252
110 171 194 210
111 197 243 267
115 116 247 274
119 173 178 240
120 146 163 233
126 208 223 277
130 156 168 257
98 131 215 265
136 165 270 275
155 216 220 255
166 190 193 209
15 49 214 235
219 225 231 258
1 51 209 239
2 15 50 158
3 13 71 91
4 100 141 260
5 19 241 261
6 54 78 147
7 79 94 257
8 66 134 212
9 167 180 282
10 81 150 219
11 89 137 243
12 106 197 263
14 20 144 270
16 125 164 277
17 85 203 264
18 29 160 276
21 115 186 266
22 27 104 274
23 127 195 229
24 57 146 154
25 39 133 208
26 52 191 200
28 113 118 194
30 84 178 242
31 90 123 226
32 114 185 279
33 35 174 247
34 132 199 204
36 55 111 235
37 157 224 234
38 108 156 216
40 58 86 284
41 233 253 273
42 95 163 186
43 170 220 251
44 72 131 143
45 99 101 240
46 77 92 176
47 59 177 265
48 67 73 271
53 159 252 268
56 151 211 256
60 110 124 192
61 93 122 189
62 64 83 272
63 80 121 175
65 182 227 246
68 102 126 130
69 153 168 221
70 82 117 188
74 148 223 230
75 88 236 244
76 107 172 218
87 119 155 258
96 145 173 213
97 112 128 184
103 138 139 166
105 181 206 222
16 109 193 281
116 169 269 280
120 152 259 262
129 217 250 278
135 161 171 245
136 162 228 237
140 205 249 283
31 142 149 187
36 179 215 225
183 238 254 275
118 190 196 232
198 201 248 255
185 202 210 213
117 190 207 214
1 30 145 226
2 91 165 230
3 191 193 271
4 21 88 237
5 93 144 158
6 25 104 111
7 224 253 282
8 159 217 269
9 157 240 260
10 78 232 279
11 112 113 250
12 162 166 254
13 57 70 136
14 39 68 267
17 59 167 241
18 87 247 261
19 43 137 203
20 40 83 163
22 75 125 227
23 97 115 198
24 89 130 225
26 51 222 249
27 47 219 251
28 105 179 211
29 73 123 236
32 35 131 273
33 79 133 150
34 72 152 214
37 50 69 99
38 72 86 140
41 48 147 148
42 161 192 238
44 208 216 252
45 141 184 206
46 109 180 183
49 100 175 278
52 60 181 265
53 74 120 143
54 55 121 212
56 199 239 264
58 103 128 245
61 96 146 231
62 82 84 182
63 178 188 201
64 67 76 258
65 116 124 215
66 122 221 246
71 119 210 223
77 94 102 205
80 95 135 169
81 170 171 200
85 134 138 154
90 92 174 235
98 189 259 277
101 142 256 257
106 132 196 244
107 114 129 283
108 234 243 272
110 197 276 280
126 155 204 233
127 139 218 275
149 156 195 228
151 160 194 248
153 187 207 229
164 173 263 266
168 242 262 268
133 172 274 284
176 202 220 281
71 127 177 200
33 49 215 270
1 23 107 203
2 35 53 101
3 176 212 233
4 28 138 243
5 63 141 162
6 145 201 282
7 42 112 122
8 205 210 232
9 121 246 269
10 85 89 283
11 74 238 284
12 21 55 234
13 160 173 187
14 69 90 143
15 60 199 226
16 20 140 273
17 18 97 132
19 129 245 277
22 108 189 261
24 54 184 241
25 120 161 178
26 111 126 221
27 65 87 163
29 118 195 242
30 57 166 256
31 56 116 175
32 106 207 240
34 128 180 247
36 38 83 96
37 80 86 275
39 114 149 179
40 151 177 281
41 99 125 171
43 51 223 267
44 48 68 172
45 164 188 220
46 217 218 257
47 82 253 278
50 77 119 193
52 104 231 237
58 98 230 250
59 182 183 228
61 100 236 251
62 113 262 265
64 95 105 213
66 137 156 249
67 168 214 222
70 130 158 263
73 155 165 196
75 154 169 194
76 79 181 252
78 103 174 216
81 159 204 209
84 91 92 198
88 152 153 170
93 202 208 271
94 115 134 244
102 191 259 276
109 123 186 280
110 147 150 224
117 142 248 254
124 193 219 229
131 146 192 260
135 167 239 272
136 138 266 279
139 144 148 234
157 190 216 270
185 206 258 274
17 33 197 268
51 211 227 279
133 186 225 264
140 203 235 250
62 169 219 255
1 2 110 149
3 63 132 274
4 60 66 208
5 125 229 257
6 32 115 249
7 53 105 212
8 89 207 237
9 198 261 267
10 84 122 187
11 23 69 135
12 94 131 269
13 46 49 112
14 36 159 222
15 126 219 238
16 34 68 146
18 28 55 240
19 38 104 124
20 99 127 192
21 48 220 275
22 67 232 260
24 90 209 284
25 108 213 280
26 35 77 272
27 142 161 281
29 41 42 205
30 41 43 218
31 57 113 273
37 92 204 271
39 88 96 117
40 102 136 145
44 119 128 283
45 107 168 236
3 47 242 246
50 179 184 259
52 86 195 223
54 72 82 85
56 139 171 173
58 188 228 262
59 193 211 230
61 80 241 252
64 65 71 245
70 143 181 217
73 97 121 154
74 95 170 174
75 162 226 247
76 116 141 183
78 101 233 243
79 185 230 254
81 214 263 264
83 152 155 172
87 111 157 194
91 109 114 189
93 199 206 276
98 134 174 175
100 201 239 266
68 103 151 215
106 116 251 282
118 153 213 278
80 120 156 227
123 148 202 221
4 129 144 178
49 130 182 210
137 160 165 182
131 147 200 235
142 150 167 191
158 195 224 248
163 180 244 250
37 164 166 265
176 196 231 245
177 197 255 283
185 190 268 277
75 225 256 268
253 258 262 263
92 121 149 270
1 88 103 257
2 19 181 266
5 152 212 275
6 219 259 270
7 51 196 215
8 28 192 236
9 70 132 171
10 55 69 228
11 30 77 186
12 87 101 271
5 13 73 110
14 238 247 257
15 25 83 89
16 52 93 168
17 94 99 129
18 141 221 224
11 20 82 199
21 169 214 261
22 113 117 269
23 78 83 206
24 116 118 148
26 37 79 255
27 154 156 201
29 108 176 284
31 33 91 258
32 34 133 165
35 157 184 201
36 47 115 232
38 81 98 119
39 131 136 204
40 111 166 278
42 173 203 252
43 58 190 276
29 44 167 225
45 80 177 191
46 59 85 240
48 105 140 226
50 104 112 188
53 180 229 264
54 129 202 273
4 56 183 189
57 66 161 242
60 118 163 164
61 150 162 267
62 97 176 222
63 142 231 280
8 64 114 125
65 126 248 260
67 145 216 229
71 209 220 254
72 170 256 272
74 76 179 239
84 86 127 251
90 115 207 243
95 237 279 282
96 172 197 211
100 135 139 277
102 123 153 265
106 137 218 233
107 134 151 241
69 109 178 200
120 187 235 267
122 143 245 249
94 124 128 223
41 130 198 281
138 246 273 276
144 208 239 274
2 146 159 160
147 183 217 253
105 155 234 244
45 158 205 227
23 175 194 263
133 184 210 243
1 21 34 246
3 145 179 185
6 68 86 279
7 174 210 211
9 31 52 58
10 117 208 278
12 14 89 221
13 76 190 244
15 81 121 153
16 30 56 284
17 207 230 271
18 233 254 274
19 194 209 270
20 123 217 259
22 46 147 166
24 93 95 203
25 91 106 186
26 28 74 128
27 88 111 241
32 40 84 112
33 120 202 234
35 55 70 256
36 101 144 224
38 151 218 250
39 77 148 255
42 182 199 251
43 158 177 249
44 54 232 262
47 114 138 167
48 152 160 240
49 162 181 248
50 187 197 257
51 60 71 140
53 150 163 220
57 124 156 198
59 64 137 208
61 179 180 227
62 87 192 215
63 125 223 236
65 86 113 222
66 159 172 235
67 265 277 281
72 102 173 242
73 79 100 237
75 136 139 283
78 107 119 189
82 90 175 225
85 98 181 280
92 135 188 264
96 220 228 253
97 127 193 282
99 169 216 275
103 199 212 266
104 141 204 213
43 108 146 258
109 132 134 272
110 164 178 231
122 132 237 269
13 126 168 206
130 166 200 252
143 149 157 191
129 154 161 261
19 155 195 205
165 224 226 238
170 196 247 277
171 222 260 268
31 74 214 242
1 32 52 243
2 56 69 106
3 23 68 200
4 17 116 195
5 8 81 92
6 142 221 263
7 108 111 244
9 44 173 254
10 88 157 227
11 58 154 272
12 41 53 247
14 65 73 276
15 87 120 141
16 33 80 127
18 20 84 229
21 207 233 252
22 47 60 218
24 62 152 162
25 134 137 187
26 29 91 212
27 128 209 273
28 35 40 130
30 82 121 279
34 113 178 185
36 158 261 269
37 100 151 214
38 49 164 206
39 140 174 217
42 118 136 223
45 63 144 190
46 170 177 188
48 107 216 239
50 203 219 284
51 104 161 198
54 96 114 193
55 67 83 101
57 139 180 274
59 148 246 266
61 103 125 225
64 149 167 264
66 95 191 194
70 138 189 282
71 160 163 201
72 93 123 146
75 133 149 265
76 165 236 267
77 109 168 215
78 135 250 258
79 119 171 211
85 115 184 245
89 175 204 205
90 145 251 261
94 159 255 270
97 122 228 256
98 143 202 226
99 117 259 272
102 182 249 253
105 112 241 263
77 110 271 281
124 153 262 275
126 147 268 280
131 219 240 283
150 230 238 269
155 176 183 232
117 156 196 260
53 169 197 210
172 213 231 248
62 186 234 278
48 192 209 235
1 22 96 98
2 9 10 47
3 35 134 240
4 80 108 123
5 186 242 243
6 135 220 260
7 44 154 271
8 95 127 180
11 17 177 244
12 76 84 147
13 33 101 204
14 26 87 132
15 109 129 142
16 210 212 254
18 136 200 284
19 83 133 148
20 63 100 167
21 155 193 225
23 64 227 259
24 69 79 191
25 28 38 172
23 27 171 223
29 175 230 257
30 152 168 265
31 36 54 146
32 89 91 216
34 78 160 228
37 141 153 267
39 182 232 239
40 51 264 270
41 213 235 256
42 164 222 255
43 57 122 183
45 86 163 217
46 75 199 201
49 202 246 262
50 88 121 174
52 120 158 274
55 115 140 238
56 81 107 130
58 66 105 185
59 71 198 231
60 112 169 221
61 67 85 113
65 137 196 283
68 150 245 278
70 74 118 231
33 72 138 178
73 103 106 250
82 119 170 203
90 116 150 236
92 162 208 268
93 99 124 251
80 94 234 281
97 159 237 280
21 102 181 247
17 104 258 266
110 139 216 253
111 114 156 233
125 184 248 282
126 143 194 275
128 187 189 218
131 157 211 214
144 205 207 228
145 165 217 279
151 166 224 262
161 176 252 276
173 174 229 277
160 179 192 206
12 188 215 249
190 197 241 273
78 81 195 226
1 7 102 132
2 43 154 176
3 41 181 225
4 185 267 282
5 6 72 189
8 105 158 256
9 86 133 193
10 71 203 251
11 106 206 268
13 167 222 273
14 97 161 226
15 183 186 188
16 73 112 138
18 98 139 235
19 44 65 130
20 32 256 275
22 95 146 156
24 27 101 166
25 47 52 173
22 26 145 182
28 61 110 202
29 69 259 263
30 113 167 271
31 176 191 238
34 56 142 200
35 60 119 219
36 48 64 214
37 76 83 278
38 198 213 240
39 53 57 224
40 137 148 179
42 88 126 254
45 82 212 237
46 127 153 237
49 51 79 208
50 218 222 252
54 111 274 277
55 58 177 248
59 128 227 236
62 104 211 221
63 65 152 204
66 92 103 155
67 109 253 254
68 96 157 207
70 123 163 241
74 151 155 209
75 77 203 232
84 180 205 258
85 190 255 279
87 114 140 270
86 89 210 220
90 171 192 233
91 118 199 265
93 94 100 136
99 149 229 284
107 121 124 276
108 134 250 264
115 119 215 257
105 116 129 260
24 117 122 131
56 120 147 283
125 172 228 249
135 184 193 266
141 154 165 247
17 143 187 239
144 170 175 246
159 196 202 223
162 197 245 281
164 195 230 243
168 201 234 269
169 242 244 272
178 181 194 261
49 149 165 280
1 11 179 213
2 41 170 199
3 124 187 226
4 19 52 221
5 180 251 276
6 57 90 117
7 10 230 239
8 97 136 265
9 116 243 257
12 43 104 270
13 131 150 246
14 177 206 242
15 55 143 216
16 23 62 123
18 91 126 153
20 28 200 210
21 63 101 279
25 69 139 164
26 58 135 162
27 64 215 266
29 217 255 273
30 127 264 272
31 138 161 249
32 111 248 271
33 201 227 232
34 88 262 281
35 36 80 196
37 39 70 146
38 87 121 274
40 60 233 268
42 93 245 261
44 95 113 168
45 50 72 128
46 141 211 212
47 48 71 94
51 163 225 269
53 175 182 208
54 71 250 253
59 100 195 283
61 169 190 223
66 174 189 263
67 125 142 159
68 171 240 272
73 77 81 145
74 134 204 260
75 148 166 231
76 144 160 184
78 118 267 277
79 114 132 242
82 102 122 192
83 138 186 235
84 172 173 183
85 108 137 207
89 140 209 278
92 147 241 247
96 156 178 244
98 106 198 284
99 120 197 205
103 219 260 280
107 188 191 234
104 109 130 224
110 112 158 258
115 151 252 282
129 133 185 259
112 152 218 236
142 157 229 275
194 214 220 238
1 123 143 175
2 93 200 263
3 111 168 208
4 37 130 133
5 103 116 157
6 88 179 240
7 115 162 231
8 144 151 197
9 12 119 158
10 58 191 273
11 57 105 193
13 117 153 166
14 139 176 271
15 48 59 110
16 69 81 161
17 26 80 205
18 171 180 243
19 27 196 282
20 173 219 234
21 68 70 211
22 39 97 170
23 29 34 182
24 28 124 160
25 45 225 283
30 92 195 212
31 87 184 217
32 137 159 194
33 84 228 246
35 132 190 265
36 155 266 275
38 118 125 188
40 99 218 230
41 222 261 262
42 127 235 257
43 186 206 259
44 177 185 276
46 236 250 270
47 91 163 227
49 154 249 279
50 122 169 220
51 189 224 247
52 83 121 192
53 131 202 280
54 66 109 164
55 98 137 278
56 77 204 241
60 101 167 213
61 201 215 233
62 141 156 203
63 86 216 232
64 75 126 284
65 76 82 277
67 95 147 256
72 73 148 187
74 94 140 251
78 136 221 238
79 85 96 267
89 145 223 269
90 135 165 248
91 100 178 281
102 113 149 207
106 134 146 237
107 152 199 255
108 129 183 239
114 198 226 274
120 214 244 253
128 150 252 264
172 175 210 268
174 181 245 254
168 209 229 258
1 54 108 131
2 121 136 178
3 106 130 160
4 10 112 265
5 67 133 151
6 210 271 276
7 15 114 161
8 102 118 254
9 97 253 270
11 75 80 167
12 51 145 243
13 72 107 212
14 110 215 241
16 132 177 256
17 233 250 255
18 71 193 234
19 47 96 275
20 25 87 281
21 158 183 192
22 33 89 199
23 207 266 267
24 159 171 221
26 40 201 261
27 68 115 248
28 111 123 205
29 128 143 147
30 45 90 252
31 53 100 190
32 55 146 283
1 72 144 216 288 358 431 505 578 645 714 786 859 926 996
2 73 145 217 289 359 431 506 572 646 715 787 860 927 997
3 74 146 218 290 360 432 463 579 647 716 788 861 928 998
4 75 147 219 291 361 433 491 545 648 717 789 862 929 999
5 76 148 220 292 362 434 507 515 649 718 790 863 930 1000
6 77 149 221 293 363 435 508 580 650 719 790 864 931 1001
7 78 150 222 294 364 436 509 581 651 720 786 865 932 1002
8 79 151 223 295 365 437 510 551 649 721 791 866 933 1003
9 80 152 224 296 366 438 511 582 652 715 792 867 934 1004
10 81 153 225 297 367 439 512 583 653 715 793 865 935 999
6 82 154 226 298 368 440 513 521 654 722 794 859 936 1005
11 83 155 227 299 369 441 514 584 655 723 783 868 934 1006
12 75 156 218 300 370 442 515 585 636 724 795 869 937 1007
13 84 157 228 301 371 443 516 584 656 725 796 870 938 1008
14 85 158 214 217 372 444 517 586 657 726 797 871 939 1002
15 86 159 229 274 373 445 518 587 658 727 798 872 940 1009
16 87 160 230 302 374 426 519 588 648 722 770 850 941 1010
6 88 161 231 303 374 446 520 589 659 728 799 873 942 1011
11 89 162 220 304 375 447 506 590 640 729 800 862 943 1012
17 90 163 228 305 373 448 521 591 659 730 801 874 944 1013
18 78 163 232 291 369 449 522 578 660 731 769 875 945 1014
19 91 164 233 306 376 450 523 592 661 714 802 805 946 1015
20 92 136 234 307 358 440 524 576 647 732 735 872 947 1016
18 93 152 235 308 377 451 525 593 662 733 803 845 948 1017
3 94 165 236 293 378 452 517 594 663 734 804 876 949 1013
21 80 162 237 309 379 453 526 595 664 725 805 877 941 1018
22 95 157 233 310 380 454 527 596 665 735 803 878 943 1019
23 86 166 238 311 361 446 510 595 666 734 806 874 948 1020
24 85 167 231 312 381 455 528 538 664 736 807 879 947 1021
13 96 168 239 288 382 456 513 587 667 737 808 880 950 1022
25 97 161 240 281 383 457 529 582 644 738 809 881 951 1023
4 98 169 241 313 384 435 530 597 645 739 801 882 952 1024
26 72 170 242 314 357 426 529 598 658 724 761 883 953 1015
27 99 171 243 315 385 445 530 578 668 740 810 884 947 0
28 100 148 242 313 359 453 531 599 666 716 811 885 954 0
29 82 160 244 282 386 443 532 600 669 738 812 885 955 0
30 98 172 245 316 387 458 498 526 670 741 813 886 929 0
31 101 173 246 317 386 447 533 601 671 734 814 887 956 0
32 76 167 236 301 388 459 534 602 672 742 815 886 946 0
33 102 174 247 305 389 460 535 597 666 743 816 888 957 1018
33 75 175 248 318 390 455 456 569 655 744 788 860 958 0
9 100 176 249 319 364 455 536 603 673 745 817 889 959 0
29 103 177 250 304 391 456 537 604 632 746 787 868 960 0
34 102 178 251 320 392 461 538 605 652 720 800 890 961 0
35 89 170 252 321 393 462 539 575 674 747 818 891 949 1022
20 104 149 253 322 394 442 540 592 675 748 819 892 962 0
5 105 179 254 310 395 463 532 606 661 715 804 893 963 1012
36 106 154 255 318 392 449 541 607 676 713 812 893 939 0
37 80 180 214 323 357 442 492 608 671 749 820 858 964 0
38 97 147 217 316 396 464 542 609 677 750 821 891 965 0
5 104 181 216 309 391 427 509 610 678 743 820 894 966 1006
36 107 182 237 324 397 465 518 582 645 751 804 862 967 0
39 108 168 256 325 359 436 543 611 655 710 815 895 968 1023
40 109 172 221 326 377 466 544 605 679 738 822 896 969 996
32 107 178 244 326 369 446 512 599 680 752 823 871 970 1024
41 77 150 257 327 383 467 545 587 646 753 810 846 971 0
42 110 178 235 300 382 457 546 612 681 746 815 864 936 0
16 111 165 247 328 398 468 537 582 654 754 823 877 935 0
43 83 176 254 302 399 469 540 613 682 755 824 897 939 0
35 112 183 258 324 372 433 547 610 661 756 811 888 972 0
33 113 161 259 329 400 470 548 614 683 757 806 898 973 0
44 75 170 260 330 401 430 549 615 662 712 825 872 974 0
45 82 183 261 331 362 432 550 616 674 730 826 875 975 0
6 114 171 260 332 402 471 551 613 684 732 812 878 976 0
46 108 175 262 333 380 471 552 617 656 758 800 826 977 0
47 115 184 223 334 403 433 546 618 685 754 827 899 969 0
7 116 145 255 332 404 450 553 619 680 757 828 900 978 1000
35 97 176 263 301 392 445 486 580 647 759 829 901 945 1019
5 117 180 264 316 371 440 512 565 646 733 807 876 940 0
48 94 185 265 300 405 472 511 599 686 760 830 886 945 0
23 118 186 218 335 356 471 554 610 687 755 793 893 896 1011
45 119 187 251 315 317 466 555 620 688 761 790 891 979 1007
49 120 184 255 312 406 473 515 621 656 762 798 902 979 0
4 79 188 266 325 368 474 556 595 644 760 831 903 980 0
3 121 169 267 306 407 475 502 622 689 748 832 904 976 1005
14 119 189 268 332 408 476 556 585 690 723 813 905 977 0
50 95 190 253 336 396 453 513 602 691 703 832 902 971 0
13 80 191 221 297 409 477 524 623 692 740 785 906 981 0
22 82 192 222 314 408 478 526 621 693 733 820 907 982 0
51 81 193 261 337 387 470 489 539 658 717 767 885 941 1005
52 122 176 225 338 410 479 533 586 649 753 785 902 940 0
24 123 194 265 330 395 466 521 624 667 763 818 908 977 0
42 91 150 260 305 386 480 517 524 680 729 813 909 967 0
41 124 160 239 330 411 439 557 597 659 723 833 910 953 0
25 84 148 230 339 367 466 540 625 694 757 834 911 982 0
53 125 184 247 317 387 465 557 580 617 747 792 836 975 0
48 117 195 269 303 380 481 514 615 657 725 835 887 951 1013
54 102 159 267 291 412 459 505 596 653 750 817 884 931 0
15 126 179 226 308 367 437 517 584 695 739 836 912 983 1015
51 115 155 240 340 371 451 558 624 696 764 837 864 984 1022
55 101 157 218 289 411 482 529 594 664 739 838 873 963 985
35 127 165 253 340 411 458 504 626 649 765 827 913 950 0
56 96 186 259 292 413 483 518 593 688 766 839 889 927 0
57 74 191 222 336 414 441 519 568 697 767 839 893 980 0
2 128 196 249 337 402 474 559 593 685 721 802 890 978 0
28 79 195 270 329 386 459 560 627 679 714 829 914 982 1012
11 129 186 271 307 374 473 549 628 698 768 796 866 946 1004
18 130 197 210 341 398 484 533 625 699 714 799 915 970 0
58 99 188 252 316 390 448 519 629 700 766 840 916 957 0
34 122 185 219 323 400 485 561 621 670 730 839 897 985 1023
47 123 198 252 342 359 477 514 600 680 724 803 875 972 0
40 131 199 263 336 415 460 562 620 701 769 786 908 986 1003
45 117 200 272 328 409 486 505 630 683 762 827 917 930 0
51 100 201 233 293 397 447 542 631 678 770 825 868 919 0
31 98 179 273 311 402 436 541 574 702 754 791 844 936 0
40 90 202 227 343 384 487 563 594 646 762 794 915 987 998
53 78 190 268 344 358 462 564 623 676 753 841 918 988 1007
54 132 151 246 345 376 452 528 632 651 717 842 911 989 996
1 131 175 274 322 416 482 565 633 691 726 828 919 969 0
18 114 203 258 346 417 431 515 634 703 771 806 920 939 1008
52 99 204 244 293 379 481 535 596 651 772 822 882 928 1020
32 133 151 271 298 364 442 542 597 702 756 798 920 923 999
14 122 146 238 298 401 457 523 617 668 757 808 890 986 0
45 129 152 241 344 388 482 551 606 679 772 835 907 990 1002
59 85 205 232 307 414 435 532 558 694 752 843 921 932 1019
21 120 205 275 333 383 476 487 525 648 764 844 867 930 0
26 106 168 265 287 418 459 523 583 700 709 845 864 937 0
58 83 190 238 284 381 488 525 547 673 760 838 906 956 1003
60 134 206 269 335 396 461 533 623 693 763 811 843 934 0
11 116 207 276 325 378 489 566 598 657 751 846 916 991 0
61 135 198 261 326 366 473 504 586 667 750 841 887 967 997
30 136 158 259 334 364 439 567 635 698 746 845 908 965 0
10 137 173 240 312 416 490 562 591 688 717 830 872 926 1020
62 84 169 258 333 419 447 568 612 704 766 841 861 948 0
59 124 140 229 306 390 434 551 616 683 773 847 900 956 0
8 72 208 263 347 379 444 552 636 705 774 817 873 976 0
54 138 152 234 348 356 448 557 628 658 721 819 880 959 0
47 77 189 271 328 385 461 568 595 665 775 824 891 992 1021
36 113 164 277 344 375 491 519 544 639 726 844 922 989 0
17 88 209 263 308 405 492 569 637 666 753 800 919 929 998
49 103 210 251 313 420 441 494 534 706 776 845 869 968 996
53 139 177 243 343 374 432 511 633 635 725 786 907 954 1009
12 117 193 236 314 354 428 530 577 689 729 792 922 929 1000
44 96 145 223 339 414 484 564 633 663 716 842 903 987 0
63 93 174 278 337 421 440 561 626 692 719 848 877 984 0
21 105 211 279 300 422 460 534 622 673 728 839 866 981 997
39 97 195 226 304 403 493 563 613 663 758 816 911 952 970
53 106 201 272 339 361 422 570 606 686 761 798 881 909 0
64 85 170 272 348 423 467 561 622 681 771 799 876 938 0
63 105 145 280 317 373 429 541 610 672 752 835 912 980 0
27 132 168 219 321 362 476 520 631 657 741 849 892 974 0
23 103 180 281 342 418 454 495 550 650 726 810 900 924 0
44 140 190 251 325 371 472 567 638 699 774 850 871 926 1021
9 125 192 228 292 423 491 571 600 674 777 851 905 933 0
37 123 153 270 288 363 460 553 579 696 778 805 902 983 1006
24 104 207 235 329 420 445 572 632 688 738 802 886 987 1024
48 101 159 221 318 417 494 573 592 705 723 846 913 978 1021
65 74 194 266 318 423 490 525 602 682 729 816 904 979 0
15 134 201 281 349 388 431 504 638 684 689 840 858 986 0
42 129 147 225 314 417 495 548 611 707 759 764 869 992 0
61 128 155 257 350 389 486 564 601 670 779 831 921 933 1000
66 73 202 276 315 412 480 507 607 662 737 826 923 988 0
67 118 192 264 351 412 488 562 586 704 741 819 873 937 0
41 72 202 235 339 407 473 527 639 654 720 787 849 964 0
9 124 212 269 347 406 480 574 640 708 731 827 831 955 0
64 139 209 246 349 403 489 527 612 709 772 802 914 974 0
59 110 154 245 296 424 481 531 638 653 776 829 924 930 0
10 102 171 217 292 405 496 575 604 669 751 791 920 934 1014
64 128 159 256 295 410 443 572 618 697 768 852 900 952 1017
1 141 183 231 350 370 493 572 607 687 740 782 905 948 998
65 141 172 278 319 378 454 546 639 678 780 796 881 940 1002
55 92 188 279 299 362 475 548 608 662 765 853 877 932 0
25 132 207 249 305 380 497 547 611 687 747 830 894 963 0
66 74 161 229 352 393 498 547 634 671 745 854 876 969 0
50 87 182 211 289 406 493 530 641 690 778 849 858 984 0
28 114 213 272 299 382 498 535 592 637 779 803 904 937 0
30 116 195 224 302 421 495 538 606 684 730 795 808 972 1005
42 109 209 264 353 404 462 518 636 691 737 855 890 928 995
43 101 177 275 337 407 430 522 629 710 756 856 898 965 0
30 88 201 250 338 412 474 555 642 675 763 851 860 946 0
32 126 203 278 338 390 467 511 643 693 735 837 901 942 1017
68 121 153 268 354 392 480 560 618 711 734 847 910 993 0
62 129 206 270 352 370 467 536 620 652 781 804 910 944 0
36 90 146 242 340 409 474 484 581 672 750 781 899 994 0
54 87 181 261 323 383 484 576 624 695 736 851 895 926 993
69 99 192 253 355 360 499 528 549 708 780 787 809 938 0
19 73 185 254 356 389 500 539 604 675 722 823 870 961 1009
43 142 206 239 331 378 491 565 634 668 761 857 914 985 997
48 115 163 282 311 388 464 556 579 614 782 816 859 931 0
49 107 194 224 322 385 497 543 614 681 721 833 863 942 0
52 135 167 273 324 408 472 506 608 625 769 788 857 994 0
57 110 166 262 330 399 492 493 603 701 742 805 895 947 0
3 130 200 283 322 399 476 545 573 708 746 797 910 989 1014
67 105 175 271 321 377 464 531 577 694 773 848 905 951 0
24 112 174 241 286 425 478 501 579 668 754 789 922 961 0
47 113 181 232 249 416 428 513 594 712 718 797 909 960 0
31 93 164 281 351 370 439 566 609 663 775 850 861 979 0
8 137 196 265 331 393 468 542 626 675 783 797 918 956 0
37 83 154 259 341 376 482 545 623 686 775 790 899 966 0
2 107 213 284 287 424 501 537 585 674 784 834 898 954 1023
41 76 173 237 290 415 495 539 638 685 733 809 918 935 0
67 139 153 258 319 420 448 510 615 713 782 837 908 967 1014
68 132 213 274 290 396 419 469 628 679 731 792 848 936 1011
13 137 203 238 350 407 481 576 590 685 774 857 925 952 0
28 131 189 234 349 381 465 496 640 648 785 854 897 950 0
15 123 147 284 343 406 499 509 642 709 758 852 885 943 0
70 136 204 227 346 426 500 560 609 710 784 853 916 933 0
7 86 187 285 307 411 438 569 612 678 755 814 915 990 0
68 140 162 243 327 372 483 521 603 630 748 838 860 988 1015
25 78 198 237 338 356 494 565 637 647 728 810 874 927 0
58 130 158 285 331 363 485 527 531 687 748 855 883 973 1018
59 133 200 286 355 413 490 544 598 699 749 806 852 968 0
69 112 185 230 304 358 429 536 593 677 763 793 832 974 0
62 113 166 243 347 410 458 534 631 695 724 826 903 971 0
56 94 198 280 336 365 455 575 640 695 777 833 916 941 1020
65 87 155 273 321 425 483 524 636 671 782 794 870 960 0
33 130 162 287 351 384 437 558 588 660 777 829 911 986 1016
63 95 208 236 320 413 433 571 583 613 765 820 895 928 0
70 94 187 213 216 410 451 554 590 665 713 831 912 995 0
16 119 203 286 335 365 492 577 581 710 727 836 874 993 1001
12 125 158 257 311 427 469 560 581 693 776 825 892 945 0
70 103 174 223 326 360 436 507 630 664 727 818 892 950 1007
49 89 157 270 286 402 452 488 631 711 744 814 859 972 0
71 95 214 287 315 404 479 522 644 670 776 812 925 991 0
10 142 210 282 333 357 486 509 615 691 783 843 878 973 1008
46 104 212 246 320 409 424 553 629 676 739 771 871 975 0
71 100 186 277 295 394 472 573 591 672 747 778 879 951 0
55 141 197 268 348 394 456 563 601 661 775 821 923 957 0
16 106 215 225 310 419 430 444 508 677 706 811 917 944 0
14 84 212 250 355 393 449 554 611 627 719 836 925 965 0
2 138 169 264 334 379 490 520 584 650 756 825 862 981 1017
34 131 193 273 309 404 443 549 617 643 745 795 821 958 0
27 91 208 266 335 391 465 568 616 673 735 852 898 983 0
44 111 164 245 294 417 496 520 600 641 779 815 919 966 0
20 73 215 282 308 428 502 538 624 683 731 788 894 949 0
22 109 151 240 288 372 475 541 641 699 785 796 861 990 0
40 96 167 262 306 427 489 575 614 653 732 824 883 963 0
71 112 150 279 349 399 468 512 627 698 740 777 847 953 0
29 137 172 234 351 419 434 543 553 659 781 840 924 995 0
56 139 149 266 289 398 469 478 588 707 736 854 865 957 0
64 98 191 215 329 397 499 550 634 711 755 760 904 932 0
66 127 197 284 297 365 450 532 605 708 742 832 883 975 0
19 119 207 248 347 360 477 563 589 660 772 837 888 973 1010
20 134 183 245 345 369 423 574 598 712 767 855 918 944 1011
60 108 214 244 340 429 494 566 618 713 744 799 909 959 0
60 93 199 267 312 400 462 510 616 690 764 824 923 962 0
65 108 187 279 291 397 437 559 621 635 768 818 819 987 0
31 127 143 283 319 368 444 516 641 707 752 809 925 981 0
38 133 191 216 327 421 485 556 571 676 742 850 865 989 0
22 128 206 252 296 384 446 540 607 706 716 814 901 931 0
8 134 146 220 302 377 470 564 596 702 784 830 913 971 1008
51 133 143 239 353 381 463 546 620 644 718 856 870 907 0
71 121 204 226 345 361 477 558 577 645 718 854 867 942 1006
61 114 180 267 343 414 497 574 585 651 722 856 914 991 0
26 121 163 278 328 375 471 499 567 694 759 853 889 994 0
34 89 149 262 334 366 463 570 578 682 749 851 869 953 0
56 126 205 242 303 385 475 516 642 655 769 849 913 966 0
69 90 179 285 350 418 496 552 608 711 773 823 882 984 1019
43 111 194 280 309 403 435 567 604 701 783 847 881 964 0
70 124 193 277 298 398 429 497 601 692 762 842 896 962 1010
12 135 144 250 310 400 487 557 603 696 766 793 863 980 0
23 111 202 256 320 408 470 536 637 660 780 821 921 992 1022
38 92 184 248 294 395 503 573 627 701 771 828 896 991 1004
60 140 181 283 299 418 478 554 589 652 727 817 828 994 1003
27 115 199 212 285 430 500 526 602 697 745 834 879 988 1010
46 81 182 257 342 382 502 555 599 698 744 791 801 978 1009
63 122 209 222 342 394 434 505 516 609 736 843 867 959 0
58 76 215 269 332 425 503 529 632 692 770 833 920 995 0
69 138 156 276 341 415 464 508 591 700 732 807 922 960 0
50 136 173 219 296 420 450 552 643 709 719 844 903 917 0
38 118 182 220 303 376 438 522 639 669 696 857 889 958 1018
50 126 144 276 353 401 468 503 605 704 749 779 884 958 0
67 91 200 227 352 405 479 503 576 650 702 807 899 927 0
55 110 199 230 327 428 479 543 626 684 743 842 880 992 0
39 77 210 254 324 401 498 562 619 689 737 838 866 954 999
46 109 165 232 352 422 485 506 630 682 770 848 878 955 1016
57 120 196 204 301 391 438 548 566 690 741 789 906 982 1016
21 141 171 256 353 426 501 502 643 705 765 794 888 993 0
68 88 156 275 295 366 441 523 635 669 707 855 894 983 0
19 79 211 228 357 424 504 508 590 697 743 835 868 962 1004
17 142 144 255 290 413 458 514 588 703 720 808 882 938 1001
62 135 197 260 345 421 453 555 633 654 700 856 880 901 0
37 127 196 248 313 373 457 544 570 665 784 795 879 935 0
39 138 205 233 354 425 432 571 589 681 751 822 887 990 0
52 86 211 283 348 387 449 507 629 704 774 801 924 955 1012
7 81 188 231 346 415 483 537 570 656 780 841 863 961 1001
61 92 208 229 341 375 501 561 619 642 781 822 906 977 0
1 116 177 277 323 395 488 535 583 712 759 813 912 970 0
17 118 189 241 297 422 427 559 580 667 778 834 875 964 0
66 125 178 275 346 416 452 550 625 705 768 858 917 968 0
4 120 160 274 355 389 454 569 619 703 767 853 884 985 1013
26 143 166 224 294 363 487 559 628 686 773 789 921 943 0
29 143 156 280 344 367 461 500 622 706 758 846 897 949 1024
57 142 148 247 354 368 451 528 587 677 728 840 915 976 0
