1024 320
3 10
3 3 3 3 3 3 3 3 3 3 3 3 3 3 3 3 3 3 3 3 3 3 3 3 3 3 3 3 3 3 3 3 3 3 3 3 3 3 3 3 3 3 3 3 3 3 3 3 3 3 3 3 3 3 3 3 3 3 3 3 3 3 3 3 3 3 3 3 3 3 3 3 3 3 3 3 3 3 3 3 3 3 3 3 3 3 3 3 3 3 3 3 3 3 3 3 3 3 3 3 3 3 3 3 3 3 3 3 3 3 3 3 3 3 3 3 3 3 3 3 3 3 3 3 3 3 3 3 3 3 3 3 3 3 3 3 3 3 3 3 3 3 3 3 3 3 3 3 3 3 3 3 3 3 3 3 3 3 3 3 3 3 3 3 3 3 3 3 3 3 3 3 3 3 3 3 3 3 3 3 3 3 3 3 3 3 3 3 3 3 3 3 3 3 3 3 3 3 3 3 3 3 3 3 3 3 3 3 3 3 3 3 3 3 3 3 3 3 3 3 3 3 3 3 3 3 3 3 3 3 3 3 3 3 3 3 3 3 3 3 3 3 3 3 3 3 3 3 3 3 3 3 3 3 3 3 3 3 3 3 3 3 3 3 3 3 3 3 3 3 3 3 3 3 3 3 3 3 3 3 3 3 3 3 3 3 3 3 3 3 3 3 3 3 3 3 3 3 3 3 3 3 3 3 3 3 3 3 3 3 3 3 3 3 3 3 3 3 3 3 3 3 3 3 3 3 3 3 3 3 3 3 3 3 3 3 3 3 3 3 3 3 3 3 3 3 3 3 3 3 3 3 3 3 3 3 3 3 3 3 3 3 3 3 3 3 3 3 3 3 3 3 3 3 3 3 3 3 3 3 3 3 3 3 3 3 3 3 3 3 3 3 3 3 3 3 3 3 3 3 3 3 3 3 3 3 3 3 3 3 3 3 3 3 3 3 3 3 3 3 3 3 3 3 3 3 3 3 3 3 3 3 3 3 3 3 3 3 3 3 3 3 3 3 3 3 3 3 3 3 3 3 3 3 3 3 3 3 3 3 3 3 3 3 3 3 3 3 3 3 3 3 3 3 3 3 3 3 3 3 3 3 3 3 3 3 3 3 3 3 3 3 3 3 3 3 3 3 3 3 3 3 3 3 3 3 3 3 3 3 3 3 3 3 3 3 3 3 3 3 3 3 3 3 3 3 3 3 3 3 3 3 3 3 3 3 3 3 3 3 3 3 3 3 3 3 3 3 3 3 3 3 3 3 3 3 3 3 3 3 3 3 3 3 3 3 3 3 3 3 3 3 3 3 3 3 3 3 3 3 3 3 3 3 3 3 3 3 3 3 3 3 3 3 3 3 3 3 3 3 3 3 3 3 3 3 3 3 3 3 3 3 3 3 3 3 3 3 3 3 3 3 3 3 3 3 3 3 3 3 3 3 3 3 3 3 3 3 3 3 3 3 3 3 3 3 3 3 3 3 3 3 3 3 3 3 3 3 3 3 3 3 3 3 3 3 3 3 3 3 3 3 3 3 3 3 3 3 3 3 3 3 3 3 3 3 3 3 3 3 3 3 3 3 3 3 3 3 3 3 3 3 3 3 3 3 3 3 3 3 3 3 3 3 3 3 3 3 3 3 3 3 3 3 3 3 3 3 3 3 3 3 3 3 3 3 3 3 3 3 3 3 3 3 3 3 3 3 3 3 3 3 3 3 3 3 3 3 3 3 3 3 3 3 3 3 3 3 3 3 3 3 3 3 3 3 3 3 3 3 3 3 3 3 3 3 3 3 3 3 3 3 3 3 3 3 3 3 3 3 3 3 3 3 3 3 3 3 3 3 3 3 3 3 3 3 3 3 3 3 3 3 3 3 3 3 3 3 3 3 3 3 3 3 3 3 3 3 3 3 3 3 3 3 3 3 3 3 3 3 3 3 3 3 3 3 3 3 3 3 3 3 3 3 3 3 3 3 3 3 3 3 3 3 3 3 3 3 3 3 3 3 3 3 3 3 3 3 3 3 3 3 3 3 3 3 3 3 3 3 3 3 3 3 3 3 3 3 3 3 3 3 3 3 3 3 3 3 3 3 3 3 3 3 3 3 3 3 3 3 3 3 3 3 3 3 3 3 3 3 3 3 3 3 3 3 3 3 3 3 3 3 3 3 3 3 3 3 3 3 3 3 3 3 3 3 3 3 3 3 3 3 3 3 3 3 3 3 3 3 3 3 3 3 3 3 3 3 3 3 3 3 3 3 3 3 3 3 3 3 3 3 3 3 3 3 3 3 3 3 3 3 3 3 3 3 3 3 3 3 3 3 3 3
10 10 10 10 10 10 10 10 10 10 10 10 10 10 10 10 10 10 10 10 10 10 10 10 10 10 10 10 10 10 10 10 10 10 10 10 10 10 10 10 10 10 10 10 10 10 10 10 10 10 10 10 10 10 10 10 10 10 10 10 10 10 10 10 10 10 10 10 10 10 10 10 10 10 10 10 10 10 10 10 10 9 10 9 10 9 9 10 9 10 10 10 9 9 10 9 10 9 9 10 10 9 10 9 10 9 10 9 10 10 9 9 10 10 10 9 10 9 10 10 10 9 9 9 9 10 9 10 9 9 10 9 10 10 9 9 10 9 9 9 10 9 9 9 10 9 9 10 10 9 9 10 9 10 9 10 9 10 10 10 9 10 10 9 9 9 10 10 10 9 10 10 9 10 9 10 9 9 9 9 9 10 10 9 10 9 10 10 9 9 9 9 9 9 9 10 9 9 9 10 10 10 9 9 9 10 10 9 9 9 9 10 10 9 9 9 9 10 9 10 10 9 9 10 10 9 10 9 9 10 10 10 10 9 10 9 10 9 10 10 9 9 10 9 9 10 10 9 9 10 9 10 9 9 9 9 9 9 9 9 9 9 10 9 9 10 9 10 10 9 10 10 9 9 10 10 9 10 10 10 9 9 9 10 10 10 10 9 10 9 10 10 10 10 9 9 10 10 10 9 10 10 10 9 9 9 9 9 9 9 9 10 10 10 10 9 9 10 9 10
1 123 180
2 248 313
3 108 215
4 29 207
5 86 316
6 37 85
7 58 79
8 22 55
9 15 73
10 76 224
11 143 311
12 213 272
13 163 176
14 50 140
16 179 243
17 25 137
18 111 238
19 152 283
20 39 219
21 88 92
23 130 249
24 103 170
26 222 250
27 70 239
28 305 314
30 114 150
31 34 127
32 202 306
33 255 264
35 60 263
36 157 303
38 136 256
40 94 273
41 89 164
42 212 285
43 99 168
44 102 187
45 138 228
46 277 317
47 165 289
48 191 254
49 117 226
51 260 318
52 62 145
53 193 196
54 128 270
56 197 218
57 75 135
59 63 82
61 237 253
64 122 279
65 81 91
66 116 154
67 72 201
68 172 220
69 286 308
71 271 295
74 162 310
77 258 299
78 126 133
80 184 223
83 106 109
84 178 199
87 195 282
90 173 208
93 161 259
95 132 144
96 104 251
97 290 301
98 158 221
100 115 134
101 175 210
105 160 211
107 198 246
110 294 297
112 139 275
113 121 147
118 214 312
119 142 167
120 146 174
124 166 206
125 261 302
129 200 236
131 265 281
141 300 320
148 153 225
149 233 293
151 169 192
155 235 274
156 276 291
159 186 284
171 309 315
177 217 242
181 183 244
182 194 296
185 204 268
188 203 269
189 247 278
190 209 319
205 229 304
216 231 232
227 240 307
230 241 298
234 245 288
252 262 292
257 266 280
172 267 287
1 36 142
2 199 254
3 104 173
4 174 187
5 15 70
6 44 48
7 214 290
8 63 298
9 140 225
10 26 121
11 106 306
12 82 90
13 31 55
14 93 288
16 41 311
17 68 85
18 69 210
19 86 134
20 124 247
21 34 120
22 39 147
23 223 316
24 189 239
25 168 183
27 133 310
28 46 220
29 107 273
30 169 272
32 228 305
33 66 132
35 291 315
37 111 265
38 152 167
40 71 196
42 136 145
43 269 307
45 252 318
47 162 312
49 263 279
50 266 270
51 216 253
52 209 309
53 235 242
54 95 158
56 72 164
57 91 224
58 77 302
59 149 194
60 110 195
61 105 268
62 200 284
64 141 275
65 218 304
67 112 154
73 155 160
74 188 282
75 285 308
76 232 258
78 151 243
79 157 198
80 248 251
81 161 227
83 276 295
84 139 260
87 88 98
89 176 180
92 115 292
94 264 293
96 236 301
97 257 277
99 185 296
100 150 205
101 170 320
102 234 319
103 244 299
108 109 238
113 117 287
114 131 186
116 206 215
118 177 286
119 237 294
122 130 207
123 153 281
125 143 245
126 222 255
127 129 211
128 213 231
135 184 192
137 144 256
138 148 233
146 166 212
156 181 241
159 193 203
163 165 249
171 197 313
175 221 246
178 179 217
182 190 289
191 280 283
201 297 317
202 274 303
204 226 229
208 240 314
219 271 280
230 259 262
200 250 300
193 261 267
131 278 313
1 173 279
2 88 185
3 100 299
4 73 218
5 220 291
6 222 252
7 63 197
8 75 110
9 169 289
10 106 130
11 127 144
12 21 71
13 260 307
14 69 204
15 98 301
16 124 233
17 275 312
18 152 293
19 72 269
20 51 221
22 102 186
23 53 270
24 84 306
25 184 219
26 201 225
27 226 271
28 42 248
29 119 244
30 66 198
31 70 157
32 116 282
33 81 263
34 67 181
35 217 292
36 128 209
37 258 274
38 113 290
39 155 208
40 46 93
41 61 196
43 83 285
44 89 158
45 192 261
47 237 314
48 74 156
49 129 138
50 77 146
52 108 133
54 117 230
55 101 243
56 231 320
57 123 310
58 105 126
59 62 253
60 182 265
64 114 257
65 238 267
68 206 207
76 137 234
78 167 235
79 191 224
80 107 232
82 85 140
86 143 281
87 125 141
90 178 183
91 96 318
92 142 311
94 139 309
95 148 308
97 179 229
99 187 300
103 194 277
104 188 288
109 153 262
34 111 223
112 249 268
115 162 278
118 174 203
120 121 305
122 136 298
132 171 237
8 134 250
135 164 296
145 176 195
147 205 273
149 251 303
150 211 276
151 161 284
154 286 319
159 180 264
160 246 259
163 202 287
165 212 283
166 210 315
168 189 297
33 170 295
172 216 255
175 190 316
177 216 239
199 214 245
74 213 317
215 227 266
228 241 242
236 247 272
125 239 240
254 294 304
182 256 302
1 137 210
2 39 109
3 246 297
4 52 143
5 233 294
6 273 285
7 23 282
9 117 248
10 35 158
11 204 231
12 256 304
13 277 286
14 115 145
15 183 193
16 230 312
17 81 211
18 236 314
19 107 228
20 67 302
21 284 308
22 96 270
24 38 44
25 89 305
26 42 271
27 111 197
28 78 95
29 163 278
30 65 311
31 206 235
32 160 186
36 45 295
37 173 268
40 169 279
41 140 316
43 242 290
46 106 318
47 157 184
48 62 80
49 174 260
50 70 264
51 97 134
53 170 201
54 100 177
55 85 203
56 234 252
57 112 217
58 153 202
59 121 247
60 272 280
61 128 166
63 205 227
64 126 269
66 88 298
68 229 289
69 79 300
71 258 307
72 238 303
73 75 141
76 151 181
77 102 179
82 232 310
83 92 194
84 198 291
86 90 161
87 150 152
91 190 293
93 142 301
94 105 118
98 146 189
99 220 262
101 254 261
103 129 288
104 113 132
108 165 263
11 110 162
114 166 199
116 119 221
120 155 172
122 135 200
103 123 219
124 159 317
127 164 191
130 240 319
131 283 320
133 168 251
136 266 281
138 171 259
139 267 299
144 212 244
147 241 265
148 207 253
149 187 192
154 226 315
156 240 296
167 250 309
175 178 222
176 224 276
180 229 245
185 257 287
188 274 313
195 225 243
196 218 306
208 214 292
209 219 255
213 245 249
215 223 300
119 251 275
1 140 150
2 31 60
3 57 88
4 282 295
5 257 273
6 142 302
7 264 272
8 80 180
9 227 231
10 118 281
12 160 318
13 200 218
14 91 183
15 78 112
16 32 307
17 201 301
18 68 260
19 102 268
20 43 195
21 175 176
22 42 198
23 114 262
24 148 213
25 58 134
26 128 267
27 169 299
28 56 263
29 53 296
30 208 250
33 82 167
34 45 64
35 184 269
36 99 304
37 95 199
38 105 181
39 41 286
40 67 131
44 46 66
47 93 276
48 70 153
49 168 186
50 194 312
51 235 319
52 137 233
54 110 120
55 143 247
59 188 212
61 278 298
62 77 116
63 210 287
65 98 156
69 74 86
71 162 206
72 239 309
73 104 222
75 214 221
76 185 236
79 92 203
81 107 124
83 172 234
84 108 121
85 246 280
87 144 159
89 216 259
90 202 285
94 215 243
96 163 254
97 157 284
100 138 182
101 211 303
106 145 173
109 141 151
111 288 294
113 123 196
115 187 255
117 258 293
122 177 283
125 224 230
126 171 270
127 225 315
129 217 266
130 146 310
132 174 316
133 261 277
135 205 317
136 155 315
139 241 308
78 147 191
149 249 271
152 253 292
154 161 189
158 197 211
90 164 275
165 232 290
170 248 311
117 178 207
132 179 238
190 266 305
192 265 306
193 226 314
59 204 242
209 297 313
8 220 244
223 228 256
55 237 279
189 252 289
205 274 312
77 291 320
1 2 32
3 48 195
4 37 97
5 92 165
6 151 177
7 120 251
9 19 21
10 198 289
11 175 220
12 29 248
13 142 316
14 64 107
15 122 238
16 276 283
17 106 270
18 102 126
20 101 171
22 216 225
23 183 308
24 279 303
25 88 163
26 82 116
27 124 292
28 52 118
30 127 242
31 150 285
33 69 259
34 123 254
35 96 237
36 112 305
38 56 115
39 93 207
40 54 62
41 76 297
42 185 294
43 81 281
44 67 267
45 173 227
46 125 223
47 186 218
49 156 252
50 113 236
51 72 144
53 83 161
57 68 256
58 196 288
60 239 275
61 240 280
63 143 219
65 148 194
66 231 284
70 162 234
71 140 141
73 180 185
74 217 309
75 226 228
79 244 287
80 128 286
84 130 159
85 249 314
86 209 258
87 172 313
89 169 188
91 282 320
94 104 262
95 257 278
98 192 206
99 103 158
100 174 314
105 263 317
108 221 296
109 190 272
110 114 290
111 264 277
119 153 241
121 145 261
82 129 181
131 229 246
133 298 307
134 166 304
135 171 215
136 299 300
137 147 222
138 212 255
139 184 208
146 164 243
93 149 260
152 168 295
154 233 306
155 179 273
157 222 311
50 160 176
167 203 245
170 200 214
178 197 318
182 235 284
127 187 310
191 260 302
193 232 268
199 216 250
201 265 293
174 202 253
184 204 274
210 224 269
43 213 291
31 230 271
57 247 319
30 255 301
1 81 94
2 23 38
3 137 167
4 35 140
5 67 130
6 113 154
7 250 279
8 269 295
9 277 306
10 101 142
11 155 236
12 14 177
13 63 228
15 58 59
16 70 96
17 135 253
18 211 212
19 125 274
20 28 187
21 237 257
22 74 256
24 83 294
25 37 291
26 133 274
27 176 215
29 118 234
32 61 308
33 178 283
34 52 69
36 88 131
39 158 182
40 108 150
41 45 117
42 207 241
44 163 312
46 114 238
47 136 242
48 209 259
49 85 170
51 233 266
53 89 149
54 201 300
55 97 129
56 126 316
60 73 102
62 98 319
64 92 258
65 78 162
66 124 224
68 104 276
71 265 305
72 229 292
75 93 153
76 152 194
77 263 313
79 217 240
80 197 301
84 110 116
86 280 318
87 218 226
90 128 252
91 159 290
95 264 275
99 225 249
100 189 282
103 121 270
105 199 320
106 165 251
107 293 311
109 186 210
111 145 205
112 166 172
115 267 317
119 190 285
81 120 196
122 262 297
123 303 315
132 168 227
134 169 286
138 175 278
139 180 271
141 188 233
143 296 310
144 219 289
146 181 309
147 202 214
148 273 298
151 245 307
156 161 204
157 164 261
160 203 239
173 220 254
179 192 288
183 235 248
191 208 213
193 243 304
195 230 231
198 247 268
200 206 287
218 221 299
223 272 281
232 244 302
70 106 246
1 165 300
2 10 226
3 289 303
4 164 250
5 211 307
6 16 221
7 101 314
8 231 292
9 96 116
11 33 319
12 23 55
13 30 117
14 130 197
15 43 205
17 136 247
18 192 232
19 111 151
20 146 186
21 46 126
22 190 193
24 25 75
26 176 268
27 99 161
28 217 246
29 59 230
31 267 294
32 68 261
34 214 298
35 228 258
36 183 257
37 118 206
38 45 124
39 127 203
40 57 119
41 139 272
42 140 318
44 141 244
47 48 152
49 78 188
50 156 286
51 122 288
52 175 213
53 198 215
54 191 194
56 104 210
58 76 248
60 273 295
61 100 200
62 167 305
63 97 225
64 103 155
65 174 219
66 184 310
67 245 259
69 98 121
71 79 270
72 162 241
73 269 297
74 185 299
77 83 163
80 132 207
82 262 315
84 223 312
85 189 264
86 196 212
87 102 208
88 153 177
89 202 284
90 114 291
91 95 108
92 137 243
94 168 182
105 157 236
107 171 249
109 129 317
110 222 235
112 160 283
113 195 260
115 144 279
120 159 209
123 169 240
125 154 170
128 143 256
131 133 234
134 149 320
135 278 302
138 180 239
142 263 287
145 172 293
147 166 204
148 220 280
150 187 309
158 238 266
173 181 313
178 282 296
179 224 253
199 285 301
201 251 316
216 304 308
227 271 290
229 275 311
237 255 265
242 252 254
276 277 281
63 306 309
1 135 190
2 134 259
3 50 184
4 267 280
5 152 222
6 11 61
7 206 231
8 69 78
9 223 255
10 19 62
12 127 263
13 109 314
14 117 203
15 54 315
16 64 82
17 154 157
18 20 180
21 49 130
22 139 189
23 147 232
24 166 195
25 104 162
26 58 210
27 201 278
28 155 245
29 291 308
30 105 122
31 57 197
32 217 301
33 40 163
34 99 100
35 93 205
36 226 317
37 87 175
38 106 188
39 261 283
41 121 282
42 209 279
43 160 170
44 171 281
45 97 310
46 211 250
47 128 243
48 83 247
51 254 316
52 90 260
53 88 272
55 123 273
56 268 312
59 67 176
60 244 252
65 86 305
66 72 285
68 141 290
70 143 300
71 185 311
73 131 230
74 81 84
75 173 277
76 218 298
77 118 271
79 111 168
80 140 234
85 124 296
89 156 179
91 229 286
92 181 319
94 213 313
95 101 288
96 125 194
98 248 307
102 246 276
103 242 293
107 116 220
108 219 284
110 138 193
112 159 192
113 119 274
114 148 236
115 275 306
120 183 289
126 204 225
129 208 320
132 169 191
133 142 318
136 164 287
137 200 249
144 149 178
145 221 262
146 214 294
150 270 302
151 158 196
153 198 304
161 165 199
167 177 258
172 266 269
174 256 297
182 187 224
186 233 240
202 264 299
207 239 257
212 215 295
216 228 238
188 227 241
105 235 292
25 237 252
218 251 253
247 265 303
1 19 291
2 269 284
3 58 207
4 81 109
5 7 62
6 30 149
8 113 246
9 171 224
10 231 233
11 141 174
12 212 221
13 121 213
14 243 271
15 42 163
16 53 263
17 156 232
18 119 128
20 279 312
21 43 167
22 27 64
23 176 298
24 131 301
26 83 187
28 88 97
29 152 169
31 49 145
32 44 225
33 148 297
34 268 293
35 168 202
36 126 206
37 160 196
38 172 286
39 183 230
40 101 280
41 66 115
45 47 158
46 227 299
48 72 133
50 220 285
51 276 313
52 107 287
54 185 292
55 65 154
56 110 266
57 117 134
59 275 318
60 67 200
61 91 92
63 182 320
68 95 240
69 289 294
70 120 302
71 137 239
73 85 303
74 235 237
75 100 272
76 90 159
77 162 250
78 114 201
79 278 315
80 103 314
1 108 216 324 431 539 647 750 855 963
2 109 217 325 432 539 648 751 856 964
3 110 218 326 433 540 649 752 857 965
4 111 219 327 434 541 650 753 858 966
5 112 220 328 435 542 651 754 859 967
6 113 221 329 436 543 652 755 860 968
7 114 222 330 437 544 653 756 861 967
8 115 223 298 438 533 654 757 862 969
9 116 224 331 439 545 655 758 863 970
10 117 225 332 440 546 656 751 864 971
11 118 226 333 398 547 657 759 860 972
12 119 227 334 441 548 658 760 865 973
13 120 228 335 442 549 659 761 866 974
14 121 229 336 443 550 658 762 867 975
9 112 230 337 444 551 660 763 868 976
15 122 231 338 445 552 661 755 869 977
16 123 232 339 446 553 662 764 870 978
17 124 233 340 447 554 663 765 871 979
18 125 234 341 448 545 664 766 864 963
19 126 235 342 449 555 665 767 871 980
20 127 227 343 450 545 666 768 872 981
8 128 236 344 451 556 667 769 873 982
21 129 237 330 452 557 648 760 874 983
22 130 238 345 453 558 668 770 875 984
16 131 239 346 454 559 669 770 876 960
23 117 240 347 455 560 670 771 877 985
24 132 241 348 456 561 671 772 878 982
25 133 242 349 457 562 665 773 879 986
4 134 243 350 458 548 672 774 880 987
26 135 244 351 459 563 646 761 881 968
27 120 245 352 432 564 644 775 882 988
28 136 246 353 445 539 673 776 883 989
29 137 247 312 460 565 674 759 884 990
27 127 248 291 461 566 675 777 885 991
30 138 249 332 462 567 650 778 886 992
31 108 250 354 463 568 676 779 887 993
6 139 251 355 464 541 669 780 888 994
32 140 252 345 465 569 648 781 889 995
19 128 253 325 466 570 677 782 890 996
33 141 254 356 467 571 678 783 884 997
34 122 255 357 466 572 679 784 891 998
35 142 242 347 451 573 680 785 892 976
36 143 256 358 449 574 643 763 893 981
37 113 257 345 468 575 681 786 894 989
38 144 258 354 461 576 679 781 895 999
39 133 254 359 468 577 682 768 896 1000
40 145 259 360 469 578 683 787 897 999
41 113 260 361 470 540 684 787 898 1001
42 146 261 362 471 579 685 788 872 988
14 147 262 363 472 580 630 789 857 1002
43 148 235 364 473 581 686 790 899 1003
44 149 263 327 474 562 675 791 900 1004
45 150 237 365 458 582 687 792 901 977
46 151 264 366 475 571 688 793 868 1005
8 120 265 367 476 535 689 760 902 1006
47 152 266 368 457 569 690 794 903 1007
48 153 267 369 433 583 645 783 882 1008
7 154 268 370 454 584 660 795 877 965
49 155 269 371 477 531 660 774 904 1009
30 156 270 372 432 585 691 796 905 1010
50 157 255 373 478 586 673 797 860 1011
44 158 269 361 479 571 692 798 864 967
49 115 222 374 480 587 659 799 854 1012
51 159 271 375 461 550 693 800 869 982
52 160 272 351 481 588 694 801 906 1006
53 137 244 376 468 589 695 802 907 998
54 161 248 342 467 575 651 803 904 1010
55 123 273 377 447 583 696 776 908 1013
56 124 229 378 482 565 675 804 862 1014
24 112 245 363 470 590 661 749 909 1015
57 141 227 379 483 591 697 805 910 1016
54 152 234 380 484 581 698 806 907 1001
9 162 219 381 485 592 691 807 911 1017
58 163 260 317 482 593 667 808 912 1018
48 164 223 381 486 594 699 770 913 1019
10 165 274 382 487 572 700 795 914 1020
59 154 262 383 479 538 701 809 915 1021
60 166 275 349 444 518 694 788 862 1022
7 167 276 378 488 595 702 805 916 1023
61 168 277 361 438 596 703 810 917 1024
52 169 247 339 489 574 647 721 912 966
49 119 278 384 460 560 615 811 869 0
62 170 256 385 490 582 668 809 898 985
63 171 238 386 491 597 704 812 912 0
6 123 278 367 492 598 685 813 918 1017
5 125 279 387 482 599 705 814 906 0
64 172 280 388 493 600 706 815 888 0
20 172 217 376 433 559 676 816 901 986
34 173 257 346 494 601 687 817 919 0
65 119 281 387 495 523 707 818 900 1020
52 153 282 389 443 602 708 819 920 1011
20 174 283 385 488 542 693 820 921 1011
66 121 254 390 469 570 625 699 886 0
33 175 284 391 496 603 647 821 922 0
67 151 285 349 464 604 709 819 923 1013
68 176 282 344 497 567 661 758 924 0
69 177 286 364 498 541 689 799 895 986
70 172 230 392 481 605 692 804 925 0
36 178 287 393 463 606 710 772 885 0
71 179 218 366 499 607 711 797 885 1019
72 180 265 394 500 555 656 756 923 997
37 181 236 383 448 554 691 815 926 0
22 182 288 395 403 606 712 800 927 1024
68 110 289 396 485 603 696 794 876 0
73 157 268 391 465 608 713 822 881 959
62 118 225 359 501 553 714 749 889 0
74 134 277 341 489 550 715 823 928 1004
3 183 263 397 491 609 678 819 929 0
62 183 290 325 502 610 716 824 866 966
75 156 223 398 475 611 704 825 930 1007
17 139 291 348 503 612 717 766 916 0
76 161 292 369 444 568 718 826 931 0
77 184 252 396 504 580 652 827 932 969
26 185 271 399 452 611 682 818 933 1022
71 174 293 336 505 569 719 828 934 998
53 186 246 400 479 560 704 758 928 0
42 184 264 331 506 526 679 761 867 1008
78 187 294 391 440 562 672 780 915 0
79 188 243 400 430 613 720 783 932 979
80 127 295 401 475 544 721 829 935 1015
77 117 295 371 491 614 712 804 891 974
51 189 296 402 507 551 722 790 881 0
1 190 267 403 504 566 723 830 902 0
81 126 231 404 489 561 695 781 918 0
82 191 280 321 508 577 664 831 924 0
60 192 268 375 509 554 690 768 936 993
27 193 226 405 510 563 635 782 865 0
46 194 250 373 455 596 707 832 897 979
83 193 261 395 511 615 689 824 937 0
21 189 225 406 512 597 651 762 872 0
84 185 215 407 467 616 676 833 911 984
67 137 297 396 513 527 724 810 938 0
60 132 263 408 514 617 670 833 939 1001
71 125 298 364 454 618 725 834 856 1008
48 195 299 402 515 619 662 835 855 0
32 142 296 409 516 620 683 764 940 0
16 196 274 324 474 621 649 820 941 1016
38 197 261 410 499 622 726 836 930 0
76 171 284 411 517 623 727 784 873 0
14 116 278 357 431 591 650 785 917 0
85 159 280 381 502 591 728 786 908 972
79 108 283 390 436 549 656 837 939 0
11 191 279 327 476 587 729 832 909 0
67 196 226 412 493 581 730 828 942 0
44 142 300 336 501 614 717 838 943 988
80 198 262 392 512 624 731 767 944 0
77 128 301 413 518 621 732 839 874 0
86 197 285 414 453 588 733 840 933 990
87 155 302 415 519 625 687 834 942 968
26 179 303 388 431 564 678 841 945 0
88 166 304 382 502 543 734 766 946 0
18 140 233 388 520 626 700 787 859 987
86 190 290 370 470 613 699 816 947 0
53 161 305 416 521 627 652 831 870 1006
89 162 253 401 516 628 657 800 879 0
90 199 260 417 481 579 735 789 919 978
31 167 245 360 498 629 736 822 870 0
70 151 257 332 522 606 677 842 946 999
91 200 306 404 493 597 708 829 931 1020
73 162 307 353 441 630 737 826 893 994
66 169 304 387 521 582 735 772 948 0
58 145 293 398 483 590 694 806 876 1021
13 201 308 350 497 559 681 809 884 976
34 152 299 405 523 624 736 753 940 0
40 201 309 397 524 542 714 750 948 0
81 198 310 373 399 618 718 839 875 0
79 140 275 418 460 631 649 798 949 981
36 131 311 408 471 626 724 821 916 992
88 135 224 356 456 601 725 830 938 987
22 180 312 365 525 632 685 831 893 0
92 202 297 410 509 555 619 823 894 970
55 107 313 401 490 600 718 838 950 995
65 110 216 355 501 576 738 843 913 0
80 111 294 362 513 607 640 801 951 972
72 203 314 419 450 547 726 791 888 0
13 173 300 420 450 630 671 771 904 983
93 187 315 366 507 543 658 816 949 0
63 204 281 419 526 633 674 844 942 0
15 204 286 383 527 628 739 845 919 0
1 173 306 421 438 592 727 836 871 0
94 199 248 382 465 615 731 843 921 0
95 205 270 323 499 634 677 821 952 1012
94 131 281 337 443 557 740 779 935 996
61 195 239 360 462 623 641 802 857 0
96 178 217 422 487 573 592 808 910 1005
91 185 236 353 471 578 716 767 953 0
37 111 287 415 505 635 665 841 952 985
97 163 289 423 477 601 728 788 889 958
98 130 311 392 521 536 711 813 873 0
99 205 314 389 528 610 720 769 855 0
41 206 276 405 518 636 741 793 938 0
88 195 258 415 529 605 739 765 931 0
45 200 214 337 530 637 742 769 930 0
95 155 288 385 472 588 700 793 924 0
64 156 300 424 449 540 743 827 875 0
45 141 255 425 504 584 721 814 946 994
47 202 222 348 522 633 703 762 882 0
74 167 244 386 451 546 744 792 947 0
63 109 316 399 464 638 713 846 948 0
83 158 213 402 442 632 745 797 941 1010
54 207 240 365 446 639 688 847 878 1022
28 208 308 370 495 640 732 817 954 992
97 200 294 367 488 631 737 782 867 0
96 209 229 333 531 641 735 839 936 0
100 179 301 374 515 537 717 763 886 0
81 186 273 352 483 605 745 780 861 993
4 189 273 414 526 570 680 810 955 965
65 210 253 426 459 623 741 815 937 0
99 149 250 427 532 599 684 829 892 0
72 124 310 324 480 642 716 794 877 0
73 193 303 339 500 522 663 754 896 0
35 198 309 412 477 622 663 814 956 973
12 194 317 428 453 643 741 791 922 974
78 114 316 426 486 632 732 777 944 0
3 186 318 429 496 619 671 792 956 0
101 148 313 315 494 556 638 848 957 0
93 204 249 369 511 593 702 773 883 0
47 160 219 425 442 578 706 746 914 961
19 211 239 403 427 587 730 801 929 0
55 133 220 393 533 547 738 840 928 1002
70 203 235 400 486 609 746 755 943 973
23 192 221 419 485 621 629 825 859 0
61 129 291 429 534 577 747 812 863 0
10 153 276 420 508 642 695 845 952 970
86 116 240 424 510 556 710 799 936 989
42 209 241 416 530 594 706 751 887 0
102 169 318 374 439 576 724 849 958 1000
38 136 319 341 534 594 659 778 957 0
100 209 286 377 421 616 698 850 920 0
103 212 264 338 508 644 743 774 911 996
101 194 266 333 439 589 743 757 861 971
101 165 277 384 524 637 748 765 874 978
87 197 231 328 474 627 686 728 953 971
104 181 274 368 490 590 672 833 917 0
89 150 275 352 473 634 740 825 959 1018
83 176 320 340 487 580 657 822 933 0
50 188 259 297 535 567 666 851 960 1018
17 183 272 380 527 551 682 842 957 0
24 130 315 321 484 585 737 836 955 1016
102 210 321 406 417 586 702 830 953 1013
103 199 319 413 517 613 680 806 958 0
93 150 319 358 531 563 683 852 927 0
15 166 265 424 496 624 742 820 897 975
94 182 243 412 533 595 748 786 905 0
104 191 316 421 428 631 734 803 879 0
74 203 307 326 492 616 749 773 926 969
98 126 320 371 476 645 744 764 898 962
2 168 242 331 525 548 740 795 925 0
21 201 292 428 519 598 710 823 941 0
23 213 298 418 459 638 653 753 896 1021
68 168 302 408 430 544 714 847 961 0
105 144 221 368 536 579 707 852 905 960
50 148 269 414 520 640 662 845 961 0
41 109 322 394 497 566 738 852 899 0
29 192 313 427 505 622 646 851 863 0
32 196 323 334 534 583 667 832 951 0
106 177 271 422 435 604 666 779 955 0
59 165 251 379 506 599 693 778 949 0
66 212 307 410 494 565 684 803 856 0
43 171 228 362 447 625 636 827 900 0
82 214 258 394 514 614 736 776 890 0
105 212 290 393 452 603 722 811 943 0
30 146 247 397 457 608 701 837 865 977
29 175 306 363 437 612 709 813 954 0
84 139 270 413 529 639 697 851 962 0
106 147 318 409 511 528 686 842 950 1007
107 214 272 411 455 575 719 775 858 0
96 157 292 355 448 637 744 771 903 991
97 143 234 375 462 642 654 807 950 964
46 147 237 344 509 553 712 805 945 0
57 211 241 347 519 644 727 849 915 975
12 135 320 372 437 610 747 784 901 1019
33 134 301 329 435 628 733 796 902 0
89 208 251 423 537 641 664 670 932 0
76 159 232 430 523 585 709 850 934 1009
90 170 303 420 469 552 696 853 926 1003
39 177 288 335 514 612 655 853 913 0
98 215 293 350 478 604 726 835 878 1023
51 146 216 356 535 558 653 828 892 980
106 206 211 372 492 586 705 840 858 997
84 190 279 409 440 574 747 853 894 0
64 163 246 330 434 602 711 844 891 0
18 206 309 407 507 552 674 826 890 0
91 158 304 343 498 589 634 817 929 964
35 164 256 329 495 564 720 846 907 1002
56 187 305 335 466 596 725 789 920 995
107 184 308 422 480 595 745 837 940 1004
104 121 289 395 503 584 739 790 923 0
40 205 224 377 536 546 730 752 935 1014
69 114 252 358 524 611 708 849 908 0
90 138 220 386 538 643 669 818 880 963
105 174 249 426 520 561 698 757 959 1005
87 175 233 389 506 639 715 838 927 991
75 188 322 328 503 573 668 775 944 1014
57 170 312 354 434 626 654 796 956 0
95 178 299 417 458 609 729 844 918 0
75 207 311 326 532 572 722 807 951 990
103 115 296 376 478 617 733 777 914 983
59 182 218 411 456 620 746 808 954 1000
85 213 287 378 429 620 688 750 909 0
69 176 230 390 446 646 703 846 883 984
82 154 323 342 436 636 748 835 945 1015
31 208 302 380 500 558 723 752 962 1017
100 160 322 334 463 618 742 848 947 0
25 136 295 346 528 568 697 798 906 0
28 118 238 425 529 627 655 854 934 0
102 143 228 379 445 617 734 754 925 0
56 164 285 343 517 557 673 848 880 0
92 149 284 418 484 593 731 841 854 0
58 132 267 384 512 635 729 802 895 0
11 122 283 351 525 629 715 850 910 0
78 145 232 338 472 537 681 812 903 980
2 202 215 423 532 600 701 843 922 1003
25 210 259 340 530 598 607 756 866 1024
92 138 310 416 510 516 723 811 868 1023
5 129 314 357 513 549 690 847 899 0
39 207 317 404 515 608 719 824 887 0
43 144 282 359 441 633 705 785 939 1009
99 181 305 406 473 645 692 759 921 0
85 180 266 407 538 602 713 834 937 1012
